    P+   P-        C+   C-  Normalised_Error  Observed_Rho  Calculated_Rho  Original_Weight  Final_Weight    C
    1    4         2    3       -0.58996         64.158         63.405         0.49998E+02    0.49998E+02    0
    2    5         3    4       -0.22417        226.115        225.103         0.50000E+02    0.50000E+02    0
    3    6         4    5        0.01752         82.981         83.010         0.49999E+02    0.49999E+02    0
    4    7         5    6       -0.07954         51.764         51.682         0.49998E+02    0.49998E+02    0
    5    8         6    7        0.01311         43.547         43.559         0.49997E+02    0.49997E+02    0
    6    9         7    8       -0.52127         52.823         52.276         0.49998E+02    0.49998E+02    0
    7   10         8    9       -0.13452         53.183         53.040         0.49998E+02    0.49998E+02    0
    8   11         9   10        0.30874         38.847         39.088         0.49996E+02    0.49996E+02    0
    9   12        10   11       -0.51172         70.057         69.344         0.49999E+02    0.49999E+02    0
   10   13        11   12       -0.21949         41.612         41.429         0.49996E+02    0.49996E+02    0
   11   14        12   13       -0.23441         57.456         57.187         0.49998E+02    0.49998E+02    0
   12   15        13   14       -0.57524         56.895         56.244         0.49998E+02    0.49998E+02    0
   13   16        14   15       -0.03039         56.481         56.446         0.49998E+02    0.49998E+02    0
   14   17        15   16        0.40562         52.106         52.530         0.49998E+02    0.49998E+02    0
   15   18        16   17       -0.11943         65.970         65.813         0.49999E+02    0.49999E+02    0
   16   19        17   18       -0.18399         58.886         58.670         0.49998E+02    0.49998E+02    0
   17   20        18   19       -0.32399         50.014         49.691         0.49998E+02    0.49998E+02    0
   18   21        19   20       -0.26301         71.778         71.402         0.49999E+02    0.49999E+02    0
   19   22        20   21       -0.23327         39.070         38.888         0.49996E+02    0.49996E+02    0
   20   23        21   22       -0.36613         63.241         62.780         0.49998E+02    0.49998E+02    0
   21   24        22   23       -0.09039         52.996         52.901         0.49998E+02    0.49998E+02    0
   22   25        23   24       -0.20213         49.743         49.543         0.49997E+02    0.49997E+02    0
   23   26        24   25       -0.35896         53.188         52.808         0.49998E+02    0.49998E+02    0
   24   27        25   26       -0.39520         47.097         46.726         0.49997E+02    0.49997E+02    0
   25   28        26   27        0.17692         58.608         58.816         0.49998E+02    0.49998E+02    0
   26   29        27   28        0.28003         38.590         38.807         0.49996E+02    0.49996E+02    0
   27   30        28   29       -0.28620         57.650         57.321         0.49998E+02    0.49998E+02    0
   28   31        29   30       -0.71981         54.481         53.702         0.49998E+02    0.49998E+02    0
   29   32        30   31       -0.02411         49.318         49.294         0.49997E+02    0.49997E+02    0
   30   33        31   32        0.21577         49.555         49.770         0.49997E+02    0.49997E+02    0
   31   34        32   33       -0.35075         72.574         72.066         0.49999E+02    0.49999E+02    0
   32   35        33   34       -0.13827         62.513         62.341         0.49998E+02    0.49998E+02    0
   33   36        34   35       -0.09483         84.900         84.739         0.49999E+02    0.49999E+02    0
   34   37        35   36       -0.16520         93.445         93.137         0.49999E+02    0.49999E+02    0
   35   38        36   37       -0.39331        157.116        155.885         0.50000E+02    0.50000E+02    0
   36   39        37   38       -0.51632        103.708        102.643         0.49999E+02    0.49999E+02    0
   37   40        38   39       -0.99025        222.526        218.162         0.50000E+02    0.50000E+02    0
   38   41        39   40       -0.55811        181.570        179.555         0.50000E+02    0.50000E+02    0
   39   42        40   41       -0.79007        305.312        300.526         0.50000E+02    0.50000E+02    0
   40   43        41   42       -0.94298        253.593        248.855         0.50000E+02    0.50000E+02    0
   41   44        42   43       -0.71015        269.784        265.979         0.50000E+02    0.50000E+02    0
   42   45        43   44       -1.47940        315.938        305.880         0.50000E+02    0.45728E+02    1
   43   46        44   45       -0.07138        194.756        194.478         0.50000E+02    0.50000E+02    0
   44   47        45   46        0.62574        251.452        254.619         0.50000E+02    0.50000E+02    0
   45   48        46   47       -1.95576        205.621        192.139         0.50000E+02    0.28840E+02    1
   46   49        47   48       -0.01004        118.869        118.845         0.50000E+02    0.50000E+02    0
   47   50        48   49       -0.01837        225.393        225.310         0.50000E+02    0.50000E+02    0
   48   51        49   50        1.39917         80.909         83.774         0.49999E+02    0.40208E+02    1
   49   52        50   51       -1.90715        117.280        109.089         0.50000E+02    0.26340E+02    1
   50   53        51   52        1.48857         62.871         64.964         0.49998E+02    0.45446E+02    1
   51   54        52   53       -0.59055         53.112         52.488         0.49998E+02    0.49998E+02    0
   52   55        53   54        4.74254         11.099         44.235         0.49949E+02    0.34300E+01    1
   55   58        56   57       -1.83567         77.937         72.539         0.49999E+02    0.25574E+02    1
   56   59        57   58        0.14542         40.080         40.205         0.49996E+02    0.46792E+02    1
   57   60        58   59       -1.22666         53.381         52.087         0.49998E+02    0.49998E+02    0
   58   61        59   60        0.20612         71.887         72.184         0.49999E+02    0.49999E+02    0
   59   62        60   61       -1.50874         89.482         86.365         0.49999E+02    0.42558E+02    1
   60   63        61   62       -0.33933         61.786         61.368         0.49998E+02    0.49998E+02    0
   61   64        62   63       -1.19579        108.945        105.699         0.49999E+02    0.39525E+02    1
    1    7         3    5        0.37218         15.060         15.173         0.49972E+02    0.49972E+02    0
    2    8         4    6        0.81421         22.446         22.815         0.49988E+02    0.49988E+02    0
    3    9         5    7        0.10445         11.592         11.616         0.49954E+02    0.49954E+02    0
    4   10         6    8        0.23795         12.124         12.182         0.49958E+02    0.49958E+02    0
    5   11         7    9       -0.19026         15.236         15.178         0.49973E+02    0.49973E+02    0
    6   12         8   10       -0.28047         15.238         15.153         0.49973E+02    0.49973E+02    0
    7   13         9   11       -0.08875         15.237         15.210         0.49973E+02    0.49973E+02    0
    8   14        10   12        0.54882         12.814         12.956         0.49962E+02    0.49962E+02    0
    9   15        11   13       -0.17831         13.889         13.840         0.49968E+02    0.49968E+02    0
   10   16        12   14        0.88860         16.795         17.096         0.49978E+02    0.49978E+02    0
   11   17        13   15        0.25260         18.968         19.064         0.49983E+02    0.49983E+02    0
   12   18        14   16        0.02180         15.124         15.130         0.49973E+02    0.49973E+02    0
   13   19        15   17        0.06872         17.731         17.755         0.49980E+02    0.49980E+02    0
   14   20        16   18       -0.12356         19.023         18.976         0.49983E+02    0.49983E+02    0
   15   21        17   19       -0.19920         18.346         18.273         0.49981E+02    0.49981E+02    0
   16   22        18   20        0.26258         16.036         16.121         0.49976E+02    0.49976E+02    0
   17   23        19   21        0.09234         15.856         15.885         0.49975E+02    0.49975E+02    0
   18   24        20   22        0.29938         18.183         18.292         0.49981E+02    0.49981E+02    0
   19   25        21   23       -0.00807         20.105         20.102         0.49985E+02    0.49985E+02    0
   20   26        22   24        0.41197         15.167         15.293         0.49973E+02    0.49973E+02    0
   21   27        23   25        0.06863         10.657         10.672         0.49945E+02    0.49945E+02    0
   22   28        24   26       -0.11737         14.090         14.057         0.49969E+02    0.49969E+02    0
   23   29        25   27        0.75853         17.257         17.521         0.49979E+02    0.49979E+02    0
   24   30        26   28       -0.06640         14.648         14.629         0.49971E+02    0.49971E+02    0
   25   31        27   29        0.04105         12.393         12.404         0.49959E+02    0.49959E+02    0
   26   32        28   30       -0.01147         14.005         14.001         0.49968E+02    0.49968E+02    0
   27   33        29   31       -0.09525         14.420         14.392         0.49970E+02    0.49970E+02    0
   28   34        30   32       -0.30293         15.731         15.636         0.49975E+02    0.49975E+02    0
   29   35        31   33        0.02479         21.835         21.845         0.49987E+02    0.49987E+02    0
   30   36        32   34       -0.01279         21.882         21.876         0.49987E+02    0.49987E+02    0
   31   37        33   35       -0.11750         19.934         19.887         0.49984E+02    0.49984E+02    0
   32   38        34   36       -0.07599         31.211         31.164         0.49994E+02    0.49994E+02    0
   33   39        35   37        0.36434         43.266         43.582         0.49997E+02    0.49997E+02    0
   34   40        36   38        0.38121         41.027         41.341         0.49996E+02    0.49996E+02    0
   35   41        37   39        0.33344         47.523         47.841         0.49997E+02    0.49997E+02    0
   36   42        38   40        0.54463         74.288         75.101         0.49999E+02    0.49999E+02    0
   37   43        39   41        0.71190        115.602        117.260         0.50000E+02    0.50000E+02    0
   38   44        40   42        0.10740         97.344         97.553         0.49999E+02    0.49999E+02    0
   39   45        41   43        0.30835         91.084         91.647         0.49999E+02    0.49999E+02    0
   40   46        42   44        0.76539        108.122        109.789         0.49999E+02    0.49999E+02    0
   41   47        43   45       -0.26871        128.588        127.899         0.50000E+02    0.50000E+02    0
   42   48        44   46        0.33000        135.407        136.304         0.50000E+02    0.50000E+02    0
   43   49        45   47        0.63174         98.832        100.089         0.49999E+02    0.49999E+02    0
   44   50        46   48       -0.64301         77.323         76.335         0.49999E+02    0.49999E+02    0
   45   51        47   49        0.79009         73.846         75.022         0.49999E+02    0.49999E+02    0
   46   52        48   50       -0.94397         94.816         93.042         0.49999E+02    0.49999E+02    0
   47   53        49   51       -1.66275         54.083         50.984         0.49998E+02    0.28176E+02    1
   48   54        50   52        2.53515         33.402         38.118         0.49994E+02    0.19195E+02    1
   49   55        51   53       -2.38628         63.718         57.515         0.49998E+02    0.23299E+02    1
   50   56        52   54       -3.01699         68.588         47.620         0.49999E+02    0.82691E+01    1
   51   57        53   55        1.90693         12.903         13.858         0.49963E+02    0.26709E+02    1
   53   59        55   57       -2.49832         58.669         45.239         0.49998E+02    0.96108E+01    1
   54   60        56   58       -2.18581         54.098         45.796         0.49998E+02    0.13121E+02    1
   55   61        57   59        2.29546         13.343         15.658         0.49965E+02    0.14348E+02    1
   56   62        58   60       -0.16933         20.603         20.534         0.49985E+02    0.49985E+02    0
   57   63        59   61       -0.38418         34.496         34.201         0.49995E+02    0.44746E+02    1
   58   64        60   62       -0.81976         21.688         21.235         0.49987E+02    0.38868E+02    1
    1   10         4    7        0.11433          6.866          6.882         0.49868E+02    0.49868E+02    0
    2   11         5    8       -0.83652          8.043          7.909         0.49904E+02    0.49904E+02    0
    3   12         6    9        0.52741          8.215          8.303         0.49908E+02    0.49908E+02    0
    4   13         7   10        0.53750          7.827          7.912         0.49898E+02    0.49898E+02    0
    5   14         8   11       -1.48014          8.352          8.086         0.49911E+02    0.45624E+02    1
    6   15         9   12        0.01494          6.778          6.780         0.49865E+02    0.49865E+02    0
    7   16        10   13       -0.09285          7.034          7.021         0.49874E+02    0.49874E+02    0
    8   17        11   14       -0.82102          7.431          7.310         0.49887E+02    0.49887E+02    0
    9   18        12   15       -0.44501          9.031          8.951         0.49924E+02    0.49924E+02    0
   10   19        13   16        0.40141          9.229          9.303         0.49927E+02    0.49927E+02    0
   11   20        14   17        0.50064          9.858          9.957         0.49936E+02    0.49936E+02    0
   12   21        15   18        0.47436         10.226         10.324         0.49940E+02    0.49940E+02    0
   13   22        16   19        0.39582          8.845          8.915         0.49920E+02    0.49920E+02    0
   14   23        17   20        0.23856          8.600          8.642         0.49916E+02    0.49916E+02    0
   15   24        18   21        0.52467          8.088          8.173         0.49905E+02    0.49905E+02    0
   16   25        19   22       -0.17585          9.184          9.151         0.49926E+02    0.49926E+02    0
   17   26        20   23       -0.12743          8.964          8.941         0.49922E+02    0.49922E+02    0
   18   27        21   24        0.60626          8.719          8.825         0.49918E+02    0.49918E+02    0
   19   28        22   25        0.07029          7.158          7.169         0.49878E+02    0.49878E+02    0
   20   29        23   26       -0.43981          7.266          7.202         0.49882E+02    0.49882E+02    0
   21   30        24   27        0.10817          8.266          8.284         0.49909E+02    0.49909E+02    0
   22   31        25   28       -0.03280          8.812          8.806         0.49920E+02    0.49920E+02    0
   23   32        26   29       -0.80940          8.481          8.345         0.49913E+02    0.49913E+02    0
   24   33        27   30       -0.25312          6.930          6.895         0.49870E+02    0.49870E+02    0
   25   34        28   31        0.07847          7.429          7.441         0.49887E+02    0.49887E+02    0
   26   35        29   32       -0.55920          8.112          8.022         0.49905E+02    0.49905E+02    0
   27   36        30   33       -0.28042         10.364         10.306         0.49942E+02    0.49942E+02    0
   28   37        31   34        0.25285         10.645         10.699         0.49945E+02    0.49945E+02    0
   29   38        32   35       -0.48933         13.388         13.257         0.49965E+02    0.49965E+02    0
   30   39        33   36       -1.08772         15.883         15.541         0.49975E+02    0.49975E+02    0
   31   40        34   37        0.02631         20.910         20.921         0.49986E+02    0.49986E+02    0
   32   41        35   38        0.05248         19.304         19.324         0.49983E+02    0.49983E+02    0
   33   42        36   39       -0.69796         26.278         25.914         0.49991E+02    0.49991E+02    0
   34   43        37   40        0.48857         33.907         34.240         0.49995E+02    0.49995E+02    0
   35   44        38   41       -1.04091         45.956         45.009         0.49997E+02    0.49997E+02    0
   36   45        39   42       -0.05354         45.804         45.755         0.49997E+02    0.49997E+02    0
   37   46        40   43        0.02971         44.178         44.204         0.49997E+02    0.49997E+02    0
   38   47        41   44        0.27475         44.758         45.004         0.49997E+02    0.49997E+02    0
   39   48        42   45       -1.59099         53.068         51.082         0.49998E+02    0.41713E+02    1
   40   49        43   46        1.36694         52.170         53.631         0.49998E+02    0.49488E+02    1
   41   50        44   47       -0.33624         54.739         54.372         0.49998E+02    0.49998E+02    0
   42   51        45   48       -0.51571         44.682         44.223         0.49997E+02    0.49997E+02    0
   43   52        46   49       -1.42151         40.779         39.579         0.49996E+02    0.47587E+02    1
   44   53        47   50       -1.04431         39.918         39.093         0.49996E+02    0.49996E+02    0
   45   54        48   51        1.76353         38.971         40.805         0.49996E+02    0.38358E+02    1
   46   55        49   52       -1.68461         38.470         36.227         0.49996E+02    0.28041E+02    1
   47   56        50   53        2.25620         35.190         40.780         0.49995E+02    0.15303E+02    1
   48   57        51   54       -3.66339         42.481         23.997         0.49997E+02    0.64142E+01    1
   49   58        52   55        2.20537         14.143         16.151         0.49969E+02    0.16612E+02    1
   50   59        53   56        1.05431         10.096         10.528         0.49939E+02    0.25125E+02    1
   51   60        54   57        4.19492          5.445         13.021         0.49791E+02    0.48115E+01    1
   52   61        55   58       -2.34161         22.915         18.476         0.49988E+02    0.10874E+02    1
   53   62        56   59        2.37297         22.236         25.980         0.49987E+02    0.15252E+02    1
   54   63        57   60       -3.90007         32.535         16.954         0.49994E+02    0.59835E+01    1
   55   64        58   61        0.06208         11.191         11.208         0.49950E+02    0.40820E+02    1
    1   13         5    9        1.79328          5.289          5.561         0.49778E+02    0.35711E+02    1
    2   14         6   10       -2.79322          7.521          6.071         0.49890E+02    0.13036E+02    1
    3   15         7   11        0.57934          5.817          5.885         0.49816E+02    0.49816E+02    0
    4   16         8   12        0.31193          4.974          5.005         0.49749E+02    0.49749E+02    0
    5   17         9   13        0.24407          4.747          4.770         0.49725E+02    0.49725E+02    0
    6   18        10   14       -0.39566          5.151          5.111         0.49766E+02    0.49766E+02    0
    7   19        11   15       -0.01396          5.385          5.384         0.49786E+02    0.49786E+02    0
    8   20        12   16       -0.45644          6.006          5.951         0.49828E+02    0.49828E+02    0
    9   21        13   17       -0.00981          6.985          6.983         0.49872E+02    0.49872E+02    0
   10   22        14   18       -2.00365          7.044          6.636         0.49875E+02    0.33551E+02    1
   11   23        15   19        0.56794          6.240          6.312         0.49840E+02    0.49840E+02    0
   12   24        16   20       -0.88497          6.258          6.148         0.49841E+02    0.49841E+02    0
   13   25        17   21        0.30763          5.455          5.489         0.49791E+02    0.49791E+02    0
   14   26        18   22       -0.31092          5.598          5.563         0.49802E+02    0.49802E+02    0
   15   27        19   23       -0.04460          5.512          5.507         0.49796E+02    0.49796E+02    0
   16   28        20   24       -0.20890          5.308          5.285         0.49780E+02    0.49780E+02    0
   17   29        21   25        0.21243          5.874          5.899         0.49820E+02    0.49820E+02    0
   18   30        22   26       -1.55058          5.908          5.701         0.49822E+02    0.43474E+02    1
   19   31        23   27       -0.11998          5.959          5.945         0.49825E+02    0.49825E+02    0
   20   32        24   28       -0.72024          6.224          6.135         0.49839E+02    0.49839E+02    0
   21   33        25   29       -0.15129          5.841          5.823         0.49818E+02    0.49818E+02    0
   22   34        26   30       -0.12068          6.020          6.006         0.49828E+02    0.49828E+02    0
   23   35        27   31       -0.20447          5.574          5.552         0.49800E+02    0.49800E+02    0
   24   36        28   32       -0.19468          5.663          5.641         0.49806E+02    0.49806E+02    0
   25   37        29   33       -0.35526          6.503          6.457         0.49853E+02    0.49853E+02    0
   26   38        30   34        0.50714          7.529          7.606         0.49890E+02    0.49890E+02    0
   27   39        31   35       -1.39711          9.039          8.781         0.49924E+02    0.48348E+02    1
   28   40        32   36       -0.35537         10.611         10.536         0.49945E+02    0.49945E+02    0
   29   41        33   37        0.12685         11.646         11.676         0.49954E+02    0.49954E+02    0
   30   42        34   38       -0.13128         12.261         12.229         0.49958E+02    0.49958E+02    0
   31   43        35   39       -0.64570         15.828         15.625         0.49975E+02    0.49975E+02    0
   32   44        36   40       -0.69265         17.704         17.460         0.49980E+02    0.49980E+02    0
   33   45        37   41       -0.19958         23.370         23.277         0.49989E+02    0.49989E+02    0
   34   46        38   42        0.27741         22.308         22.433         0.49987E+02    0.49987E+02    0
   35   47        39   43       -1.08534         23.038         22.543         0.49988E+02    0.49988E+02    0
   36   48        40   44       -1.30359         30.180         29.403         0.49993E+02    0.49993E+02    0
   37   49        41   45       -0.15202         21.501         21.435         0.49986E+02    0.49986E+02    0
   38   50        42   46        0.10117         23.079         23.126         0.49988E+02    0.49988E+02    0
   39   51        43   47       -0.38554         22.555         22.382         0.49988E+02    0.49988E+02    0
   40   52        44   48       -1.97266         21.384         20.103         0.49986E+02    0.31936E+02    1
   41   53        45   49       -0.77458         25.767         25.371         0.49991E+02    0.49991E+02    0
   42   54        46   50        2.56558         18.574         21.307         0.49982E+02    0.18688E+02    1
   43   55        47   51       -1.97422         25.064         23.109         0.49990E+02    0.24318E+02    1
   44   56        48   52       -0.42584         29.778         29.526         0.49993E+02    0.49993E+02    0
   45   57        49   53        2.11825         16.941         19.646         0.49978E+02    0.14300E+02    1
   46   58        50   54       -2.86485         25.733         20.562         0.49991E+02    0.12770E+02    1
   47   59        51   55        2.44069         11.591         13.846         0.49954E+02    0.13729E+02    1
   48   60        52   56       -0.24567          9.599          9.552         0.49932E+02    0.49932E+02    0
   49   61        53   57       -1.13911         11.265         10.709         0.49951E+02    0.22512E+02    1
   50   62        54   58        3.77094          4.871          9.373         0.49739E+02    0.57609E+01    1
   51   63        55   59       -2.53741         14.489         11.617         0.49970E+02    0.11485E+02    1
   52   64        56   60       -1.51817         12.536         12.115         0.49960E+02    0.44525E+02    1
    1   16         6   11        0.31254          4.350          4.378         0.49673E+02    0.49673E+02    0
    2   17         7   12       -1.48462          4.512          4.367         0.49696E+02    0.45291E+02    1
    3   18         8   13        0.07511          3.868          3.873         0.49587E+02    0.49587E+02    0
    4   19         9   14       -0.01671          3.862          3.860         0.49586E+02    0.49586E+02    0
    5   20        10   15       -0.30378          4.197          4.172         0.49649E+02    0.49649E+02    0
    6   21        11   16       -0.04756          4.372          4.368         0.49676E+02    0.49676E+02    0
    7   22        12   17        0.33362          4.604          4.635         0.49708E+02    0.49708E+02    0
    8   23        13   18        0.44012          4.775          4.817         0.49728E+02    0.49728E+02    0
    9   24        14   19        0.41736          4.760          4.800         0.49726E+02    0.49726E+02    0
   10   25        15   20        0.47757          4.711          4.756         0.49721E+02    0.49721E+02    0
   11   26        16   21        0.17009          4.451          4.466         0.49687E+02    0.49687E+02    0
   12   27        17   22        0.09278          4.010          4.017         0.49616E+02    0.49616E+02    0
   13   28        18   23       -0.13093          3.975          3.965         0.49609E+02    0.49609E+02    0
   14   29        19   24       -0.20613          4.110          4.093         0.49634E+02    0.49634E+02    0
   15   30        20   25        0.12415          4.168          4.178         0.49644E+02    0.49644E+02    0
   16   31        21   26       -0.05104          4.645          4.640         0.49713E+02    0.49713E+02    0
   17   32        22   27       -0.26383          4.890          4.864         0.49741E+02    0.49741E+02    0
   18   33        23   28        0.20719          4.660          4.680         0.49715E+02    0.49715E+02    0
   19   34        24   29        0.12211          4.775          4.787         0.49728E+02    0.49728E+02    0
   20   35        25   30       -0.08434          4.994          4.986         0.49751E+02    0.49751E+02    0
   21   36        26   31       -0.14864          4.670          4.656         0.49716E+02    0.49716E+02    0
   22   37        27   32        0.07681          4.421          4.427         0.49683E+02    0.49683E+02    0
   23   38        28   33        0.04903          5.435          5.440         0.49790E+02    0.49790E+02    0
   24   39        29   34       -1.57512          5.966          5.751         0.49825E+02    0.42799E+02    1
   25   40        30   35        0.54059          6.182          6.249         0.49837E+02    0.49837E+02    0
   26   41        31   36        0.48447          6.816          6.883         0.49866E+02    0.49866E+02    0
   27   42        32   37        0.27130          8.358          8.403         0.49911E+02    0.49911E+02    0
   28   43        33   38        0.51128          8.313          8.399         0.49910E+02    0.49910E+02    0
   29   44        34   39       -0.70213          9.426          9.294         0.49930E+02    0.49930E+02    0
   30   45        35   40        0.70277         11.002         11.158         0.49948E+02    0.49948E+02    0
   31   46        36   41       -0.28302         12.931         12.858         0.49963E+02    0.49963E+02    0
   32   47        37   42        0.39379         12.843         12.945         0.49962E+02    0.49962E+02    0
   33   48        38   43       -0.98991         15.665         15.358         0.49975E+02    0.49975E+02    0
   34   49        39   44        0.04528         13.572         13.585         0.49966E+02    0.49966E+02    0
   35   50        40   45       -1.21307         13.013         12.701         0.49963E+02    0.49963E+02    0
   36   51        41   46       -0.24696         12.635         12.573         0.49961E+02    0.49961E+02    0
   37   52        42   47       -1.54036         12.763         12.323         0.49962E+02    0.43885E+02    1
   38   53        43   48       -0.61663         11.135         10.990         0.49950E+02    0.46857E+02    1
   39   54        44   49        2.86226          9.331         11.350         0.49928E+02    0.14607E+02    1
   40   55        45   50       -1.56067         14.338         13.769         0.49970E+02    0.38565E+02    1
   41   56        46   51       -0.99584         15.146         14.847         0.49973E+02    0.49973E+02    0
   42   57        47   52        1.38973         12.479         12.916         0.49960E+02    0.40401E+02    1
   43   58        48   53        1.61190         14.630         15.498         0.49971E+02    0.27972E+02    1
   44   59        49   54       -2.53462         15.779         13.530         0.49975E+02    0.16482E+02    1
   45   60        50   55        2.20387          9.316         10.131         0.49928E+02    0.26256E+02    1
   46   61        51   56        1.95077          8.564          9.110         0.49915E+02    0.31561E+02    1
   47   62        52   57       -0.63559          9.524          9.388         0.49931E+02    0.44224E+02    1
   48   63        53   58       -0.52260          7.752          7.636         0.49896E+02    0.34653E+02    1
   49   64        54   59        3.45742          4.054          6.149         0.49624E+02    0.82987E+01    1
    1   19         7   13        1.67323          3.072          3.204         0.49351E+02    0.39906E+02    1
    2   20         8   14       -1.81986          3.601          3.427         0.49525E+02    0.36820E+02    1
    3   21         9   15        1.40829          3.318          3.417         0.49442E+02    0.47501E+02    1
    4   22        10   16       -0.30386          3.369          3.348         0.49458E+02    0.49458E+02    0
    5   23        11   17       -0.26907          3.505          3.486         0.49499E+02    0.49499E+02    0
    6   24        12   18        0.22237          3.780          3.797         0.49568E+02    0.49568E+02    0
    7   25        13   19        0.32757          3.708          3.732         0.49551E+02    0.49551E+02    0
    8   26        14   20        0.09556          3.667          3.674         0.49542E+02    0.49542E+02    0
    9   27        15   21        0.04982          3.429          3.433         0.49477E+02    0.49477E+02    0
   10   28        16   22       -0.78674          3.620          3.563         0.49530E+02    0.49530E+02    0
   11   29        17   23        0.62280          3.492          3.536         0.49495E+02    0.49495E+02    0
   12   30        18   24       -0.20600          3.296          3.282         0.49434E+02    0.49434E+02    0
   13   31        19   25       -0.06270          3.376          3.372         0.49461E+02    0.49461E+02    0
   14   32        20   26       -0.12761          3.542          3.533         0.49509E+02    0.49509E+02    0
   15   33        21   27        0.09247          3.969          3.976         0.49608E+02    0.49608E+02    0
   16   34        22   28        0.03250          3.811          3.814         0.49575E+02    0.49575E+02    0
   17   35        23   29       -0.35709          3.916          3.888         0.49597E+02    0.49597E+02    0
   18   36        24   30        0.15247          4.052          4.065         0.49624E+02    0.49624E+02    0
   19   37        25   31        0.11482          3.991          4.000         0.49612E+02    0.49612E+02    0
   20   38        26   32       -0.02757          4.137          4.135         0.49639E+02    0.49639E+02    0
   21   39        27   33        0.18133          4.243          4.259         0.49656E+02    0.49656E+02    0
   22   40        28   34        0.08413          4.578          4.585         0.49704E+02    0.49704E+02    0
   23   41        29   35        0.59368          4.600          4.655         0.49707E+02    0.49707E+02    0
   24   42        30   36        0.74016          5.158          5.235         0.49767E+02    0.49767E+02    0
   25   43        31   37        0.40087          6.055          6.104         0.49830E+02    0.49830E+02    0
   26   44        32   38       -0.01334          5.792          5.791         0.49815E+02    0.49815E+02    0
   27   45        33   39        0.22107          6.510          6.539         0.49853E+02    0.49853E+02    0
   28   46        34   40        0.40452          7.000          7.057         0.49873E+02    0.49873E+02    0
   29   47        35   41       -0.76502          8.735          8.602         0.49918E+02    0.49918E+02    0
   30   48        36   42       -0.75904          9.697          9.550         0.49934E+02    0.49934E+02    0
   31   49        37   43       -0.27762          7.837          7.794         0.49899E+02    0.49899E+02    0
   32   50        38   44       -0.43444          8.830          8.753         0.49920E+02    0.49920E+02    0
   33   51        39   45       -0.53004          8.223          8.136         0.49908E+02    0.49908E+02    0
   34   52        40   46       -1.40308          8.727          8.476         0.49918E+02    0.48137E+02    1
   35   53        41   47        0.67913          7.550          7.653         0.49891E+02    0.49891E+02    0
   36   54        42   48        2.88528          5.704          7.122         0.49809E+02    0.12999E+02    1
   37   55        43   49       -1.47318          9.668          9.298         0.49933E+02    0.37781E+02    1
   38   56        44   50        0.04171          8.231          8.238         0.49908E+02    0.49908E+02    0
   39   57        45   51        1.04723          7.075          7.258         0.49876E+02    0.41001E+02    1
   40   58        46   52        0.18356          7.099          7.126         0.49876E+02    0.49876E+02    0
   41   59        47   53        1.78289          8.583          9.243         0.49915E+02    0.24080E+02    1
   42   60        48   54       -2.39660         11.564         10.059         0.49953E+02    0.17198E+02    1
   43   61        49   55        2.15745          6.360          6.923         0.49846E+02    0.25408E+02    1
   44   62        50   56        1.55273          6.949          7.201         0.49871E+02    0.43457E+02    1
   45   63        51   57       -0.16273          6.900          6.878         0.49869E+02    0.49869E+02    0
   46   64        52   58       -1.78565          6.812          6.498         0.49866E+02    0.37784E+02    1
    1   22         8   15        0.36674          2.684          2.704         0.49154E+02    0.49154E+02    0
    2   23         9   16        0.13061          2.845          2.853         0.49245E+02    0.49245E+02    0
    3   24        10   17       -0.63847          3.033          2.994         0.49334E+02    0.49334E+02    0
    4   25        11   18       -0.21586          3.016          3.003         0.49327E+02    0.49327E+02    0
    5   26        12   19       -0.47894          3.060          3.030         0.49345E+02    0.49345E+02    0
    6   27        13   20       -0.25172          2.976          2.961         0.49309E+02    0.49309E+02    0
    7   28        14   21        0.25231          2.873          2.888         0.49260E+02    0.49260E+02    0
    8   29        15   22        0.06704          3.037          3.041         0.49336E+02    0.49336E+02    0
    9   30        16   23       -0.04823          3.131          3.128         0.49374E+02    0.49374E+02    0
   10   31        17   24        0.38891          2.948          2.971         0.49296E+02    0.49296E+02    0
   11   32        18   25        0.11583          2.941          2.948         0.49293E+02    0.49293E+02    0
   12   33        19   26       -0.04220          2.942          2.939         0.49293E+02    0.49293E+02    0
   13   34        20   27        0.12131          3.114          3.122         0.49368E+02    0.49368E+02    0
   14   35        21   28       -0.00702          3.267          3.267         0.49425E+02    0.49425E+02    0
   15   36        22   29       -0.13252          3.168          3.160         0.49389E+02    0.49389E+02    0
   16   37        23   30       -0.03095          3.169          3.167         0.49389E+02    0.49389E+02    0
   17   38        24   31        0.09212          3.463          3.469         0.49487E+02    0.49487E+02    0
   18   39        25   32        0.04727          3.580          3.583         0.49519E+02    0.49519E+02    0
   19   40        26   33        0.10520          3.713          3.721         0.49553E+02    0.49553E+02    0
   20   41        27   34        0.59399          3.449          3.491         0.49483E+02    0.49483E+02    0
   21   42        28   35        0.46151          3.641          3.675         0.49535E+02    0.49535E+02    0
   22   43        29   36        0.79437          4.133          4.199         0.49638E+02    0.49638E+02    0
   23   44        30   37        0.04354          4.467          4.471         0.49690E+02    0.49690E+02    0
   24   45        31   38        0.47932          4.374          4.416         0.49676E+02    0.49676E+02    0
   25   46        32   39       -0.16158          4.604          4.589         0.49708E+02    0.49708E+02    0
   26   47        33   40        0.43039          5.044          5.088         0.49756E+02    0.49756E+02    0
   27   48        34   41       -0.85158          6.719          6.606         0.49862E+02    0.49862E+02    0
   28   49        35   42       -0.49711          5.778          5.721         0.49814E+02    0.49814E+02    0
   29   50        36   43       -0.73521          5.795          5.711         0.49815E+02    0.49815E+02    0
   30   51        37   44        0.04756          5.872          5.878         0.49820E+02    0.49820E+02    0
   31   52        38   45       -0.89355          5.964          5.858         0.49825E+02    0.49825E+02    0
   32   53        39   46        1.00303          5.940          6.061         0.49824E+02    0.49824E+02    0
   33   54        40   47        2.93562          4.569          5.797         0.49703E+02    0.12329E+02    1
   34   55        41   48       -1.62498          6.292          5.985         0.49843E+02    0.32447E+02    1
   35   56        42   49        0.28303          6.380          6.417         0.49847E+02    0.49847E+02    0
   36   57        43   50        1.21357          5.216          5.374         0.49772E+02    0.40645E+02    1
   37   58        44   51       -0.85421          5.201          5.112         0.49771E+02    0.49771E+02    0
   38   59        45   52        0.22118          4.962          4.984         0.49748E+02    0.49748E+02    0
   39   60        46   53        1.63023          4.934          5.178         0.49745E+02    0.33837E+02    1
   40   61        47   54       -2.48347          6.511          5.643         0.49853E+02    0.17354E+02    1
   41   62        48   55        1.86757          5.906          6.220         0.49822E+02    0.36095E+02    1
   42   63        49   56        1.45001          4.653          4.801         0.49714E+02    0.46388E+02    1
   43   64        50   57       -1.58114          5.120          4.900         0.49763E+02    0.36136E+02    1
    1   25         9   17       -0.65333          2.476          2.443         0.49011E+02    0.49011E+02    0
    2   26        10   18       -0.24574          2.671          2.658         0.49146E+02    0.49146E+02    0
    3   27        11   19        1.80481          2.339          2.457         0.48895E+02    0.36655E+02    1
    4   28        12   20       -0.48311          2.600          2.575         0.49100E+02    0.49100E+02    0
    5   29        13   21       -0.25724          2.612          2.598         0.49108E+02    0.49108E+02    0
    6   30        14   22       -0.06549          2.691          2.687         0.49158E+02    0.49158E+02    0
    7   31        15   23       -0.00986          2.705          2.704         0.49167E+02    0.49167E+02    0
    8   32        16   24       -0.08150          2.682          2.677         0.49153E+02    0.49153E+02    0
    9   33        17   25        0.08062          2.575          2.580         0.49083E+02    0.49083E+02    0
   10   34        18   26        0.19849          2.569          2.580         0.49079E+02    0.49079E+02    0
   11   35        19   27       -0.03069          2.787          2.786         0.49214E+02    0.49214E+02    0
   12   36        20   28       -0.05430          2.629          2.627         0.49120E+02    0.49120E+02    0
   13   37        21   29        0.17866          2.654          2.663         0.49135E+02    0.49135E+02    0
   14   38        22   30        0.26012          2.717          2.731         0.49174E+02    0.49174E+02    0
   15   39        23   31       -0.21137          2.784          2.773         0.49213E+02    0.49213E+02    0
   16   40        24   32        0.12989          2.865          2.873         0.49256E+02    0.49256E+02    0
   17   41        25   33       -0.06409          3.019          3.015         0.49328E+02    0.49328E+02    0
   18   42        26   34        0.51187          3.014          3.045         0.49326E+02    0.49326E+02    0
   19   43        27   35        0.50559          2.997          3.028         0.49318E+02    0.49318E+02    0
   20   44        28   36        0.30713          3.177          3.197         0.49392E+02    0.49392E+02    0
   21   45        29   37        0.20409          3.460          3.474         0.49486E+02    0.49486E+02    0
   22   46        30   38        0.39810          3.324          3.350         0.49444E+02    0.49444E+02    0
   23   47        31   39       -0.27529          3.665          3.644         0.49541E+02    0.49541E+02    0
   24   48        32   40       -0.15436          4.197          4.184         0.49649E+02    0.49649E+02    0
   25   49        33   41       -0.73223          4.232          4.170         0.49655E+02    0.49655E+02    0
   26   50        34   42       -0.78569          4.417          4.347         0.49683E+02    0.49683E+02    0
   27   51        35   43       -0.22005          4.421          4.401         0.49683E+02    0.49683E+02    0
   28   52        36   44       -0.16382          4.660          4.645         0.49715E+02    0.49715E+02    0
   29   53        37   45        0.77237          4.359          4.427         0.49674E+02    0.49674E+02    0
   30   54        38   46        2.86502          3.717          4.641         0.49554E+02    0.12901E+02    1
   31   55        39   47       -1.43063          5.416          5.225         0.49788E+02    0.39912E+02    1
   32   56        40   48       -0.57716          4.956          4.899         0.49747E+02    0.49747E+02    0
   33   57        41   49        1.13936          4.160          4.273         0.49643E+02    0.42512E+02    1
   34   58        42   50        0.27688          3.989          4.011         0.49612E+02    0.49612E+02    0
   35   59        43   51       -0.27910          4.066          4.043         0.49626E+02    0.49626E+02    0
   36   60        44   52       -1.42391          3.868          3.753         0.49587E+02    0.47118E+02    1
   37   61        45   53        1.54712          3.974          4.160         0.49609E+02    0.33739E+02    1
   38   62        46   54       -2.50076          4.720          4.076         0.49722E+02    0.17068E+02    1
   39   63        47   55        2.13197          3.228          3.594         0.49411E+02    0.19832E+02    1
   40   64        48   56        0.71082          3.612          3.664         0.49528E+02    0.49528E+02    0
    1   28        10   19       -0.92825          2.202          2.160         0.48759E+02    0.48759E+02    0
    2   29        11   20       -0.09363          2.335          2.331         0.48892E+02    0.48892E+02    0
    3   30        12   21       -0.33769          2.352          2.335         0.48907E+02    0.48907E+02    0
    4   31        13   22       -0.28019          2.437          2.423         0.48980E+02    0.48980E+02    0
    5   32        14   23       -0.18854          2.463          2.454         0.49001E+02    0.49001E+02    0
    6   33        15   24       -0.31665          2.368          2.353         0.48921E+02    0.48921E+02    0
    7   34        16   25        0.00496          2.328          2.328         0.48885E+02    0.48885E+02    0
    8   35        17   26       -0.34350          2.332          2.315         0.48889E+02    0.48889E+02    0
    9   36        18   27       -0.33276          2.375          2.359         0.48927E+02    0.48927E+02    0
   10   37        19   28        0.35466          2.280          2.297         0.48840E+02    0.48840E+02    0
   11   38        20   29        0.30107          2.332          2.347         0.48889E+02    0.48889E+02    0
   12   39        21   30        0.03120          2.364          2.366         0.48918E+02    0.48918E+02    0
   13   40        22   31        0.23995          2.271          2.282         0.48831E+02    0.48831E+02    0
   14   41        23   32       -0.08514          2.221          2.218         0.48780E+02    0.48780E+02    0
   15   42        24   33        0.12119          2.416          2.422         0.48962E+02    0.48962E+02    0
   16   43        25   34        0.41200          2.492          2.513         0.49023E+02    0.49023E+02    0
   17   44        26   35       -0.00614          2.489          2.489         0.49021E+02    0.49021E+02    0
   18   45        27   36        0.60665          2.558          2.590         0.49071E+02    0.49071E+02    0
   19   46        28   37        0.00763          2.691          2.692         0.49159E+02    0.49159E+02    0
   20   47        29   38        0.15088          2.700          2.709         0.49164E+02    0.49164E+02    0
   21   48        30   39       -0.56427          3.026          2.991         0.49331E+02    0.49331E+02    0
   22   49        31   40       -0.51796          3.058          3.026         0.49345E+02    0.49345E+02    0
   23   50        32   41       -0.66803          3.497          3.451         0.49497E+02    0.49497E+02    0
   24   51        33   42       -0.01030          3.409          3.408         0.49471E+02    0.49471E+02    0
   25   52        34   43       -0.20148          3.531          3.517         0.49506E+02    0.49506E+02    0
   26   53        35   44        0.91534          3.680          3.748         0.49545E+02    0.49545E+02    0
   27   54        36   45        2.71639          3.051          3.633         0.49342E+02    0.15569E+02    1
   28   55        37   46       -1.48834          4.422          4.259         0.49683E+02    0.39463E+02    1
   29   56        38   47       -0.05297          4.339          4.334         0.49671E+02    0.49671E+02    0
   30   57        39   48        0.92690          3.546          3.614         0.49510E+02    0.48309E+02    1
   31   58        40   49        0.15980          3.607          3.619         0.49527E+02    0.49527E+02    0
   32   59        41   50       -0.12436          3.363          3.355         0.49457E+02    0.49457E+02    0
   33   60        42   51       -1.46748          3.348          3.242         0.49452E+02    0.45594E+02    1
   34   61        43   52       -1.02990          3.223          3.157         0.49409E+02    0.49409E+02    0
   35   62        44   53        1.45205          3.170          3.296         0.49390E+02    0.37472E+02    1
   36   63        45   54       -2.57902          3.845          3.402         0.49583E+02    0.21072E+02    1
   37   64        46   55        1.93929          2.576          2.742         0.49084E+02    0.31084E+02    1
    1   31        11   21       -0.85222          2.043          2.007         0.48566E+02    0.48566E+02    0
    2   32        12   22       -0.35789          2.267          2.250         0.48826E+02    0.48826E+02    0
    3   33        13   23        1.59994          2.127          2.211         0.48673E+02    0.41161E+02    1
    4   34        14   24       -0.25942          2.156          2.144         0.48707E+02    0.48707E+02    0
    5   35        15   25       -0.55181          2.149          2.125         0.48699E+02    0.48699E+02    0
    6   36        16   26       -0.53813          2.116          2.093         0.48660E+02    0.48660E+02    0
    7   37        17   27       -0.07460          2.069          2.066         0.48601E+02    0.48601E+02    0
    8   38        18   28       -0.17187          2.049          2.042         0.48575E+02    0.48575E+02    0
    9   39        19   29       -0.46424          2.057          2.037         0.48585E+02    0.48585E+02    0
   10   40        20   30        0.44856          1.972          1.990         0.48466E+02    0.48466E+02    0
   11   41        21   31        0.16232          1.954          1.960         0.48439E+02    0.48439E+02    0
   12   42        22   32        0.05287          1.862          1.864         0.48289E+02    0.48289E+02    0
   13   43        23   33        0.18265          1.941          1.948         0.48420E+02    0.48420E+02    0
   14   44        24   34        0.06850          1.945          1.948         0.48426E+02    0.48426E+02    0
   15   45        25   35        0.27584          2.016          2.027         0.48529E+02    0.48529E+02    0
   16   46        26   36        0.12049          2.052          2.057         0.48579E+02    0.48579E+02    0
   17   47        27   37       -0.06074          2.178          2.175         0.48732E+02    0.48732E+02    0
   18   48        28   38       -0.04710          2.295          2.293         0.48854E+02    0.48854E+02    0
   19   49        29   39       -1.56451          2.359          2.274         0.48914E+02    0.42302E+02    1
   20   50        30   40       -0.09408          2.517          2.512         0.49042E+02    0.49042E+02    0
   21   51        31   41       -0.03886          2.766          2.764         0.49203E+02    0.49203E+02    0
   22   52        32   42        0.26019          2.919          2.934         0.49282E+02    0.49282E+02    0
   23   53        33   43        0.74407          2.892          2.936         0.49269E+02    0.49269E+02    0
   24   54        34   44        2.64137          2.575          3.039         0.49083E+02    0.15932E+02    1
   25   55        35   45       -1.56577          3.550          3.401         0.49511E+02    0.36459E+02    1
   26   56        36   46       -0.72344          3.681          3.627         0.49545E+02    0.49545E+02    0
   27   57        37   47        0.89143          3.167          3.225         0.49388E+02    0.49388E+02    0
   28   58        38   48       -0.03947          3.135          3.132         0.49376E+02    0.49376E+02    0
   29   59        39   49        0.49627          3.206          3.239         0.49403E+02    0.49403E+02    0
   30   60        40   50       -0.81915          3.046          2.996         0.49340E+02    0.49340E+02    0
   31   61        41   51       -1.37235          2.838          2.759         0.49242E+02    0.48548E+02    1
   32   62        42   52       -1.40937          2.803          2.721         0.49223E+02    0.47255E+02    1
   33   63        43   53        1.03424          2.806          2.883         0.49224E+02    0.38272E+02    1
   34   64        44   54       -2.43604          3.002          2.623         0.49321E+02    0.18024E+02    1
    1   34        12   23       -0.80316          1.983          1.951         0.48483E+02    0.48483E+02    0
    2   35        13   24       -0.52867          2.040          2.018         0.48562E+02    0.48562E+02    0
    3   36        14   25       -0.48227          1.946          1.927         0.48428E+02    0.48428E+02    0
    4   37        15   26       -0.25658          1.884          1.874         0.48327E+02    0.48327E+02    0
    5   38        16   27       -0.26836          1.962          1.951         0.48451E+02    0.48451E+02    0
    6   39        17   28       -0.46449          1.848          1.831         0.48265E+02    0.48265E+02    0
    7   40        18   29       -0.30373          1.745          1.734         0.48066E+02    0.48066E+02    0
    8   41        19   30       -0.21795          1.674          1.667         0.47909E+02    0.47909E+02    0
    9   42        20   31        0.10644          1.634          1.638         0.47813E+02    0.47813E+02    0
   10   43        21   32        0.43467          1.639          1.654         0.47823E+02    0.47823E+02    0
   11   44        22   33       -0.24893          1.627          1.619         0.47794E+02    0.47794E+02    0
   12   45        23   34        0.37146          1.568          1.581         0.47638E+02    0.47638E+02    0
   13   46        24   35        0.19203          1.564          1.570         0.47625E+02    0.47625E+02    0
   14   47        25   36        0.10282          1.681          1.684         0.47924E+02    0.47924E+02    0
   15   48        26   37       -0.34310          1.862          1.849         0.48290E+02    0.48290E+02    0
   16   49        27   38       -1.27899          1.747          1.701         0.48069E+02    0.48069E+02    0
   17   50        28   39       -0.76937          1.934          1.903         0.48408E+02    0.48408E+02    0
   18   51        29   40        0.50228          2.075          2.096         0.48608E+02    0.48608E+02    0
   19   52        30   41        0.57654          2.333          2.361         0.48890E+02    0.48890E+02    0
   20   53        31   42        0.76885          2.403          2.441         0.48951E+02    0.48951E+02    0
   21   54        32   43        2.51436          2.122          2.427         0.48667E+02    0.18717E+02    1
   22   55        33   44       -1.23694          2.955          2.881         0.49299E+02    0.49299E+02    0
   23   56        34   45       -0.97001          3.029          2.970         0.49332E+02    0.49332E+02    0
   24   57        35   46        0.49126          2.804          2.832         0.49224E+02    0.49224E+02    0
   25   58        36   47       -0.35336          2.804          2.784         0.49224E+02    0.49224E+02    0
   26   59        37   48        0.13421          2.733          2.740         0.49183E+02    0.49183E+02    0
   27   60        38   49       -0.47781          2.887          2.859         0.49267E+02    0.49267E+02    0
   28   61        39   50       -0.18244          2.720          2.710         0.49176E+02    0.49176E+02    0
   29   62        40   51       -0.93010          2.690          2.640         0.49158E+02    0.49158E+02    0
   30   63        41   52       -1.35865          2.486          2.418         0.49019E+02    0.48816E+02    1
   31   64        42   53        0.18223          2.344          2.352         0.48900E+02    0.48900E+02    0
    1   37        13   25       -0.57782          1.716          1.696         0.48004E+02    0.48004E+02    0
    2   38        14   26        0.08742          1.786          1.790         0.48150E+02    0.48150E+02    0
    3   39        15   27       -0.40013          1.780          1.765         0.48137E+02    0.48137E+02    0
    4   40        16   28       -0.08363          1.660          1.657         0.47875E+02    0.47875E+02    0
    5   41        17   29       -0.73981          1.541          1.517         0.47558E+02    0.47558E+02    0
    6   42        18   30       -0.19436          1.455          1.449         0.47285E+02    0.47285E+02    0
    7   43        19   31        0.09588          1.418          1.421         0.47156E+02    0.47156E+02    0
    8   44        20   32       -0.17469          1.350          1.345         0.46886E+02    0.46886E+02    0
    9   45        21   33        0.24467          1.395          1.402         0.47068E+02    0.47068E+02    0
   10   46        22   34        0.23284          1.301          1.308         0.46674E+02    0.46674E+02    0
   11   47        23   35        0.05374          1.323          1.325         0.46771E+02    0.46771E+02    0
   12   48        24   36       -0.18186          1.426          1.421         0.47185E+02    0.47185E+02    0
   13   49        25   37       -1.30374          1.461          1.421         0.47305E+02    0.47305E+02    0
   14   50        26   38       -0.64038          1.473          1.454         0.47348E+02    0.47348E+02    0
   15   51        27   39       -0.07303          1.538          1.536         0.47551E+02    0.47551E+02    0
   16   52        28   40        0.79405          1.701          1.729         0.47970E+02    0.47970E+02    0
   17   53        29   41        1.03682          1.911          1.953         0.48372E+02    0.48372E+02    0
   18   54        30   42        2.47202          1.771          2.018         0.48119E+02    0.18960E+02    1
   19   55        31   43       -1.33082          2.350          2.287         0.48905E+02    0.48905E+02    0
   20   56        32   44       -0.29016          2.533          2.518         0.49053E+02    0.49053E+02    0
   21   57        33   45        0.15676          2.312          2.320         0.48871E+02    0.48871E+02    0
   22   58        34   46       -0.11779          2.501          2.495         0.49030E+02    0.49030E+02    0
   23   59        35   47       -0.13298          2.583          2.576         0.49089E+02    0.49089E+02    0
   24   60        36   48       -0.57473          2.461          2.432         0.48999E+02    0.48999E+02    0
   25   61        37   49       -0.50046          2.482          2.457         0.49015E+02    0.49015E+02    0
   26   62        38   50       -0.24759          2.505          2.492         0.49033E+02    0.49033E+02    0
   27   63        39   51       -0.56605          2.465          2.436         0.49002E+02    0.49002E+02    0
   28   64        40   52       -1.35550          2.281          2.218         0.48840E+02    0.48751E+02    1
    1   40        14   27       -0.46607          1.559          1.544         0.47611E+02    0.47611E+02    0
    2   41        15   28        0.18247          1.473          1.479         0.47348E+02    0.47348E+02    0
    3   42        16   29       -0.28153          1.400          1.392         0.47089E+02    0.47089E+02    0
    4   43        17   30        0.16394          1.306          1.310         0.46694E+02    0.46694E+02    0
    5   44        18   31       -0.38813          1.223          1.213         0.46283E+02    0.46283E+02    0
    6   45        19   32       -0.26901          1.185          1.178         0.46069E+02    0.46069E+02    0
    7   46        20   33       -0.18119          1.141          1.136         0.45796E+02    0.45796E+02    0
    8   47        21   34       -0.01208          1.146          1.146         0.45830E+02    0.45830E+02    0
    9   48        22   35       -0.21429          1.165          1.160         0.45948E+02    0.45948E+02    0
   10   49        23   36       -0.50073          1.143          1.131         0.45811E+02    0.45811E+02    0
   11   50        24   37       -0.48958          1.253          1.240         0.46438E+02    0.46438E+02    0
   12   51        25   38       -0.04315          1.237          1.236         0.46358E+02    0.46358E+02    0
   13   52        26   39        0.30063          1.316          1.324         0.46739E+02    0.46739E+02    0
   14   53        27   40        0.67598          1.381          1.401         0.47014E+02    0.47014E+02    0
   15   54        28   41        2.42273          1.375          1.553         0.46988E+02    0.19878E+02    1
   16   55        29   42       -1.27046          1.856          1.808         0.48279E+02    0.48279E+02    0
   17   56        30   43       -0.34158          1.974          1.960         0.48469E+02    0.48469E+02    0
   18   57        31   44        1.28729          1.959          2.011         0.48446E+02    0.48446E+02    0
   19   58        32   45        0.14597          2.064          2.070         0.48594E+02    0.48594E+02    0
   20   59        33   46        0.24855          2.217          2.229         0.48775E+02    0.48775E+02    0
   21   60        34   47       -0.61207          2.243          2.215         0.48802E+02    0.48802E+02    0
   22   61        35   48       -0.24145          2.236          2.225         0.48795E+02    0.48795E+02    0
   23   62        36   49       -0.44040          2.340          2.319         0.48896E+02    0.48896E+02    0
   24   63        37   50       -0.04901          2.200          2.198         0.48757E+02    0.48757E+02    0
   25   64        38   51       -0.97273          2.155          2.112         0.48706E+02    0.48706E+02    0
    1   43        15   29       -0.23780          1.232          1.226         0.46332E+02    0.46332E+02    0
    2   44        16   30        0.05554          1.188          1.190         0.46087E+02    0.46087E+02    0
    3   45        17   31       -0.10442          1.105          1.102         0.45550E+02    0.45550E+02    0
    4   46        18   32        0.17533          1.004          1.007         0.44753E+02    0.44753E+02    0
    5   47        19   33        0.51951          1.003          1.015         0.44748E+02    0.44748E+02    0
    6   48        20   34       -0.12300          1.010          1.007         0.44810E+02    0.44810E+02    0
    7   49        21   35       -0.61892          0.980          0.967         0.44543E+02    0.44543E+02    0
    8   50        22   36       -0.44714          1.011          1.001         0.44816E+02    0.44816E+02    0
    9   51        23   37        1.50915          1.019          1.058         0.44886E+02    0.40242E+02    1
   10   52        24   38        1.91765          1.015          1.090         0.44853E+02    0.26982E+02    1
   11   53        25   39        0.27070          1.146          1.152         0.45826E+02    0.45826E+02    0
   12   54        26   40        2.33709          1.055          1.179         0.45186E+02    0.21102E+02    1
   13   55        27   41       -0.92881          1.428          1.401         0.47193E+02    0.47193E+02    0
   14   56        28   42       -0.53719          1.539          1.521         0.47552E+02    0.47552E+02    0
   15   57        29   43        0.46864          1.508          1.523         0.47459E+02    0.47459E+02    0
   16   58        30   44        0.13719          1.682          1.686         0.47926E+02    0.47926E+02    0
   17   59        31   45        0.06688          1.829          1.831         0.48229E+02    0.48229E+02    0
   18   60        32   46       -0.33328          1.967          1.953         0.48459E+02    0.48459E+02    0
   19   61        33   47       -0.19970          1.983          1.975         0.48483E+02    0.48483E+02    0
   20   62        34   48       -0.03237          2.026          2.025         0.48544E+02    0.48544E+02    0
   21   63        35   49       -0.07804          2.068          2.065         0.48600E+02    0.48600E+02    0
   22   64        36   50       -0.49507          1.990          1.970         0.48493E+02    0.48493E+02    0
    1   46        16   31       -0.22516          0.960          0.955         0.44343E+02    0.44343E+02    0
    2   47        17   32        0.51184          0.930          0.941         0.44040E+02    0.44040E+02    0
    3   48        18   33        1.84405          0.875          0.927         0.43410E+02    0.31851E+02    1
    4   49        19   34       -0.59244          0.874          0.862         0.43404E+02    0.43404E+02    0
    5   50        20   35       -0.31758          0.876          0.869         0.43420E+02    0.43420E+02    0
    6   51        21   36        0.06816          0.907          0.908         0.43783E+02    0.43783E+02    0
    7   52        22   37        0.26949          0.938          0.944         0.44126E+02    0.44126E+02    0
    8   53        23   38        0.16166          0.930          0.934         0.44041E+02    0.44041E+02    0
    9   54        24   39        2.21624          0.893          0.974         0.43628E+02    0.25674E+02    1
   10   55        25   40       -1.13289          1.155          1.126         0.45883E+02    0.45883E+02    0
   11   56        26   41       -0.45058          1.274          1.262         0.46546E+02    0.46546E+02    0
   12   57        27   42        0.37646          1.201          1.211         0.46160E+02    0.46160E+02    0
   13   58        28   43        0.16247          1.284          1.289         0.46594E+02    0.46594E+02    0
   14   59        29   44        0.41958          1.447          1.460         0.47260E+02    0.47260E+02    0
   15   60        30   45       -0.41155          1.538          1.525         0.47552E+02    0.47552E+02    0
   16   61        31   46       -0.15539          1.670          1.664         0.47898E+02    0.47898E+02    0
   17   62        32   47        1.97825          1.683          1.788         0.47929E+02    0.32781E+02    1
   18   63        33   48        1.82165          1.692          1.788         0.47950E+02    0.32971E+02    1
   19   64        34   49       -0.45035          1.820          1.803         0.48214E+02    0.48214E+02    0
    1   49        17   33       -0.49932          0.802          0.792         0.42427E+02    0.42427E+02    0
    2   50        18   34       -0.01248          0.810          0.810         0.42551E+02    0.42551E+02    0
    3   51        19   35       -0.14362          0.805          0.802         0.42471E+02    0.42471E+02    0
    4   52        20   36        0.67644          0.811          0.824         0.42556E+02    0.42556E+02    0
    5   53        21   37        0.12948          0.856          0.859         0.43178E+02    0.43178E+02    0
    6   54        22   38        2.06222          0.759          0.818         0.41755E+02    0.27396E+02    1
    7   55        23   39       -1.36527          0.946          0.917         0.44201E+02    0.43805E+02    1
    8   56        24   40       -0.54729          1.016          1.004         0.44866E+02    0.44866E+02    0
    9   57        25   41        0.29490          1.043          1.050         0.45089E+02    0.45089E+02    0
   10   58        26   42       -0.16760          1.098          1.094         0.45506E+02    0.45506E+02    0
   11   59        27   43        0.22890          1.158          1.164         0.45902E+02    0.45902E+02    0
   12   60        28   44       -0.03417          1.245          1.244         0.46399E+02    0.46399E+02    0
   13   61        29   45       -0.16122          1.314          1.309         0.46731E+02    0.46731E+02    0
   14   62        30   46        0.13139          1.453          1.457         0.47279E+02    0.47279E+02    0
   15   63        31   47        0.14831          1.514          1.519         0.47479E+02    0.47479E+02    0
   16   64        32   48       -0.29956          1.513          1.504         0.47476E+02    0.47476E+02    0
    1   52        18   35        0.03294          0.725          0.725         0.41154E+02    0.41154E+02    0
    2   53        19   36        0.18509          0.762          0.765         0.41804E+02    0.41804E+02    0
    3   54        20   37        1.85171          0.715          0.760         0.40966E+02    0.29933E+02    1
    4   55        21   38       -0.94700          0.831          0.813         0.42845E+02    0.42845E+02    0
    5   56        22   39       -0.97768          0.868          0.849         0.43328E+02    0.43328E+02    0
    6   57        23   40        0.19018          0.847          0.851         0.43060E+02    0.43060E+02    0
    7   58        24   41        0.22968          0.935          0.939         0.44087E+02    0.44087E+02    0
    8   59        25   42        0.09749          1.005          1.007         0.44767E+02    0.44767E+02    0
    9   60        26   43       -0.31190          1.043          1.036         0.45087E+02    0.45087E+02    0
   10   61        27   44        0.39488          1.099          1.109         0.45514E+02    0.45514E+02    0
   11   62        28   45       -0.06866          1.196          1.194         0.46130E+02    0.46130E+02    0
   12   63        29   46        0.43510          1.254          1.265         0.46443E+02    0.46443E+02    0
   13   64        30   47       -0.01536          1.269          1.268         0.46518E+02    0.46518E+02    0
    1   55        19   37       -1.22754          0.756          0.734         0.41710E+02    0.41710E+02    0
    2   56        20   38       -0.89842          0.779          0.763         0.42078E+02    0.42078E+02    0
    3   57        21   39        0.50382          0.750          0.759         0.41603E+02    0.41603E+02    0
    4   58        22   40        1.78725          0.746          0.790         0.41540E+02    0.31447E+02    1
    5   59        23   41        0.29067          0.871          0.877         0.43364E+02    0.43364E+02    0
    6   60        24   42       -0.17611          0.908          0.904         0.43795E+02    0.43795E+02    0
    7   61        25   43        0.14134          0.939          0.942         0.44137E+02    0.44137E+02    0
    8   62        26   44        0.40130          1.025          1.035         0.44942E+02    0.44942E+02    0
    9   63        27   45        0.27367          1.051          1.057         0.45151E+02    0.45151E+02    0
   10   64        28   46        0.10299          1.093          1.096         0.45472E+02    0.45472E+02    0
    1   58        20   39       -0.47623          0.696          0.688         0.40613E+02    0.40613E+02    0
    2   59        21   40        0.30908          0.766          0.771         0.41863E+02    0.41863E+02    0
    3   60        22   41        1.07588          0.788          0.808         0.42219E+02    0.42219E+02    0
    4   61        23   42        0.51892          0.824          0.834         0.42750E+02    0.42750E+02    0
    5   62        24   43        0.43629          0.880          0.889         0.43475E+02    0.43475E+02    0
    6   63        25   44        0.71656          0.931          0.946         0.44051E+02    0.44051E+02    0
    7   64        26   45       -0.06615          0.940          0.939         0.44145E+02    0.44145E+02    0
    1   61        21   41        0.30548          0.747          0.753         0.41552E+02    0.41552E+02    0
    2   62        22   42        0.61716          0.795          0.806         0.42322E+02    0.42322E+02    0
    3   63        23   43        1.53463          0.788          0.821         0.42215E+02    0.37219E+02    1
    4   64        24   44        0.85011          0.834          0.851         0.42883E+02    0.42883E+02    0
    1   64        22   43        0.41713          0.730          0.737         0.41243E+02    0.41243E+02    0
