    P+   P-        C+   C-  Normalised_Error  Observed_Rho_a  Calculated_Rho_a  Original_Weight  Final_Weight    C
    2    8         4    6       -0.29552          519.61280      508.72061         0.13586E+01    0.13586E+01    0
    2   20         8   14       -0.73809           77.94816       51.69773         0.38652E+01    0.38652E+01    0
    2   23         9   16       -0.86839           88.66573       69.13910         0.70508E+01    0.70508E+01    0
    2   26        10   18       -0.79055           -5.26420      -40.70846         0.39984E+01    0.39984E+01    0
    2   31        13   24        1.42446           -7.80913        8.09967         0.14337E+02    0.14171E+02    1
    2   34        14   26        0.74839          -20.15787       17.72239         0.34844E+01    0.34844E+01    0
    2   37        15   28        1.98015            1.12587       52.77142         0.99494E+01    0.75539E+01    1
    3    6         4    5        0.31384          723.37834      740.92246         0.38128E+00    0.38128E+00    0
    3    9         5    7       -0.23774          871.54440      853.56608         0.56151E+00    0.56151E+00    0
    3   12         6    9        2.05294          -14.48193      149.58339         0.11461E+01    0.78070E+00    1
    3   15         7   11       -0.23018         -406.49301     -407.25430         0.27127E+02    0.26541E+02    1
    3   18         8   13        0.39427          -47.16878      -43.04976         0.14531E+02    0.10587E+02    1
    3   21         9   15        0.11349          -30.46830      -27.72052         0.54707E+01    0.54707E+01    0
    3   24        10   17        0.19725         -143.79992     -140.36762         0.88603E+01    0.88603E+01    0
    3   27        11   19       -3.03946          126.71344       70.60714         0.26211E+02    0.93998E+01    1
    3   29        13   23        0.01001          -38.01684      -37.77814         0.57212E+01    0.57212E+01    0
    3   32        14   25        1.22673          -16.64566        6.81381         0.81343E+01    0.81343E+01    0
    4    7         5    6       -1.98144         2609.97085     1914.02501         0.10063E+00    0.67199E-01    1
    4   10         6    8        1.30859         -111.28144      -14.51594         0.63398E+00    0.56291E+00    1
    4   13         7   10       -1.00852           57.16208      -23.92961         0.81057E+00    0.81057E+00    0
    4   16         8   12       -0.21762         -102.32163     -114.49425         0.15971E+01    0.15971E+01    0
    4   19         9   14       -0.02752          -32.41586      -33.31799         0.33630E+01    0.33630E+01    0
    4   22        10   16        1.00169         -235.68088     -223.14669         0.10569E+02    0.10569E+02    0
    4   28        12   20        0.64267          -37.45663       12.86369         0.21790E+01    0.21790E+01    0
    4   30        14   24       -0.38629          -25.63983      -25.80134         0.32153E+03    0.32153E+03    0
    4   33        15   26        1.05879          -35.01766        1.07629         0.45264E+01    0.45264E+01    0
    4   36        16   28        0.57837          -27.53187       13.13299         0.24771E+01    0.24771E+01    0
    4   45        19   30       -0.85556           34.05848       33.74831         0.10000E+04    0.10000E+04    0
    5    8         6    7       -1.19030         1836.22363     1802.08193         0.15865E+01    0.71464E+00    1
    5   14         8   11        0.12451         -388.35275     -384.42416         0.20922E+01    0.20922E+01    0
    5   17         9   13       -1.16388          -57.44242      -62.40256         0.28775E+02    0.20680E+02    1
    5   20        10   15        0.43946         -313.93890     -310.41999         0.28470E+02    0.13736E+02    1
    5   23        11   17       -1.48026          100.87836       -0.03707         0.19227E+01    0.19227E+01    0
    5   26        12   19        2.17610          -83.83796      -29.48373         0.91281E+01    0.60493E+01    1
    5   31        15   25        1.83934          -57.10575      -29.13942         0.11791E+02    0.88557E+01    1
    5   34        16   27        1.31381          -48.26263      -11.13927         0.55774E+01    0.54181E+01    1
    5   43        19   29        0.62610            9.64420       22.32306         0.17023E+02    0.17023E+02    0
    5   46        20   31        2.64887           -7.18940       22.16024         0.51200E+02    0.32740E+02    1
    6    9         7    8       -0.51699          987.21281      925.93581         0.19280E+00    0.19280E+00    0
    6   15         9   12        3.02376         -128.68055      -46.40698         0.40123E+01    0.24714E+01    1
    6   18        10   14       -0.36634         -270.68807     -289.14916         0.17577E+01    0.17577E+01    0
    6   24        12   18        0.05933          -15.55468      -14.11118         0.53377E+01    0.53377E+01    0
    6   27        13   20        0.52189          -95.55498      -76.81777         0.41814E+01    0.41814E+01    0
    6   29        15   24       -0.11544          -39.45417      -43.43671         0.32888E+01    0.32888E+01    0
    6   32        16   26        0.94312          -25.40818       -4.01482         0.58620E+01    0.58620E+01    0
    6   44        20   30        0.42163           22.86002       26.71654         0.37835E+02    0.37835E+02    0
    6   47        21   32        0.12493           12.34540       21.95646         0.47396E+01    0.47396E+01    0
    7   16        10   13       -1.37779          -98.85794     -144.03691         0.19869E+01    0.19869E+01    0
    7   22        12   17       -0.29941          -13.53561      -23.67515         0.31700E+01    0.31700E+01    0
    7   25        13   19        1.84018          -84.09356      -51.67237         0.91352E+01    0.72927E+01    1
    7   28        14   21       -0.09970          -33.07242      -37.39268         0.34012E+01    0.34012E+01    0
    7   30        16   25        0.45040          -18.95628      -13.89946         0.10006E+02    0.10006E+02    0
    7   33        17   27        0.62296          -11.81578        1.90081         0.59986E+01    0.59986E+01    0
    7   42        20   29       -0.25431           47.38620       41.78104         0.14792E+02    0.14792E+02    0
    7   45        21   31       -2.35682           52.28466       32.92460         0.63798E+02    0.41851E+02    1
    7   48        22   33       -0.18729           38.37923       36.69182         0.40475E+02    0.40475E+02    0
    8   14        10   12        0.85590         -536.99922     -523.14909         0.41092E+01    0.26888E+01    1
    8   20        12   16        2.05897          -96.04831      -68.33473         0.10458E+02    0.62827E+01    1
    8   26        14   20       -0.48203         -109.30446     -115.59978         0.97527E+01    0.97527E+01    0
    8   31        17   26        0.64065          -59.49260      -50.92450         0.83165E+01    0.83165E+01    0
    8   43        21   30        0.25625            6.73569        7.99535         0.66735E+02    0.66735E+02    0
    9   18        12   15        2.53303          -77.18336       26.80187         0.24254E+01    0.15409E+01    1
    9   21        13   17        0.55535         -187.89199     -151.82890         0.13185E+01    0.13185E+01    0
    9   24        14   19       -1.02309         -129.50008     -131.02022         0.83204E+02    0.72258E+02    1
    9   27        15   21       -0.26128          -52.46351      -58.39887         0.55823E+01    0.55823E+01    0
    9   29        17   25        0.70967          -79.03216      -59.55941         0.33182E+01    0.33182E+01    0
    9   32        18   27        0.60740          -19.39279       -5.12775         0.47107E+01    0.47107E+01    0
    9   41        21   29        0.26162            5.16127       24.40380         0.41873E+01    0.41873E+01    0
    9   44        22   31        0.21092           15.69940       21.16461         0.12661E+02    0.12661E+02    0
    9   47        23   33        0.55412           23.02506       47.87560         0.77164E+01    0.77164E+01    0
   10   16        12   14       -2.23273          566.34045      426.21355         0.97666E+00    0.67156E+00    1
   10   19        13   16       -1.32578           17.39765        6.19786         0.11999E+02    0.74847E+01    1
   10   25        15   20        0.46476           19.88769       27.56096         0.64336E+01    0.64336E+01    0
   10   28        16   22        0.14738           31.89935       42.81811         0.16967E+01    0.16967E+01    0
   10   30        18   26       -0.48953          -27.00542      -33.11734         0.71498E+01    0.71498E+01    0
   10   33        19   28       -0.10386          -14.88509      -20.18455         0.21657E+01    0.21657E+01    0
   10   42        22   30        0.18092           40.37181       42.10636         0.32576E+02    0.32576E+02    0
   10   48        24   34       -0.05969           57.01733       52.93894         0.51068E+01    0.51068E+01    0
   11   14        12   13       -0.18304          519.56520      516.13920         0.14411E+01    0.10982E+01    1
   11   17        13   15        1.45918         -203.84346     -171.83280         0.24381E+01    0.19427E+01    1
   11   20        14   17       -1.66309         -237.61373     -301.69514         0.18516E+01    0.16699E+01    1
   11   23        15   19       -2.11946         -117.71740     -201.27028         0.25932E+01    0.21995E+01    1
   11   26        16   21        0.55750         -107.44289     -103.69976         0.15939E+02    0.15939E+02    0
   11   31        19   27        0.97446          -56.17237      -39.91521         0.53634E+01    0.53634E+01    0
   11   40        22   29        1.67428           -5.15097       19.78847         0.21341E+02    0.19677E+02    1
   11   43        23   31        0.39358           14.13597       30.34229         0.75929E+01    0.75929E+01    0
   11   46        24   33        0.27191           18.29809       30.22188         0.75165E+01    0.75165E+01    0
   12   15        13   14       -2.20890         1112.26223      979.79327         0.11491E+01    0.36706E+00    1
   12   18        14   16       -0.13536         -159.80532     -161.66652         0.31149E+01    0.31149E+01    0
   12   24        16   20       -0.26261          -89.31025      -89.62735         0.72029E+02    0.72029E+02    0
   12   27        17   22        1.42682          -84.09048      -60.23233         0.63253E+01    0.63253E+01    0
   12   29        19   26       -0.19608          -82.51993      -85.75449         0.41159E+01    0.41159E+01    0
   12   32        20   28       -0.19874          -23.82164      -27.47294         0.48589E+01    0.48589E+01    0
   12   41        23   30        2.21541           27.26101       46.96113         0.49342E+02    0.33270E+02    1
   12   44        24   32       -1.16289           37.42808       33.19300         0.11242E+03    0.86242E+02    1
   12   47        25   34       -0.85776           43.12173       38.64093         0.63457E+02    0.63457E+02    0
   12   50        26   36        0.77479           -1.91484       20.03653         0.12369E+02    0.12369E+02    0
   13   16        14   15       -0.40756          290.58649      279.42650         0.78332E+00    0.78332E+00    0
   13   19        15   17        0.26607          -34.43257      -25.81588         0.13267E+01    0.13267E+01    0
   13   22        16   19        0.47431         -104.79313      -99.60987         0.60670E+01    0.60670E+01    0
   13   25        17   21       -1.62627          -10.79657      -14.47378         0.55340E+02    0.37785E+02    1
   13   30        20   27       -0.18411            2.24103        0.92400         0.94010E+01    0.94010E+01    0
   13   39        23   29        0.40047           53.70846       68.79718         0.73597E+01    0.73597E+01    0
   13   42        24   31       -0.22668           50.12896       48.67409         0.46235E+02    0.46235E+02    0
   13   45        25   33       -1.11738           66.90514       44.29550         0.15417E+02    0.15417E+02    0
   14   17        15   16        0.24054          136.08096      140.05387         0.12905E+01    0.12905E+01    0
   14   23        17   20        1.07335         -101.28622      -80.11548         0.32937E+01    0.32937E+01    0
   14   31        21   28       -0.53725          -96.62522     -103.34500         0.54082E+01    0.54082E+01    0
   14   40        24   30        0.10882           41.95654       50.68747         0.34905E+01    0.34905E+01    0
   14   43        25   32       -0.05883           24.85138       24.16437         0.25486E+02    0.25486E+02    0
   14   46        26   34        1.52570           12.59206       28.80965         0.29644E+02    0.29644E+02    0
   14   52        28   38        1.96148          -59.12637        1.23604         0.14692E+02    0.11304E+02    1
   15   18        16   17       -0.63083          219.14938      192.92459         0.53155E+00    0.53155E+00    0
   15   21        17   19        0.15597         -104.23749      -99.80179         0.15414E+01    0.15414E+01    0
   15   24        18   21        2.81813         -156.13378     -123.69177         0.15319E+02    0.56436E+01    1
   15   27        19   23       -1.28893          -99.17353     -110.20465         0.10604E+02    0.98687E+01    1
   15   29        21   27       -0.16417          -11.47314      -15.45680         0.18672E+01    0.18672E+01    0
   15   38        24   29       -0.34456           51.06696       46.43107         0.19530E+02    0.19530E+02    0
   15   41        25   31       -0.02504           32.58785       30.70684         0.37085E+01    0.37085E+01    0
   15   50        28   37        1.81177          -34.36670        0.52853         0.20786E+02    0.17170E+02    1
   16   19        17   18        0.97639          136.83570      162.81756         0.78904E+00    0.78904E+00    0
   16   25        19   22       -0.86913          -39.75814      -48.74874         0.60717E+01    0.60717E+01    0
   16   28        20   24       -0.77551          -70.29975      -71.09880         0.82015E+02    0.81815E+02    1
   16   30        22   28       -0.04656         -100.61498     -101.40318         0.26413E+01    0.26413E+01    0
   16   39        25   30       -0.06740           28.63901       25.60227         0.58553E+01    0.58553E+01    0
   16   45        27   34       -0.40560           15.13179        2.35603         0.94420E+01    0.94420E+01    0
   16   48        28   36        0.88138          -13.54308        2.19914         0.17534E+02    0.17534E+02    0
   17   20        18   19       -1.24334          389.30217      339.90637         0.76184E+00    0.56601E+00    1
   17   23        19   21       -0.95026          -45.09644      -63.48162         0.22206E+01    0.22206E+01    0
   17   26        20   23        0.00521          -90.98260      -90.89106         0.36673E+01    0.36673E+01    0
   17   37        25   29       -0.35677           52.76057       20.78968         0.27770E+01    0.27770E+01    0
   18   21        19   20        0.14593          355.98407      364.67975         0.35530E+00    0.35530E+00    0
   18   24        20   22       -0.19736           37.63374       25.57267         0.69941E+00    0.69941E+00    0
   19   22        20   21       -0.13664          429.53796      425.06032         0.81173E+00    0.69124E+00    1
   19   25        21   23       -0.21381           44.58095       43.78598         0.11578E+02    0.11578E+02    0
   19   28        22   25        0.71030         -161.38132     -158.64145         0.25191E+02    0.16949E+02    1
   19   42        28   33        0.88602           -1.30726        4.85900         0.38242E+02    0.38242E+02    0
   20   23        21   22        0.08332          495.13740      498.30234         0.55599E+00    0.55599E+00    0
   20   26        22   24       -0.33766           -9.57441      -10.77236         0.12277E+02    0.12277E+02    0
   20   37        27   30       -0.35617          -32.86745      -65.77591         0.26491E+01    0.26491E+01    0
   20   40        28   32        1.15022          -13.72699       -9.62543         0.70668E+02    0.70668E+02    0
   21   24        22   23       -0.16377          575.54645      570.13739         0.68056E+00    0.68056E+00    0
   21   27        23   25       -0.00356            3.28497        3.27658         0.18406E+02    0.18406E+02    0
   21   38        28   31       -0.27080           -7.38520      -15.81707         0.77816E+01    0.77816E+01    0
   22   25        23   24        1.08129          569.23545      590.67573         0.10501E+01    0.10438E+01    1
   22   28        24   26        0.22818           20.46213       25.32747         0.19697E+01    0.19697E+01    0
   22   36        28   30       -1.51836          -75.19455      -86.95328         0.34455E+02    0.32219E+02    1
   22   51        29   40       -1.55881          -18.23153      -31.08893         0.18861E+02    0.18861E+02    0
   23   26        24   25       -1.39467         1156.81280     1091.62908         0.85053E+00    0.47715E+00    1
   23   34        28   29       -0.32311          -34.02062      -67.16577         0.29861E+01    0.29861E+01    0
   23   49        29   39       -0.50024          -28.67526      -45.35593         0.40308E+01    0.40308E+01    0
   23   52        30   41       -0.37655            6.40032       -6.02764         0.46619E+01    0.46619E+01    0
   24   27        25   26       -0.24739          498.95027      492.97059         0.83994E+00    0.83994E+00    0
   24   47        29   38        0.19877          -48.42952      -48.40240         0.10000E+04    0.82428E+03    1
   24   50        30   40       -1.62678          -21.71245      -33.30476         0.19767E+02    0.18573E+02    1
   25   28        26   27       -0.60141         1154.06494     1125.69866         0.68283E+00    0.45484E+00    1
   25   45        29   37       -0.19887          -63.15599      -64.01656         0.21047E+02    0.21047E+02    0
   25   48        30   39       -0.28882          -28.51658      -31.77047         0.98626E+01    0.98626E+01    0
   25   51        31   41        0.68188          -19.80018      -11.33164         0.10643E+02    0.10643E+02    0
   26   43        29   36        0.19172          -92.18651      -90.02275         0.60520E+01    0.60520E+01    0
   26   46        30   38       -0.62210          -59.74419      -59.81286         0.10000E+04    0.80456E+03    1
   26   49        31   40        1.89578          -73.10690      -62.24104         0.24117E+02    0.19260E+02    1
   27   44        30   37       -0.58390          -17.09670      -18.15027         0.37140E+02    0.37140E+02    0
   27   47        31   39        1.21681          -48.56096      -34.36872         0.75970E+01    0.75970E+01    0
   28   39        29   34        0.18467         -125.01505     -122.64539         0.17401E+01    0.17401E+01    0
   28   42        30   36        0.39245         -100.24381      -96.01267         0.41340E+01    0.41340E+01    0
   28   45        31   38       -0.60958         -118.77026     -120.74985         0.28783E+02    0.20614E+02    1
   28   48        32   40       -1.31207          -44.33223      -49.76280         0.22891E+02    0.21193E+02    1
   28   51        33   42        1.08332          -41.41973      -35.09099         0.18572E+02    0.18572E+02    0
   29   32        30   31       -0.55775          586.12332      558.23321         0.50699E+00    0.39125E+00    1
   29   35        31   33       -0.26328           32.62371       19.84622         0.82418E+00    0.82418E+00    0
   29   41        33   37        1.13725          -73.76586      -61.76839         0.77638E+01    0.77638E+01    0
   29   44        34   39        0.95657          -68.98234      -62.57866         0.14774E+02    0.14774E+02    0
   29   50        36   43       -0.33315            2.31369        0.36458         0.23314E+02    0.23314E+02    0
   30   33        31   32        0.28285            5.42398       17.68045         0.48304E+00    0.48304E+00    0
   30   36        32   34        1.82318            7.72765       65.88690         0.15654E+01    0.12781E+01    1
   30   39        33   36       -0.50360          -64.75312      -70.00046         0.59272E+01    0.59272E+01    0
   30   42        34   38        1.43551         -149.28119     -131.94894         0.88343E+01    0.67187E+01    1
   30   48        36   42       -0.00283          -30.43338      -30.46391         0.10834E+02    0.10834E+02    0
   30   51        37   44        1.20564          -22.55235      -13.30829         0.17896E+02    0.17896E+02    0
   31   34        32   33        0.38462          490.42472      507.19459         0.44854E+00    0.44539E+00    1
   31   37        33   35       -0.60975            3.66541      -17.46599         0.11727E+01    0.11727E+01    0
   31   40        34   37        2.00265         -121.74526      -98.40140         0.15620E+02    0.51698E+01    1
   31   43        35   39        1.62456         -140.02878      -95.31390         0.30905E+01    0.28963E+01    1
   31   46        36   41        0.08074          -54.22853      -52.06914         0.36443E+01    0.36443E+01    0
   31   49        37   43        0.18828          -23.48017      -18.22416         0.41716E+01    0.41716E+01    0
   31   52        38   45        0.03266            6.06140        7.26507         0.37317E+01    0.37317E+01    0
   32   35        33   34       -1.27939          490.52105      416.17222         0.42257E+00    0.35402E+00    1
   32   38        34   36       -0.05921          -44.87017      -46.08116         0.19517E+01    0.19517E+01    0
   32   41        35   38        0.56267         -140.27690     -121.36304         0.17904E+01    0.17904E+01    0
   32   44        36   40       -0.60829         -107.53247     -120.53969         0.36917E+01    0.36917E+01    0
   32   47        37   42        0.41225          -24.56793      -13.71686         0.36852E+01    0.36852E+01    0
   32   50        38   44        0.44603          -22.14093      -11.92845         0.51404E+01    0.51404E+01    0
   33   39        35   37       -1.58703           31.11259       28.48193         0.57487E+02    0.24310E+02    1
   33   42        36   39       -2.95369            2.46482      -31.76626         0.10066E+02    0.51646E+01    1
   33   45        37   41        0.10889            2.50367        2.82175         0.26632E+02    0.26632E+02    0
   33   48        38   43       -0.58925           24.61370       19.14163         0.10447E+02    0.10447E+02    0
   33   51        39   45        0.51618           -2.12496        4.32907         0.94850E+01    0.94850E+01    0
   34   37        35   36       -2.08211          651.17740      516.06432         0.58961E+00    0.30649E+00    1
   34   40        36   38        0.27277            9.29722       10.97539         0.68870E+01    0.65701E+01    1
   34   43        37   40        1.17075          -89.98461      -85.99267         0.20686E+02    0.17733E+02    1
   34   46        38   42       -1.19258           10.07987        7.68672         0.45146E+02    0.38861E+02    1
   34   49        39   44        0.75414          -29.72009      -29.61949         0.10000E+04    0.74502E+03    1
   34   52        40   46        1.65386            2.85804       21.44746         0.11544E+02    0.10606E+02    1
   35   38        36   37       -0.58031          317.37867      303.18798         0.90456E+00    0.83605E+00    1
   35   47        39   43       -1.79499           35.36599       12.08798         0.66406E+01    0.60750E+01    1
   36   39        37   38       -1.14253          324.01388      302.96325         0.22429E+01    0.11070E+01    1
   36   42        38   40        0.65415           46.07495       48.44822         0.16638E+02    0.11240E+02    1
   36   45        39   42       -0.90555           47.47535       47.26054         0.45401E+03    0.24888E+03    1
   36   48        40   44        0.21702           16.51322       17.76256         0.13779E+02    0.13779E+02    0
   36   51        41   46        0.91778          -16.42250      -14.01978         0.38169E+02    0.38169E+02    0
   37   40        38   39       -0.30087          281.49877      278.72374         0.21473E+01    0.21473E+01    0
   37   43        39   41       -0.00047           90.24376       90.24260         0.17031E+02    0.16605E+02    1
   37   46        40   43        1.20111           41.64841       49.87796         0.86018E+01    0.86018E+01    0
   37   49        41   45       -2.24783          -28.95532      -47.04255         0.14772E+02    0.10015E+02    1
   37   52        42   47        2.04816          -48.07437      -41.00078         0.40758E+02    0.29181E+02    1
   38   41        39   40       -0.16083           12.04196       10.54123         0.22431E+01    0.22431E+01    0
   38   44        40   42        1.51956          168.02238      176.15785         0.93900E+01    0.73011E+01    1
   38   47        41   44        0.05849          -32.23868      -32.14330         0.36717E+02    0.36717E+02    0
   38   50        42   46       -2.20458          -28.17018      -39.57222         0.29148E+02    0.15675E+02    1
   39   42        40   41        0.20880          342.53044      343.99189         0.29002E+01    0.29002E+01    0
   39   45        41   43        2.68979           58.15689       75.92400         0.92774E+01    0.59102E+01    1
   39   48        42   45       -1.05167            0.06559       -3.99853         0.22747E+02    0.15710E+02    1
   39   51        43   47       -0.20114          -47.04480      -47.73211         0.23502E+02    0.23502E+02    0
   40   43        41   42       -1.56098          112.67847      103.59344         0.47665E+01    0.34188E+01    1
   40   46        42   44       -0.43751          -52.48863      -52.78274         0.70871E+02    0.60405E+02    1
   40   49        43   46       -0.29454          -74.41083      -76.05004         0.11036E+02    0.11036E+02    0
   40   52        44   48       -0.27504          -17.60455      -20.04381         0.88728E+01    0.88728E+01    0
   41   44        42   43       -5.18472          522.73589      291.65445         0.39345E+01    0.45165E+00    1
   41   47        43   45       -1.22378           99.20978       94.40102         0.17251E+02    0.10365E+02    1
   41   50        44   47       -0.80336           37.44057       37.12878         0.21204E+03    0.15163E+03    1
   42   45        43   44       -1.43361          116.27065      107.89211         0.89061E+01    0.34233E+01    1
   42   48        44   46       -0.34990          163.69375      161.70096         0.10359E+02    0.68610E+01    1
   42   51        45   48       -0.88656           33.58192       32.59343         0.53260E+02    0.52003E+02    1
   43   46        44   45       -0.17309          212.02704      211.43902         0.56897E+01    0.56897E+01    0
   43   49        45   47       -0.26781           31.55750       31.02144         0.19506E+02    0.19506E+02    0
   43   52        46   49        1.18950          -11.15921      -10.66205         0.22604E+03    0.13853E+03    1
   44   47        45   46        0.23384          258.33381      260.72605         0.28782E+01    0.19025E+01    1
   44   50        46   48        2.65857          -35.78618      -10.84145         0.83079E+01    0.41166E+01    1
   45   48        46   47        0.91754          174.50075      178.82620         0.42405E+01    0.41346E+01    1
   45   51        47   49       -0.81012           82.99657       81.88177         0.68546E+02    0.28385E+02    1
   46   49        47   48       -2.32290          303.39437      264.22267         0.27091E+01    0.11641E+01    1
   46   52        48   50       -0.62683           10.17915        6.09589         0.59794E+01    0.59794E+01    0
   47   50        48   49       -1.96264          277.68537      252.09286         0.40514E+01    0.15031E+01    1
   48   51        49   50        0.05403           84.69171       84.98389         0.36605E+01    0.36605E+01    0
   49   52        50   51       -0.05591           42.43245       41.91398         0.20893E+01    0.20893E+01    0
    6    4         8    2       -0.14738          519.61280      508.72061         0.67754E+00    0.67754E+00    0
   14    8        20    2       -0.43282           77.94816       51.69773         0.22666E+01    0.22666E+01    0
   16    9        23    2       -0.05668           88.66573       69.13910         0.46018E+00    0.46018E+00    0
   18   10        26    2       -0.42032           -5.26420      -40.70846         0.21259E+01    0.21259E+01    0
   24   13        31    2        0.41066           -7.80913        8.09967         0.40855E+01    0.40855E+01    0
   26   14        34    2        0.64102          -20.15787       17.72239         0.29845E+01    0.29845E+01    0
   28   15        37    2        0.47740            1.12587       52.77142         0.18212E+01    0.18212E+01    0
    5    4         6    3        0.28876          723.37834      740.92246         0.35081E+00    0.35081E+00    0
    7    5         9    3       -0.05177          871.54440      853.56608         0.12227E+00    0.12227E+00    0
    9    6        12    3        1.85872          -14.48193      149.58339         0.93953E+00    0.70684E+00    1
   11    7        15    3       -0.00112         -406.49301     -407.25430         0.12897E+00    0.12897E+00    0
   13    8        18    3        0.15459          -47.16878      -43.04976         0.41510E+01    0.41510E+01    0
   15    9        21    3        0.00930          -30.46830      -27.72052         0.44843E+00    0.44843E+00    0
   17   10        24    3        0.06225         -143.79992     -140.36762         0.27960E+01    0.27960E+01    0
   19   11        27    3       -0.04061          126.71344       70.60714         0.12561E+00    0.12561E+00    0
   23   13        29    3        0.29517          -38.01684      -37.77814         0.17313E+03    0.16874E+03    1
   25   14        32    3        0.41525          -16.64566        6.81381         0.27535E+01    0.27535E+01    0
    6    5         7    4       -1.97231         2609.97085     1914.02501         0.99708E-01    0.66889E-01    1
    8    6        10    4        1.24327         -111.28144      -14.51594         0.57227E+00    0.53482E+00    1
   10    7        13    4       -0.15399           57.16208      -23.92961         0.12376E+00    0.12376E+00    0
   12    8        16    4       -1.04398         -102.32163     -114.49425         0.97085E+01    0.76618E+01    1
   14    9        19    4       -0.00330          -32.41586      -33.31799         0.40297E+00    0.40297E+00    0
   16   10        22    4        1.12268         -235.68088     -223.14669         0.11845E+02    0.11845E+02    0
   20   12        28    4        0.17030          -37.45663       12.86369         0.57740E+00    0.57740E+00    0
   24   14        30    4       -0.00816          -25.63983      -25.80134         0.67880E+01    0.67880E+01    0
   26   15        33    4        1.49082          -35.01766        1.07629         0.68579E+01    0.63733E+01    1
   28   16        36    4        0.35548          -27.53187       13.13299         0.15225E+01    0.15225E+01    0
   30   19        45    4       -0.00205           34.05848       33.74831         0.23931E+01    0.23931E+01    0
    7    6         8    5       -0.62369         1836.22363     1802.08193         0.37446E+00    0.37446E+00    0
   11    8        14    5        0.56870         -388.35275     -384.42416         0.12438E+02    0.95559E+01    1
   13    9        17    5       -0.02348          -57.44242      -62.40256         0.41714E+00    0.41714E+00    0
   15   10        20    5        0.09816         -313.93890     -310.41999         0.30683E+01    0.30683E+01    0
   17   11        23    5       -0.09632          100.87836       -0.03707         0.12511E+00    0.12511E+00    0
   19   12        26    5        0.24525          -83.83796      -29.48373         0.68177E+00    0.68177E+00    0
   25   15        31    5        0.44218          -57.10575      -29.13942         0.21289E+01    0.21289E+01    0
   27   16        34    5        0.72602          -48.26263      -11.13927         0.29941E+01    0.29941E+01    0
   29   19        43    5        0.47736            9.64420       22.32306         0.12979E+02    0.12979E+02    0
   31   20        46    5        0.52185           -7.18940       22.16024         0.64501E+01    0.64501E+01    0
    8    7         9    6       -0.28523          987.21281      925.93581         0.10637E+00    0.10637E+00    0
   12    9        15    6        0.49581         -128.68055      -46.40698         0.40525E+00    0.40525E+00    0
   14   10        18    6       -1.18767         -270.68807     -289.14916         0.60194E+01    0.56985E+01    1
   18   12        24    6        0.00443          -15.55468      -14.11118         0.39844E+00    0.39844E+00    0
   20   13        27    6        0.23079          -95.55498      -76.81777         0.18491E+01    0.18491E+01    0
   24   15        29    6       -0.09560          -39.45417      -43.43671         0.27237E+01    0.27237E+01    0
   26   16        32    6        0.24798          -25.40818       -4.01482         0.15413E+01    0.15413E+01    0
   30   20        44    6        0.05405           22.86002       26.71654         0.48503E+01    0.48503E+01    0
   32   21        47    6        0.03440           12.34540       21.95646         0.13052E+01    0.13052E+01    0
   13   10        16    7       -0.65012          -98.85794     -144.03691         0.93754E+00    0.93754E+00    0
   17   12        22    7       -0.18273          -13.53561      -23.67515         0.19346E+01    0.19346E+01    0
   19   13        25    7        0.42917          -84.09356      -51.67237         0.17008E+01    0.17008E+01    0
   21   14        28    7       -0.02004          -33.07242      -37.39268         0.68354E+00    0.68354E+00    0
   25   16        30    7        0.08362          -18.95628      -13.89946         0.18577E+01    0.18577E+01    0
   27   17        33    7        0.09926          -11.81578        1.90081         0.95576E+00    0.95576E+00    0
   29   20        42    7       -0.01487           47.38620       41.78104         0.86468E+00    0.86468E+00    0
   31   21        45    7       -0.16066           52.28466       32.92460         0.28528E+01    0.28528E+01    0
   33   22        48    7       -0.00442           38.37923       36.69182         0.95542E+00    0.95542E+00    0
   12   10        14    8        0.26223         -536.99922     -523.14909         0.82378E+00    0.82378E+00    0
   16   12        20    8        0.11860          -96.04831      -68.33473         0.36188E+00    0.36188E+00    0
   20   14        26    8       -0.05184         -109.30446     -115.59978         0.10488E+01    0.10488E+01    0
   26   17        31    8        0.05677          -59.49260      -50.92450         0.73693E+00    0.73693E+00    0
   30   21        43    8        0.00215            6.73569        7.99535         0.56097E+00    0.56097E+00    0
   15   12        18    9        1.76530          -77.18336       26.80187         0.11780E+01    0.10739E+01    1
   17   13        21    9        1.56639         -187.89199     -151.82890         0.37190E+01    0.37190E+01    0
   19   14        24    9       -0.01412         -129.50008     -131.02022         0.99734E+00    0.99734E+00    0
   21   15        27    9       -0.03583          -52.46351      -58.39887         0.76545E+00    0.76545E+00    0
   25   17        29    9        0.31817          -79.03216      -59.55941         0.14877E+01    0.14877E+01    0
   27   18        32    9        0.27811          -19.39279       -5.12775         0.21569E+01    0.21569E+01    0
   29   21        41    9        0.14565            5.16127       24.40380         0.23311E+01    0.23311E+01    0
   31   22        44    9        0.03530           15.69940       21.16461         0.21192E+01    0.21192E+01    0
   33   23        47    9        0.11440           23.02506       47.87560         0.15930E+01    0.15930E+01    0
   14   12        16   10       -1.49074          566.34045      426.21355         0.44839E+00    0.44839E+00    0
   16   13        19   10       -0.17755           17.39765        6.19786         0.10023E+01    0.10023E+01    0
   20   15        25   10        0.63753           19.88769       27.56096         0.93397E+01    0.88252E+01    1
   22   16        28   10        0.08348           31.89935       42.81811         0.96099E+00    0.96099E+00    0
   26   18        30   10       -0.07377          -27.00542      -33.11734         0.10775E+01    0.10775E+01    0
   28   19        33   10       -0.09394          -14.88509      -20.18455         0.19587E+01    0.19587E+01    0
   30   22        42   10        0.00865           40.37181       42.10636         0.15579E+01    0.15579E+01    0
   34   24        48   10       -0.01964           57.01733       52.93894         0.16801E+01    0.16801E+01    0
   13   12        14   11       -0.05505          519.56520      516.13920         0.33030E+00    0.33030E+00    0
   15   13        17   11        0.66462         -203.84346     -171.83280         0.88485E+00    0.88485E+00    0
   17   14        20   11       -2.10096         -237.61373     -301.69514         0.29549E+01    0.21096E+01    1
   19   15        23   11       -3.33998         -117.71740     -201.27028         0.64397E+01    0.34661E+01    1
   21   16        26   11        0.04196         -107.44289     -103.69976         0.11998E+01    0.11998E+01    0
   27   19        31   11        0.37745          -56.17237      -39.91521         0.20774E+01    0.20774E+01    0
   29   22        40   11        0.20550           -5.15097       19.78847         0.24151E+01    0.24151E+01    0
   31   23        43   11        0.05690           14.13597       30.34229         0.10977E+01    0.10977E+01    0
   33   24        46   11        0.08262           18.29809       30.22188         0.22838E+01    0.22838E+01    0
   14   13        15   12       -1.88770         1112.26223      979.79327         0.61290E+00    0.31368E+00    1
   16   14        18   12       -1.18724         -159.80532     -161.66652         0.44721E+02    0.27321E+02    1
   20   16        24   12       -0.00704          -89.31025      -89.62735         0.19308E+01    0.19308E+01    0
   22   17        27   12        1.89148          -84.09048      -60.23233         0.92328E+01    0.83852E+01    1
   26   19        29   12       -0.40516          -82.51993      -85.75449         0.85045E+01    0.85045E+01    0
   28   20        32   12       -0.37536          -23.82164      -27.47294         0.91768E+01    0.91768E+01    0
   30   23        41   12        0.25910           27.26101       46.96113         0.38910E+01    0.38910E+01    0
   32   24        44   12       -0.07038           37.42808       33.19300         0.52196E+01    0.52196E+01    0
   34   25        47   12       -0.67574           43.12173       38.64093         0.49992E+02    0.49992E+02    0
   36   26        50   12        0.59610           -1.91484       20.03653         0.95161E+01    0.95161E+01    0
   15   14        16   13       -0.85780          290.58649      279.42650         0.28986E+01    0.16487E+01    1
   17   15        19   13        0.96629          -34.43257      -25.81588         0.48183E+01    0.48183E+01    0
   19   16        22   13        0.16994         -104.79313      -99.60987         0.21737E+01    0.21737E+01    0
   21   17        25   13       -0.20254          -10.79657      -14.47378         0.47058E+01    0.47058E+01    0
   27   20        30   13       -0.08113            2.24103        0.92400         0.41430E+01    0.41430E+01    0
   29   23        39   13        0.57450           53.70846       68.79718         0.10558E+02    0.10558E+02    0
   31   24        42   13       -0.05760           50.12896       48.67409         0.11748E+02    0.11748E+02    0
   33   25        45   13       -0.24095           66.90514       44.29550         0.33245E+01    0.33245E+01    0
   16   15        17   14        0.27001          136.08096      140.05387         0.14485E+01    0.14485E+01    0
   20   17        23   14        0.94657         -101.28622      -80.11548         0.29047E+01    0.29047E+01    0
   28   21        31   14       -0.16001          -96.62522     -103.34500         0.16107E+01    0.16107E+01    0
   30   24        40   14        0.10055           41.95654       50.68747         0.32255E+01    0.32255E+01    0
   32   25        43   14       -0.00697           24.85138       24.16437         0.30180E+01    0.30180E+01    0
   34   26        46   14        0.31214           12.59206       28.80965         0.60648E+01    0.60648E+01    0
   38   28        52   14        0.31209          -59.12637        1.23604         0.17986E+01    0.17986E+01    0
   17   16        18   15       -0.70780          219.14938      192.92459         0.59641E+00    0.59641E+00    0
   19   17        21   15        0.31679         -104.23749      -99.80179         0.31308E+01    0.31308E+01    0
   21   18        24   15        1.71720         -156.13378     -123.69177         0.36103E+01    0.34388E+01    1
   23   19        27   15       -0.39167          -99.17353     -110.20465         0.29988E+01    0.29988E+01    0
   27   21        29   15       -0.19315          -11.47314      -15.45680         0.21968E+01    0.21968E+01    0
   29   24        38   15       -0.13890           51.06696       46.43107         0.78729E+01    0.78729E+01    0
   31   25        41   15       -0.04855           32.58785       30.70684         0.71909E+01    0.71909E+01    0
   37   28        50   15        0.38359          -34.36670        0.52853         0.36352E+01    0.36352E+01    0
   18   17        19   16        0.69359          136.83570      162.81756         0.56051E+00    0.56051E+00    0
   22   19        25   16       -1.46904          -39.75814      -48.74874         0.13835E+02    0.10263E+02    1
   24   20        28   16       -0.03458          -70.29975      -71.09880         0.36486E+01    0.36486E+01    0
   28   22        30   16       -0.60557         -100.61498     -101.40318         0.34727E+02    0.34357E+02    1
   30   25        39   16       -0.12524           28.63901       25.60227         0.10880E+02    0.10880E+02    0
   34   27        45   16       -0.33159           15.13179        2.35603         0.77191E+01    0.77191E+01    0
   36   28        48   16        0.22349          -13.54308        2.19914         0.44461E+01    0.44461E+01    0
   19   18        20   17       -1.06207          389.30217      339.90637         0.48349E+00    0.48349E+00    0
   21   19        23   17       -0.83799          -45.09644      -63.48162         0.19582E+01    0.19582E+01    0
   23   20        26   17        0.10796          -90.98260      -90.89106         0.75972E+02    0.75972E+02    0
   29   25        37   17       -0.99243           52.76057       20.78968         0.77248E+01    0.77248E+01    0
   20   19        21   18        0.23823          355.98407      364.67975         0.58000E+00    0.58000E+00    0
   22   20        24   18       -0.43988           37.63374       25.57267         0.15589E+01    0.15589E+01    0
   21   20        22   19       -0.15167          429.53796      425.06032         0.10001E+01    0.76727E+00    1
   23   21        25   19       -0.04197           44.58095       43.78598         0.22727E+01    0.22727E+01    0
   25   22        28   19        0.54108         -161.38132     -158.64145         0.14618E+02    0.12911E+02    1
   33   28        42   19        0.10085           -1.30726        4.85900         0.43528E+01    0.43528E+01    0
   22   21        23   20        0.07318          495.13740      498.30234         0.48831E+00    0.48831E+00    0
   24   22        26   20       -0.07347           -9.57441      -10.77236         0.26713E+01    0.26713E+01    0
   30   27        37   20       -0.32897          -32.86745      -65.77591         0.24468E+01    0.24468E+01    0
   32   28        40   20        0.02489          -13.72699       -9.62543         0.15292E+01    0.15292E+01    0
   23   22        24   21       -0.15855          575.54645      570.13739         0.65887E+00    0.65887E+00    0
   25   23        27   21       -0.00045            3.28497        3.27658         0.23120E+01    0.23120E+01    0
   31   28        38   21       -0.06610           -7.38520      -15.81707         0.18994E+01    0.18994E+01    0
   24   23        25   22        0.68486          569.23545      590.67573         0.66111E+00    0.66111E+00    0
   26   24        28   22        0.20326           20.46213       25.32747         0.17546E+01    0.17546E+01    0
   30   28        36   22       -0.07877          -75.19455      -86.95328         0.16715E+01    0.16715E+01    0
   40   29        51   22       -0.08687          -18.23153      -31.08893         0.10511E+01    0.10511E+01    0
   25   24        26   23       -1.26300         1156.81280     1091.62908         0.57203E+00    0.43210E+00    1
   29   28        34   23       -1.21360          -34.02062      -67.16577         0.11216E+02    0.11216E+02    0
   39   29        49   23       -0.27356          -28.67526      -45.35593         0.22043E+01    0.22043E+01    0
   41   30        52   23       -1.92641            6.40032       -6.02764         0.25930E+02    0.23850E+02    1
   26   25        27   24       -0.29333          498.95027      492.97059         0.99593E+00    0.99593E+00    0
   38   29        47   24        0.00065          -48.42952      -48.40240         0.26814E+01    0.26814E+01    0
   40   30        50   24       -0.97119          -21.71245      -33.30476         0.11088E+02    0.11088E+02    0
   27   26        28   25       -0.79862         1154.06494     1125.69866         0.12041E+01    0.60398E+00    1
   37   29        45   25       -0.03973          -63.15599      -64.01656         0.42049E+01    0.42049E+01    0
   39   30        48   25       -1.03541          -28.51658      -31.77047         0.35357E+02    0.35357E+02    0
   41   31        51   25        0.37706          -19.80018      -11.33164         0.58850E+01    0.58850E+01    0
   36   29        43   26        0.06764          -92.18651      -90.02275         0.21351E+01    0.21351E+01    0
   38   30        46   26       -0.01068          -59.74419      -59.81286         0.13806E+02    0.13806E+02    0
   40   31        49   26        0.72817          -73.10690      -62.24104         0.73979E+01    0.73979E+01    0
   37   30        44   27       -0.61659          -17.09670      -18.15027         0.39219E+02    0.39219E+02    0
   39   31        47   27        1.72332          -48.56096      -34.36872         0.11791E+02    0.10759E+02    1
   34   29        39   28        0.08661         -125.01505     -122.64539         0.81610E+00    0.81610E+00    0
   36   30        42   28        0.23409         -100.24381      -96.01267         0.24658E+01    0.24658E+01    0
   38   31        45   28       -0.10462         -118.77026     -120.74985         0.35378E+01    0.35378E+01    0
   40   32        48   28       -0.11731          -44.33223      -49.76280         0.18947E+01    0.18947E+01    0
   42   33        51   28        0.13501          -41.41973      -35.09099         0.23146E+01    0.23146E+01    0
   31   30        32   29       -0.54677          586.12332      558.23321         0.48722E+00    0.38354E+00    1
   33   31        35   29       -0.37338           32.62371       19.84622         0.11689E+01    0.11689E+01    0
   37   33        41   29        0.20345          -73.76586      -61.76839         0.13889E+01    0.13889E+01    0
   39   34        44   29        0.08105          -68.98234      -62.57866         0.12518E+01    0.12518E+01    0
   43   36        50   29       -0.31963            2.31369        0.36458         0.22368E+02    0.22368E+02    0
   32   31        33   30        0.33225            5.42398       17.68045         0.56741E+00    0.56741E+00    0
   34   32        36   30        1.15257            7.72765       65.88690         0.80801E+00    0.80801E+00    0
   36   33        39   30       -0.10202          -64.75312      -70.00046         0.12008E+01    0.12008E+01    0
   38   34        42   30        0.27496         -149.28119     -131.94894         0.12869E+01    0.12869E+01    0
   42   36        48   30       -0.01465          -30.43338      -30.46391         0.56110E+02    0.56110E+02    0
   44   37        51   30        0.15391          -22.55235      -13.30829         0.22845E+01    0.22845E+01    0
   33   32        34   31        0.41395          490.42472      507.19459         0.51955E+00    0.47935E+00    1
   35   33        37   31       -0.46014            3.66541      -17.46599         0.88494E+00    0.88494E+00    0
   37   34        40   31        0.48415         -121.74526      -98.40140         0.12498E+01    0.12498E+01    0
   39   35        43   31        0.55875         -140.02878      -95.31390         0.99616E+00    0.99616E+00    0
   41   36        46   31        0.60872          -54.22853      -52.06914         0.27477E+02    0.27477E+02    0
   43   37        49   31        0.10619          -23.48017      -18.22416         0.23526E+01    0.23526E+01    0
   45   38        52   31        0.19839            6.06140        7.26507         0.22665E+02    0.22665E+02    0
   34   33        35   32       -1.33523          490.52105      416.17222         0.46027E+00    0.36947E+00    1
   36   34        38   32       -0.02640          -44.87017      -46.08116         0.87031E+00    0.87031E+00    0
   38   35        41   32        0.26805         -140.27690     -121.36304         0.85293E+00    0.85293E+00    0
   40   36        44   32       -0.52223         -107.53247     -120.53969         0.31694E+01    0.31694E+01    0
   42   37        47   32        0.17496          -24.56793      -13.71686         0.15640E+01    0.15640E+01    0
   44   38        50   32        0.35278          -22.14093      -11.92845         0.40657E+01    0.40657E+01    0
   37   35        39   33       -0.05781           31.11259       28.48193         0.88557E+00    0.88557E+00    0
   39   36        42   33       -2.11684            2.46482      -31.76626         0.51699E+01    0.37013E+01    1
   41   37        45   33        0.01002            2.50367        2.82175         0.24498E+01    0.24498E+01    0
   43   38        48   33       -1.11340           24.61370       19.14163         0.19740E+02    0.19740E+02    0
   45   39        51   33        0.82347           -2.12496        4.32907         0.15131E+02    0.15131E+02    0
   36   35        37   34       -1.96165          651.17740      516.06432         0.46455E+00    0.28876E+00    1
   38   36        40   34        0.10552            9.29722       10.97539         0.25416E+01    0.25416E+01    0
   40   37        43   34        0.09441          -89.98461      -85.99267         0.14300E+01    0.14300E+01    0
   42   38        46   34       -0.15857           10.07987        7.68672         0.51669E+01    0.51669E+01    0
   44   39        49   34        0.01594          -29.72009      -29.61949         0.15750E+02    0.15750E+02    0
   46   40        52   34        2.59338            2.85804       21.44746         0.28386E+02    0.16631E+02    1
   37   36        38   35       -0.61296          317.37867      303.18798         0.10092E+01    0.88310E+00    1
   43   39        47   35       -1.74417           35.36599       12.08798         0.62698E+01    0.59030E+01    1
   38   37        39   36       -0.81202          324.01388      302.96325         0.92523E+00    0.78674E+00    1
   40   38        42   36        0.18709           46.07495       48.44822         0.32146E+01    0.32146E+01    0
   42   39        45   36       -0.09513           47.47535       47.26054         0.26146E+02    0.26146E+02    0
   44   40        48   36        0.59500           16.51322       17.76256         0.43412E+02    0.37778E+02    1
   46   41        51   36        0.05524          -16.42250      -14.01978         0.22973E+01    0.22973E+01    0
   39   38        40   37       -0.24040          281.49877      278.72374         0.17157E+01    0.17157E+01    0
   41   39        43   37       -0.00015           90.24376       90.24260         0.53980E+01    0.53980E+01    0
   43   40        46   37        0.59535           41.64841       49.87796         0.42636E+01    0.42636E+01    0
   45   41        49   37       -1.09910          -28.95532      -47.04255         0.48967E+01    0.48967E+01    0
   47   42        52   37        0.47302          -48.07437      -41.00078         0.67393E+01    0.67393E+01    0
   40   39        41   38       -0.43678           12.04196       10.54123         0.60918E+01    0.60918E+01    0
   42   40        44   38        1.73520          168.02238      176.15785         0.14258E+02    0.83372E+01    1
   44   41        47   38        0.00514          -32.23868      -32.14330         0.32250E+01    0.32250E+01    0
   46   42        50   38       -2.20892          -28.17018      -39.57222         0.29379E+02    0.15706E+02    1
   41   40        42   39        0.54530          342.53044      343.99189         0.12612E+02    0.75741E+01    1
   43   41        45   39        1.09202           58.15689       75.92400         0.23995E+01    0.23995E+01    0
   45   42        48   39       -0.66534            0.06559       -3.99853         0.99392E+01    0.99392E+01    0
   47   43        51   39       -1.50585          -47.04480      -47.73211         0.88491E+03    0.17595E+03    1
   42   41        43   40       -0.97570          112.67847      103.59344         0.21370E+01    0.21370E+01    0
   44   42        46   40       -0.31865          -52.48863      -52.78274         0.43994E+02    0.43994E+02    0
   46   43        49   40       -1.58836          -74.41083      -76.05004         0.70035E+03    0.59513E+02    1
   48   44        52   40       -1.92385          -17.60455      -20.04381         0.33461E+03    0.62062E+02    1
   43   42        44   41       -4.82169          522.73589      291.65445         0.29430E+01    0.42003E+00    1
   45   43        47   41       -0.99968           99.20978       94.40102         0.90201E+01    0.84667E+01    1
   47   44        50   41       -0.04267           37.44057       37.12878         0.80535E+01    0.80535E+01    0
   44   43        45   42       -1.44435          116.27065      107.89211         0.91759E+01    0.34490E+01    1
   46   44        48   42       -0.25165          163.69375      161.70096         0.53584E+01    0.49345E+01    1
   48   45        51   42       -0.51046           33.58192       32.59343         0.29942E+02    0.29942E+02    0
   45   44        46   43       -0.09384          212.02704      211.43902         0.30847E+01    0.30847E+01    0
   47   45        49   43       -0.70026           31.55750       31.02144         0.82361E+02    0.51005E+02    1
   49   46        52   43        0.08902          -11.15921      -10.66205         0.10368E+02    0.10368E+02    0
   46   45        47   44        0.27609          258.33381      260.72605         0.40123E+01    0.22463E+01    1
   48   46        50   44        2.72979          -35.78618      -10.84145         0.92345E+01    0.42269E+01    1
   47   46        48   45        1.32775          174.50075      178.82620         0.88796E+01    0.59830E+01    1
   49   47        51   45       -0.29404           82.99657       81.88177         0.10303E+02    0.10303E+02    0
   48   47        49   46       -2.33926          303.39437      264.22267         0.27862E+01    0.11723E+01    1
   50   48        52   46       -0.91167           10.17915        6.09589         0.10516E+02    0.86965E+01    1
   49   48        50   47       -1.96302          277.68537      252.09286         0.40546E+01    0.15034E+01    1
   50   49        51   48        0.04200           84.69171       84.98389         0.28454E+01    0.28454E+01    0
   51   50        52   49       -0.04739           42.43245       41.91398         0.17709E+01    0.17709E+01    0
