    P+   P-        C+   C-  Normalised_Error  Observed_Rho_a  Calculated_Rho_a  Original_Weight  Final_Weight    C
    2    8         4    6       -0.35818          605.51726      600.02250         0.32642E+01    0.32642E+01    0
    2   20         8   14       -0.38186           65.32048       40.95062         0.21540E+01    0.21540E+01    0
    2   23         9   16       -1.51557           99.38653       44.19452         0.51541E+01    0.43536E+01    1
    2   26        10   18        2.40928         -105.83527       -3.87826         0.14405E+02    0.42361E+01    1
    2   31        13   24       -1.78472           -5.62519      -23.52950         0.27863E+02    0.15777E+02    1
    2   34        14   26        0.30116          -21.41661      -20.36047         0.50291E+02    0.50291E+02    0
    2   37        15   28        0.18522           -0.47015        7.20447         0.47549E+01    0.47549E+01    0
    3    6         4    5        0.06308          855.08047      856.83518         0.76616E+00    0.76616E+00    0
    3    9         5    7       -0.06160          887.18152      886.21493         0.27061E+01    0.27061E+01    0
    3   12         6    9        0.04208           -0.28085        1.22451         0.17442E+01    0.17442E+01    0
    3   15         7   11       -0.97265         -185.40104     -188.30110         0.29754E+02    0.29441E+02    1
    3   18         8   13        1.28557          -35.18576       -4.67740         0.46803E+01    0.46607E+01    1
    3   21         9   15        1.16507          -17.22826       -7.68902         0.17082E+02    0.16177E+02    1
    3   24        10   17       -0.62611          -44.72379      -45.76835         0.92412E+02    0.92412E+02    0
    3   27        11   19       -0.48845          -16.46396      -42.94444         0.32005E+01    0.32005E+01    0
    3   29        13   23       -1.61670          -37.64340      -41.57532         0.92042E+02    0.56106E+02    1
    3   32        14   25        0.95934          -25.33634      -15.41441         0.15041E+02    0.15041E+02    0
    4    7         5    6       -0.34215         2612.12513     2591.76989         0.71092E+00    0.39673E+00    1
    4   10         6    8       -0.11859           81.25133       77.53127         0.13269E+01    0.13269E+01    0
    4   13         7   10        0.19334         -242.80236     -220.51211         0.56532E+00    0.56532E+00    0
    4   16         8   12       -0.30734          -85.91418      -92.08054         0.44525E+01    0.44525E+01    0
    4   19         9   14       -1.34730          -18.94347      -21.67887         0.71213E+02    0.54292E+02    1
    4   22        10   16        1.39330         -106.34933      -68.76450         0.53356E+01    0.49024E+01    1
    4   28        12   20        0.00302          -44.03193      -43.99464         0.13825E+02    0.13825E+02    0
    4   30        14   24       -0.78271          -26.81866      -28.18577         0.82246E+02    0.76969E+02    1
    4   33        15   26        0.64068          -28.40514      -20.90746         0.13185E+02    0.13185E+02    0
    4   36        16   28        0.66976          -32.48473      -21.97476         0.11099E+02    0.11099E+02    0
    4   45        19   30       -1.33425           40.45208       18.21511         0.22671E+02    0.21752E+02    1
    5    8         6    7        0.03104         1852.87359     1854.12228         0.84870E+00    0.50956E+00    1
    5   14         8   11       -0.98590         -157.04011     -162.13334         0.13503E+02    0.12778E+02    1
    5   17         9   13       -1.26180          -36.78204      -38.26764         0.17962E+03    0.74857E+02    1
    5   20        10   15        0.65880         -186.89149     -151.00292         0.20191E+01    0.20191E+01    0
    5   23        11   17       -1.88833          -88.48196     -116.54154         0.17005E+02    0.88211E+01    1
    5   26        12   19       -1.60857          -87.45631      -88.21160         0.40435E+03    0.32180E+03    1
    5   31        15   25        1.65997          -53.65896      -44.20156         0.30645E+02    0.23633E+02    1
    5   34        16   27       -1.69797          -50.59780      -52.72535         0.17093E+03    0.12218E+03    1
    5   43        19   29        0.48904            3.32867        4.46879         0.14786E+03    0.14786E+03    0
    5   46        20   31        1.92516           -9.33317       20.84367         0.45684E+02    0.23143E+02    1
    6    9         7    8       -0.29229         1028.93151     1020.98234         0.84027E+00    0.84027E+00    0
    6   15         9   12        0.76945          -85.76972      -71.71278         0.36809E+01    0.36809E+01    0
    6   18        10   14       -1.27086         -104.55755     -131.33140         0.42044E+01    0.42044E+01    0
    6   24        12   18       -1.76524          -56.07735      -67.46682         0.37065E+02    0.20127E+02    1
    6   27        13   20       -1.44261         -101.48644     -129.61486         0.86762E+01    0.76993E+01    1
    6   29        15   24       -1.81012          -41.09499      -57.89642         0.20783E+02    0.12224E+02    1
    6   32        16   26        2.67045          -54.77394      -37.76737         0.15654E+03    0.20880E+02    1
    6   44        20   30       -0.29331           20.43995       18.35667         0.48723E+02    0.48723E+02    0
    6   47        21   32        0.46975           16.62902       22.19955         0.30748E+02    0.30748E+02    0
    7   16        10   13       -0.22375           88.80570       87.21704         0.91761E+01    0.91761E+01    0
    7   22        12   17       -0.09030          -38.97573      -41.11110         0.45395E+01    0.45395E+01    0
    7   25        13   19        1.44173          -92.64073      -74.00285         0.11193E+02    0.99391E+01    1
    7   28        14   21       -0.82126          -41.89645      -51.42483         0.12704E+02    0.12704E+02    0
    7   30        16   25       -1.50333          -16.75933      -20.95680         0.76799E+02    0.40235E+02    1
    7   33        17   27       -1.42868           10.77005       -8.62332         0.10859E+02    0.97301E+01    1
    7   42        20   29       -0.60251           45.61609       39.40144         0.31608E+02    0.31608E+02    0
    7   45        21   31       -0.27945           49.27295       46.34006         0.32756E+02    0.32756E+02    0
    7   48        22   33       -0.87373           32.20750       20.87602         0.28118E+02    0.28118E+02    0
    8   14        10   12        1.28386         -243.94452     -213.43870         0.21389E+01    0.18311E+01    1
    8   20        12   16        0.07402         -102.81215     -100.05157         0.22674E+01    0.22674E+01    0
    8   26        14   20       -0.05455         -129.46763     -129.51266         0.15428E+03    0.15428E+03    0
    8   31        17   26       -1.71752          -30.56678      -53.21807         0.12232E+02    0.84335E+01    1
    8   43        21   30        1.83336           -1.34987       17.26793         0.55001E+02    0.32305E+02    1
    9   18        12   15       -0.85297          -86.64000      -98.40414         0.45866E+01    0.45866E+01    0
    9   21        13   17       -0.43967         -184.29952     -190.32976         0.62429E+01    0.62429E+01    0
    9   24        14   19        0.16837         -139.04373     -138.38185         0.27311E+02    0.27311E+02    0
    9   27        15   21       -1.09883          -75.10384      -94.49086         0.71875E+01    0.71875E+01    0
    9   29        17   25       -0.39611          -67.90542      -68.98279         0.33475E+02    0.33475E+02    0
    9   32        18   27       -2.29484           24.67013      -25.30218         0.14468E+02    0.50805E+01    1
    9   41        21   29        0.41049           -2.48488       26.04115         0.44320E+01    0.44320E+01    0
    9   44        22   31        1.83897           12.75079       20.23358         0.25801E+03    0.80629E+02    1
    9   47        23   33        0.32489           12.55746       18.80789         0.17987E+02    0.17987E+02    0
   10   16        12   14       -0.88409           99.97892       94.48810         0.68521E+01    0.67862E+01    1
   10   19        13   16        0.90728         -143.78883     -136.22941         0.75887E+01    0.75887E+01    0
   10   25        15   20        1.35012          -82.97939      -56.60461         0.57344E+01    0.54374E+01    1
   10   28        16   22       -0.43388          -38.71473      -47.33794         0.63246E+01    0.63246E+01    0
   10   30        18   26       -1.47732          -19.56877      -46.87785         0.55727E+01    0.48290E+01    1
   10   33        19   28       -0.81966          -29.04611      -32.27920         0.28014E+02    0.28014E+02    0
   10   42        22   30       -0.66142           22.24879       17.26302         0.41433E+02    0.41433E+02    0
   10   48        24   34       -1.57881           36.76949        9.65849         0.25061E+02    0.20321E+02    1
   11   14        12   13        0.39597          728.30188      733.68865         0.15110E+01    0.15110E+01    0
   11   17        13   15       -0.15610          -76.09669      -76.83330         0.90316E+01    0.90316E+01    0
   11   20        14   17       -0.01549         -138.70024     -139.30027         0.16612E+01    0.16612E+01    0
   11   23        15   19       -0.13540          -70.60205      -70.74039         0.95264E+02    0.84867E+02    1
   11   26        16   21        0.30079          -70.10092      -69.92080         0.17871E+03    0.17871E+03    0
   11   31        19   27        0.07390          -31.34387      -30.99714         0.19071E+02    0.19071E+02    0
   11   40        22   29        1.38737           14.80325       35.29359         0.22144E+02    0.19845E+02    1
   11   43        23   31        1.47707           28.17492       35.24049         0.75413E+02    0.65361E+02    1
   11   46        24   33        1.08720           20.11129       27.91270         0.45934E+02    0.45934E+02    0
   12   15        13   14       -2.30696         1156.00601      705.97147         0.10552E+01    0.11284E+00    1
   12   18        14   16       -0.71943         -104.86203     -117.61760         0.24157E+01    0.24157E+01    0
   12   24        16   20       -1.51014          -96.57117     -111.58590         0.15543E+02    0.87478E+01    1
   12   27        17   22        0.73173          -47.96666      -37.15055         0.71554E+01    0.71554E+01    0
   12   29        19   26       -1.16391          -77.86746      -84.79101         0.11414E+02    0.11414E+02    0
   12   32        20   28        0.42256          -24.80925      -24.33522         0.79574E+02    0.79574E+02    0
   12   41        23   30        0.07801           22.83036       27.92558         0.45292E+01    0.45292E+01    0
   12   44        24   32       -1.73926           39.24911       30.73920         0.87745E+02    0.64192E+02    1
   12   47        25   34       -0.18586           19.79979       15.33447         0.13798E+02    0.13798E+02    0
   12   50        26   36        1.74496          -37.70366      -33.14958         0.66370E+03    0.13427E+03    1
   13   16        14   15       -0.40857          266.96832      262.08366         0.17941E+01    0.17941E+01    0
   13   19        15   17        0.54394          -48.94407      -40.05426         0.26289E+01    0.26289E+01    0
   13   22        16   19       -0.02202         -116.03878     -116.60834         0.25629E+01    0.25629E+01    0
   13   25        17   21       -1.07864           -5.24798      -14.72105         0.97281E+01    0.97281E+01    0
   13   30        20   27        0.56306            9.75418       11.16715         0.27925E+02    0.26799E+02    1
   13   39        23   29       -0.03772           50.16671       49.42870         0.14173E+02    0.14173E+02    0
   13   42        24   31        0.82230           39.83865       47.88234         0.30337E+02    0.30337E+02    0
   13   45        25   33       -2.59755           74.39017       30.37518         0.88476E+02    0.18410E+02    1
   14   17        15   16       -0.04931          182.90233      182.17010         0.14353E+01    0.14353E+01    0
   14   23        17   20       -0.76631          -89.98037      -90.77561         0.62602E+02    0.62602E+02    0
   14   31        21   28       -0.26709          -86.35000      -88.19494         0.97926E+01    0.97926E+01    0
   14   40        24   30       -0.06424           36.78238       35.91764         0.20807E+02    0.20807E+02    0
   14   43        25   32        0.89707           15.52494       16.33281         0.48269E+03    0.33048E+03    1
   14   46        26   34        1.77386          -12.15703        6.82776         0.54360E+02    0.29442E+02    1
   14   52        28   38        0.87431          -56.68502      -54.59462         0.20376E+03    0.14550E+03    1
   15   18        16   17        0.26854          328.51793      335.61021         0.83669E+00    0.83669E+00    0
   15   21        17   19       -0.17458          -97.97707     -100.89026         0.26270E+01    0.26270E+01    0
   15   24        18   21        1.37908         -140.54412     -125.96385         0.93530E+01    0.61450E+01    1
   15   27        19   23       -0.17177         -103.05821     -105.21823         0.67164E+01    0.67164E+01    0
   15   29        21   27       -0.85927           11.67812        5.46548         0.71017E+01    0.62668E+01    1
   15   38        24   29       -1.13888           47.14330       34.64948         0.23952E+02    0.23952E+02    0
   15   41        25   31        0.21168           10.69715       23.41373         0.46376E+01    0.46376E+01    0
   15   50        28   37       -0.91164          -43.67705      -45.62199         0.15500E+03    0.15500E+03    0
   16   19        17   18        0.01506          130.73300      131.02916         0.10679E+01    0.10679E+01    0
   16   25        19   22        0.46928          -55.85405      -52.33170         0.83678E+01    0.83678E+01    0
   16   28        20   24        0.12869          -70.78636      -69.24936         0.70583E+01    0.70583E+01    0
   16   30        22   28        1.05783          -91.02308      -82.39456         0.68689E+01    0.54824E+01    1
   16   39        25   30        0.37644            6.14172       13.01207         0.14455E+02    0.14455E+02    0
   16   45        27   34       -2.25143           41.96365        8.91014         0.82148E+02    0.20258E+02    1
   16   48        28   36        0.38544          -21.63240      -20.40459         0.98313E+02    0.98313E+02    0
   17   20        18   19       -0.44327          560.07462      542.74233         0.57509E+00    0.57509E+00    0
   17   23        19   21       -0.64251          -77.77466      -80.53184         0.10012E+02    0.10012E+02    0
   17   26        20   23       -0.35828          -73.91067      -75.86458         0.11811E+02    0.11811E+02    0
   17   37        25   29        0.09358            7.63083       12.50953         0.47736E+01    0.47736E+01    0
   18   21        19   20        0.06047          394.78855      396.38044         0.80416E+00    0.80416E+00    0
   18   24        20   22       -0.00212           52.89507       52.87392         0.42882E+01    0.42882E+01    0
   19   22        20   21       -0.02535          451.43903      450.77997         0.87110E+00    0.87110E+00    0
   19   25        21   23        0.86544           34.38959       51.30256         0.24488E+01    0.22028E+01    1
   19   28        22   25        1.12461         -153.27691     -142.03727         0.65416E+01    0.65416E+01    0
   19   42        28   33        1.97703          -12.93312       24.12714         0.30915E+02    0.14198E+02    1
   20   23        21   22       -0.03343          604.66192      603.95331         0.99646E+00    0.99646E+00    0
   20   26        22   24       -0.75519          -20.51377      -28.88800         0.39279E+01    0.39279E+01    0
   20   37        27   30        0.14736          -51.69542      -45.26320         0.56076E+01    0.56076E+01    0
   20   40        28   32        1.63715          -14.24061       12.90230         0.19576E+02    0.15199E+02    1
   21   24        22   23       -0.15492          771.67152      766.47013         0.66951E+00    0.66951E+00    0
   21   27        23   25       -0.26381            1.99855       -2.07721         0.28090E+01    0.28090E+01    0
   21   38        28   31        1.56827          -15.21993        6.07910         0.21856E+02    0.17841E+02    1
   22   25        23   24       -0.22453          620.08260      614.91360         0.89904E+00    0.89904E+00    0
   22   28        24   26       -0.31130           36.77600       31.23418         0.23592E+01    0.23592E+01    0
   22   36        28   30       -0.20953          -76.95410      -81.13611         0.12502E+02    0.12502E+02    0
   22   51        29   40       -1.31051          -17.93616      -19.70094         0.15174E+03    0.11553E+03    1
   23   26        24   25       -0.48877         1355.24789     1332.03205         0.62309E+00    0.46951E+00    1
   23   34        28   29       -1.69958          -36.51634      -56.05213         0.37763E+02    0.26649E+02    1
   23   49        29   39       -0.03304          -32.49953      -32.68399         0.24073E+02    0.24073E+02    0
   23   52        30   41       -2.22839            3.10155        2.05105         0.56814E+03    0.32639E+03    1
   24   27        25   26        0.00559          559.89683      560.03995         0.79260E+00    0.79260E+00    0
   24   47        29   38        1.10743          -48.69374      -39.48025         0.13519E+02    0.13519E+02    0
   24   50        30   40       -2.04960          -25.27047      -27.03994         0.28441E+03    0.15330E+03    1
   25   28        26   27       -0.61266         1210.75144     1187.33512         0.78895E+00    0.56129E+00    1
   25   45        29   37       -1.10035          -60.25157      -63.21351         0.33835E+02    0.33835E+02    0
   25   48        30   39        1.43497          -32.71103      -26.51163         0.31895E+02    0.25719E+02    1
   25   51        31   41       -0.57522          -21.52203      -22.69571         0.64779E+02    0.64779E+02    0
   26   43        29   36       -0.80191          -89.86922      -93.47647         0.15184E+02    0.15184E+02    0
   26   46        30   38       -1.01797          -50.88695      -52.30723         0.63655E+02    0.63655E+02    0
   26   49        31   40        2.40209          -87.35280      -70.43714         0.10064E+03    0.15676E+02    1
   27   44        30   37       -0.39111          -11.11594      -12.85443         0.15076E+02    0.15076E+02    0
   27   47        31   39        0.16468          -47.41182      -45.54410         0.78128E+01    0.78128E+01    0
   28   39        29   34       -0.05535          -92.05740      -92.58625         0.23368E+01    0.23368E+01    0
   28   42        30   36        1.25851          -91.45761      -81.75262         0.75719E+01    0.57796E+01    1
   28   45        31   38       -1.81330         -103.90654     -115.80520         0.20456E+02    0.10202E+02    1
   28   48        32   40       -0.83947          -55.56656      -57.45853         0.38919E+02    0.38919E+02    0
   28   51        33   42        0.40767          -41.77091      -39.80136         0.22458E+02    0.22458E+02    0
   29   32        30   31       -0.73038          583.98308      570.94745         0.10962E+01    0.10962E+01    0
   29   35        31   33        0.16637           64.64834       68.20277         0.18723E+01    0.18723E+01    0
   29   41        33   37        0.60748          -71.59580      -57.12706         0.34388E+01    0.34388E+01    0
   29   44        34   39       -0.16098          -70.02818      -71.06713         0.15325E+02    0.15325E+02    0
   29   50        36   43       -1.53722            0.03719       -4.87868         0.16667E+03    0.42653E+02    1
   30   33        31   32        0.00219           84.84334       84.87388         0.14989E+01    0.14989E+01    0
   30   36        32   34       -0.12793           13.75187       11.63584         0.24651E+01    0.24651E+01    0
   30   39        33   36       -1.26181          -59.97559      -62.53818         0.46813E+02    0.30410E+02    1
   30   42        34   38       -1.32561         -143.79874     -144.96836         0.95203E+02    0.91941E+02    1
   30   48        36   42       -1.66708          -30.48588      -31.12555         0.10000E+04    0.30481E+03    1
   30   51        37   44       -1.54452          -20.28727      -21.21935         0.31799E+03    0.22738E+03    1
   31   34        32   33        0.20938          503.15570      506.91666         0.10811E+01    0.10811E+01    0
   31   37        33   35       -0.06317           51.07392       49.74785         0.19361E+01    0.19361E+01    0
   31   40        34   37        0.04847         -119.78073     -119.63753         0.20397E+02    0.20397E+02    0
   31   43        35   39        2.05709         -182.27115     -141.93399         0.12715E+02    0.40655E+01    1
   31   46        36   41        0.47852          -60.38888      -58.84442         0.30200E+02    0.30200E+02    0
   31   49        37   43        0.97384          -27.22735      -21.74727         0.20694E+02    0.20694E+02    0
   31   52        38   45       -2.32561            8.52918       -7.36012         0.64904E+02    0.20127E+02    1
   32   35        33   34        0.26046          494.54291      501.08489         0.81907E+00    0.81907E+00    0
   32   38        34   36       -0.70437          -24.00850      -28.30743         0.65400E+01    0.65400E+01    0
   32   41        35   38        0.96973         -192.67799     -175.17740         0.33348E+01    0.33348E+01    0
   32   44        36   40       -2.02471         -108.70017     -129.91597         0.18111E+02    0.75336E+01    1
   32   47        37   42        1.15106          -27.36380      -13.76324         0.82095E+01    0.82095E+01    0
   32   50        38   44        2.49470          -36.90039      -27.01973         0.13538E+03    0.29716E+02    1
   33   39        35   37        0.12492           18.80394       19.53247         0.69095E+01    0.69095E+01    0
   33   42        36   39       -1.87778            1.50017      -29.00693         0.84827E+01    0.36841E+01    1
   33   45        37   41        0.24676            4.02252        5.40535         0.13882E+02    0.13882E+02    0
   33   48        38   43       -0.66415           21.64473       20.67753         0.66620E+02    0.66620E+02    0
   33   51        39   45        1.33840           -2.08964       -1.08050         0.16444E+03    0.15729E+03    1
   34   37        35   36       -1.89996          603.22656      495.64115         0.92894E+00    0.35123E+00    1
   34   40        36   38        0.46907           17.68735       20.94645         0.58177E+01    0.58177E+01    0
   34   43        37   40        1.80895          -93.16323      -69.32660         0.99508E+01    0.45886E+01    1
   34   46        38   42        0.02107            0.58158        0.62819         0.35248E+02    0.35248E+02    0
   34   49        39   44        0.59374          -28.98661      -28.82928         0.37505E+03    0.37505E+03    0
   34   52        40   46        1.46451            4.40707        6.77341         0.11556E+03    0.73781E+02    1
   35   38        36   37        0.27327          287.91791      292.71575         0.11645E+01    0.11645E+01    0
   35   47        39   43       -1.77701           60.25582       34.23480         0.90237E+01    0.53802E+01    1
   36   39        37   38        0.06104          319.84264      320.36656         0.23761E+01    0.23761E+01    0
   36   42        38   40        0.52938           44.73304       46.72904         0.10815E+02    0.10815E+02    0
   36   45        39   42        0.39653           52.98808       54.00980         0.22913E+02    0.22913E+02    0
   36   48        40   44       -1.48864           21.92357       20.60804         0.25949E+03    0.89761E+02    1
   36   51        41   46       -0.98925          -11.49455      -13.25718         0.87159E+02    0.56081E+02    1
   37   40        38   39       -0.60435          249.46007      243.63368         0.20544E+01    0.20544E+01    0
   37   43        39   41        0.18818           92.27949       93.04911         0.10088E+02    0.10088E+02    0
   37   46        40   43        0.06931           43.48776       43.69113         0.20086E+02    0.20086E+02    0
   37   49        41   45       -2.32213          -22.59012      -45.36132         0.49401E+02    0.82176E+01    1
   37   52        42   47        0.00332          -46.02556      -46.02002         0.60375E+02    0.60375E+02    0
   38   41        39   40        0.30844           23.00976       25.76271         0.23451E+01    0.23451E+01    0
   38   44        40   42       -0.42252          173.56962      171.86777         0.97046E+01    0.97046E+01    0
   38   47        41   44        0.46814          -24.01256      -21.39423         0.10706E+02    0.10706E+02    0
   38   50        42   46       -1.50259          -21.93053      -26.29558         0.39910E+02    0.27907E+02    1
   39   42        40   41       -0.16580          338.90752      338.24125         0.50515E+01    0.50515E+01    0
   39   45        41   43        0.73644           71.40712       73.93713         0.11606E+02    0.11364E+02    1
   39   48        42   45        0.45463           11.60165       12.63155         0.26800E+02    0.26800E+02    0
   39   51        43   47       -0.76917          -44.28144      -44.51727         0.10000E+04    0.26194E+03    1
   40   43        41   42       -0.80106          125.06462      121.27620         0.49241E+01    0.42074E+01    1
   40   46        42   44       -0.03907          -46.02542      -46.14013         0.16838E+02    0.13831E+02    1
   40   49        43   46        1.73785          -68.25675      -55.42548         0.26192E+02    0.83184E+01    1
   40   52        44   48       -0.99470          -15.33269      -18.37170         0.25756E+02    0.25756E+02    0
   41   44        42   43       -2.56488          533.49725      343.66641         0.36534E+01    0.27199E+00    1
   41   47        43   45       -0.48303           99.78791       96.85875         0.67161E+01    0.67161E+01    0
   41   50        44   47       -0.23611           39.76151       39.03738         0.19188E+02    0.19188E+02    0
   42   45        43   44       -0.85743          130.89327      125.88126         0.67527E+01    0.34227E+01    1
   42   48        44   46        1.31925          176.18051      182.23620         0.97675E+01    0.85127E+01    1
   42   51        45   48       -0.75885           42.19364       40.62065         0.30165E+02    0.27972E+02    1
   43   46        44   45       -0.06086          210.91756      210.61121         0.38399E+01    0.38399E+01    0
   43   49        45   47        0.08451           38.28979       38.57068         0.11748E+02    0.11748E+02    0
   43   52        46   49        0.60828           -5.17389       -2.87982         0.17913E+02    0.15353E+02    1
   44   47        45   46        0.12776          259.13732      259.88070         0.33449E+01    0.33449E+01    0
   44   50        46   48        0.85882          -33.56071      -30.46108         0.12555E+02    0.10702E+02    1
   45   48        46   47        0.42049          169.46498      171.26295         0.45583E+01    0.45583E+01    0
   45   51        47   49        0.76938           90.80189       94.39935         0.13433E+02    0.83538E+01    1
   46   49        47   48       -1.59166          283.63142      264.32059         0.34379E+01    0.16180E+01    1
   46   52        48   50       -0.81050           24.53479       20.52194         0.78671E+01    0.78671E+01    0
   47   50        48   49       -0.30977          292.26406      290.52986         0.35010E+01    0.35010E+01    0
   48   51        49   50        0.56220           83.32367       86.69557         0.33004E+01    0.33004E+01    0
   49   52        50   51       -0.60326           76.87607       70.98645         0.19844E+01    0.19844E+01    0
    6    4         8    2       -0.14226          605.51726      600.02250         0.12965E+01    0.12965E+01    0
   14    8        20    2       -0.60659           65.32048       40.95062         0.34217E+01    0.34217E+01    0
   16    9        23    2       -1.54155           99.38653       44.19452         0.53323E+01    0.44282E+01    1
   18   10        26    2        1.70298         -105.83527       -3.87826         0.39832E+01    0.29943E+01    1
   24   13        31    2       -0.07331           -5.62519      -23.52950         0.64804E+00    0.64804E+00    0
   26   14        34    2        0.02798          -21.41661      -20.36047         0.46717E+01    0.46717E+01    0
   28   15        37    2        0.25736           -0.47015        7.20447         0.66068E+01    0.66068E+01    0
    5    4         6    3        0.04682          855.08047      856.83518         0.56866E+00    0.56866E+00    0
    7    5         9    3       -0.17586          887.18152      886.21493         0.77256E+01    0.77256E+01    0
    9    6        12    3        0.44946           -0.28085        1.22451         0.18628E+02    0.18628E+02    0
   11    7        15    3       -0.14970         -185.40104     -188.30110         0.45313E+01    0.45313E+01    0
   13    8        18    3        1.58459          -35.18576       -4.67740         0.71108E+01    0.57448E+01    1
   15    9        21    3        0.39356          -17.22826       -7.68902         0.54647E+01    0.54647E+01    0
   17   10        24    3       -0.02499          -44.72379      -45.76835         0.36886E+01    0.36886E+01    0
   19   11        27    3       -0.17536          -16.46396      -42.94444         0.11491E+01    0.11491E+01    0
   23   13        29    3       -0.01845          -37.64340      -41.57532         0.64042E+00    0.64042E+00    0
   25   14        32    3        0.28037          -25.33634      -15.41441         0.43957E+01    0.43957E+01    0
    6    5         7    4       -0.34369         2612.12513     2591.76989         0.72381E+00    0.39852E+00    1
    8    6        10    4       -0.32450           81.25133       77.53127         0.50661E+01    0.36310E+01    1
   10    7        13    4        1.62893         -242.80236     -220.51211         0.69157E+01    0.47629E+01    1
   12    8        16    4       -0.40349          -85.91418      -92.08054         0.63330E+01    0.58456E+01    1
   14    9        19    4       -0.14342          -18.94347      -21.67887         0.57793E+01    0.57793E+01    0
   16   10        22    4        1.15966         -106.34933      -68.76450         0.40803E+01    0.40803E+01    0
   20   12        28    4        0.00099          -44.03193      -43.99464         0.45193E+01    0.45193E+01    0
   24   14        30    4       -0.03874          -26.81866      -28.18577         0.38092E+01    0.38092E+01    0
   26   15        33    4        0.31739          -28.40514      -20.90746         0.65319E+01    0.65319E+01    0
   28   16        36    4        0.29529          -32.48473      -21.97476         0.48932E+01    0.48932E+01    0
   30   19        45    4       -0.73685           40.45208       18.21511         0.12013E+02    0.12013E+02    0
    7    6         8    5        0.03083         1852.87359     1854.12228         0.83719E+00    0.50610E+00    1
   11    8        14    5       -0.84109         -157.04011     -162.13334         0.10901E+02    0.10901E+02    0
   13    9        17    5       -0.19474          -36.78204      -38.26764         0.11553E+02    0.11553E+02    0
   15   10        20    5        1.23900         -186.89149     -151.00292         0.37973E+01    0.37973E+01    0
   17   11        23    5       -0.24129          -88.48196     -116.54154         0.11272E+01    0.11272E+01    0
   19   12        26    5       -0.02081          -87.45631      -88.21160         0.41634E+01    0.41634E+01    0
   25   15        31    5        0.36002          -53.65896      -44.20156         0.51257E+01    0.51257E+01    0
   27   16        34    5       -0.08237          -50.59780      -52.72535         0.59274E+01    0.59274E+01    0
   29   19        43    5        0.04080            3.32867        4.46879         0.12336E+02    0.12336E+02    0
   31   20        46    5        0.23870           -9.33317       20.84367         0.28695E+01    0.28695E+01    0
    8    7         9    6       -0.35855         1028.93151     1020.98234         0.10776E+01    0.10308E+01    1
   12    9        15    6        1.65133          -85.76972      -71.71278         0.24755E+02    0.78996E+01    1
   14   10        18    6       -0.71908         -104.55755     -131.33140         0.23789E+01    0.23789E+01    0
   18   12        24    6       -0.37024          -56.07735      -67.46682         0.42213E+01    0.42213E+01    0
   20   13        27    6       -0.12219         -101.48644     -129.61486         0.65211E+00    0.65211E+00    0
   24   15        29    6       -0.86491          -41.09499      -57.89642         0.58409E+01    0.58409E+01    0
   26   16        32    6        0.70937          -54.77394      -37.76737         0.55464E+01    0.55464E+01    0
   30   20        44    6       -0.01814           20.43995       18.35667         0.30127E+01    0.30127E+01    0
   32   21        47    6        1.42281           16.62902       22.19955         0.10350E+03    0.93129E+02    1
   13   10        16    7       -0.05231           88.80570       87.21704         0.21452E+01    0.21452E+01    0
   17   12        22    7       -0.07165          -38.97573      -41.11110         0.36020E+01    0.36020E+01    0
   19   13        25    7        0.09355          -92.64073      -74.00285         0.64491E+00    0.64491E+00    0
   21   14        28    7       -0.27524          -41.89645      -51.42483         0.42575E+01    0.42575E+01    0
   25   16        30    7       -0.21190          -16.75933      -20.95680         0.56713E+01    0.56713E+01    0
   27   17        33    7       -1.34729           10.77005       -8.62332         0.96567E+01    0.91758E+01    1
   29   20        42    7       -0.05628           45.61609       39.40144         0.29525E+01    0.29525E+01    0
   31   21        45    7       -1.69541           49.27295       46.34006         0.45429E+03    0.19873E+03    1
   33   22        48    7       -0.30530           32.20750       20.87602         0.98249E+01    0.98249E+01    0
   12   10        14    8        0.97151         -243.94452     -213.43870         0.13856E+01    0.13856E+01    0
   16   12        20    8        0.10505         -102.81215     -100.05157         0.32180E+01    0.32180E+01    0
   20   14        26    8       -0.00179         -129.46763     -129.51266         0.50751E+01    0.50751E+01    0
   26   17        31    8       -1.49654          -30.56678      -53.21807         0.85904E+01    0.73485E+01    1
   30   21        43    8        2.10186           -1.34987       17.26793         0.10043E+03    0.37036E+02    1
   15   12        18    9       -0.36246          -86.64000      -98.40414         0.19490E+01    0.19490E+01    0
   17   13        21    9       -0.04151         -184.29952     -190.32976         0.58935E+00    0.58935E+00    0
   19   14        24    9        0.04689         -139.04373     -138.38185         0.76053E+01    0.76053E+01    0
   21   15        27    9       -1.56948          -75.10384      -94.49086         0.12586E+02    0.10266E+02    1
   25   17        29    9       -0.37041          -67.90542      -68.98279         0.31303E+02    0.31303E+02    0
   27   18        32    9       -1.84979           24.67013      -25.30218         0.61078E+01    0.40952E+01    1
   29   21        41    9        1.35719           -2.48488       26.04115         0.15535E+02    0.14653E+02    1
   31   22        44    9        0.12496           12.75079       20.23358         0.54789E+01    0.54789E+01    0
   33   23        47    9        0.12028           12.55746       18.80789         0.66593E+01    0.66593E+01    0
   14   12        16   10       -0.26421           99.97892       94.48810         0.20280E+01    0.20280E+01    0
   16   13        19   10        0.07304         -143.78883     -136.22941         0.61093E+00    0.61093E+00    0
   20   15        25   10        1.42986          -82.97939      -56.60461         0.64318E+01    0.57585E+01    1
   22   16        28   10       -0.42789          -38.71473      -47.33794         0.62373E+01    0.62373E+01    0
   26   18        30   10       -2.07065          -19.56877      -46.87785         0.12891E+02    0.67685E+01    1
   28   19        33   10       -1.43852          -29.04611      -32.27920         0.82370E+02    0.49166E+02    1
   30   22        42   10       -0.21187           22.24879       17.26302         0.13272E+02    0.13272E+02    0
   34   24        48   10       -0.46820           36.76949        9.65849         0.60261E+01    0.60261E+01    0
   13   12        14   11        0.22498          728.30188      733.68865         0.85848E+00    0.85848E+00    0
   15   13        17   11       -0.00948          -76.09669      -76.83330         0.54839E+00    0.54839E+00    0
   17   14        20   11       -0.20071         -138.70024     -139.30027         0.21524E+02    0.21524E+02    0
   19   15        23   11       -0.02615          -70.60205      -70.74039         0.16392E+02    0.16392E+02    0
   21   16        26   11        0.01876          -70.10092      -69.92080         0.11145E+02    0.11145E+02    0
   27   19        31   11        0.25980          -31.34387      -30.99714         0.67394E+02    0.67044E+02    1
   29   22        40   11        0.56139           14.80325       35.29359         0.80302E+01    0.80302E+01    0
   31   23        43   11        0.11608           28.17492       35.24049         0.51365E+01    0.51365E+01    0
   33   24        46   11        0.21871           20.11129       27.91270         0.92405E+01    0.92405E+01    0
   14   13        15   12       -2.00677         1156.00601      705.97147         0.34594E+00    0.98158E-01    1
   16   14        18   12       -0.77748         -104.86203     -117.61760         0.26106E+01    0.26106E+01    0
   20   16        24   12       -1.31215          -96.57117     -111.58590         0.81833E+01    0.76009E+01    1
   22   17        27   12        0.86799          -47.96666      -37.15055         0.84878E+01    0.84878E+01    0
   26   19        29   12       -0.42427          -77.86746      -84.79101         0.41605E+01    0.41605E+01    0
   28   20        32   12        0.00866          -24.80925      -24.33522         0.16311E+01    0.16311E+01    0
   30   23        41   12        0.58892           22.83036       27.92558         0.34195E+02    0.34195E+02    0
   32   24        44   12       -0.38018           39.24911       30.73920         0.14032E+02    0.14032E+02    0
   34   25        47   12       -0.07633           19.79979       15.33447         0.56662E+01    0.56662E+01    0
   36   26        50   12        0.15723          -37.70366      -33.14958         0.12099E+02    0.12099E+02    0
   15   14        16   13       -0.45612          266.96832      262.08366         0.20029E+01    0.20029E+01    0
   17   15        19   13        1.07164          -48.94407      -40.05426         0.51794E+01    0.51794E+01    0
   19   16        22   13       -0.90594         -116.03878     -116.60834         0.13585E+03    0.10546E+03    1
   21   17        25   13       -1.57697           -5.24798      -14.72105         0.19931E+02    0.14223E+02    1
   27   20        30   13        0.04572            9.75418       11.16715         0.21762E+01    0.21762E+01    0
   29   23        39   13       -0.01243           50.16671       49.42870         0.46706E+01    0.46706E+01    0
   31   24        42   13        0.23341           39.83865       47.88234         0.86109E+01    0.86109E+01    0
   33   25        45   13       -3.18416           74.39017       30.37518         0.45110E+03    0.22567E+02    1
   16   15        17   14       -0.05203          182.90233      182.17010         0.15146E+01    0.15146E+01    0
   20   17        23   14       -0.64101          -89.98037      -90.77561         0.52366E+02    0.52366E+02    0
   28   21        31   14       -0.29930          -86.35000      -88.19494         0.10974E+02    0.10974E+02    0
   30   24        40   14       -0.02190           36.78238       35.91764         0.70919E+01    0.70919E+01    0
   32   25        43   14        0.18952           15.52494       16.33281         0.69817E+02    0.69817E+02    0
   34   26        46   14        0.51579          -12.15703        6.82776         0.85610E+01    0.85610E+01    0
   38   28        52   14        0.22781          -56.68502      -54.59462         0.37911E+02    0.37911E+02    0
   17   16        18   15        0.32275          328.51793      335.61021         0.10056E+01    0.10056E+01    0
   19   17        21   15       -0.52697          -97.97707     -100.89026         0.79296E+01    0.79296E+01    0
   21   18        24   15        1.15864         -140.54412     -125.96385         0.51628E+01    0.51628E+01    0
   23   19        27   15       -1.29282         -103.05821     -105.21823         0.51051E+02    0.50551E+02    1
   27   21        29   15       -0.68481           11.67812        5.46548         0.49944E+01    0.49944E+01    0
   29   24        38   15       -0.34309           47.14330       34.64948         0.72155E+01    0.72155E+01    0
   31   25        41   15        1.90996           10.69715       23.41373         0.96667E+02    0.41845E+02    1
   37   28        50   15       -0.28137          -43.67705      -45.62199         0.47840E+02    0.47840E+02    0
   18   17        19   16        0.02048          130.73300      131.02916         0.14518E+01    0.14518E+01    0
   22   19        25   16        0.76766          -55.85405      -52.33170         0.13688E+02    0.13688E+02    0
   24   20        28   16        0.04248          -70.78636      -69.24936         0.23301E+01    0.23301E+01    0
   28   22        30   16        0.69088          -91.02308      -82.39456         0.35806E+01    0.35806E+01    0
   30   25        39   16        0.81058            6.14172       13.01207         0.31126E+02    0.31126E+02    0
   34   27        45   16       -1.82021           41.96365        8.91014         0.25923E+02    0.16378E+02    1
   36   28        48   16        0.37149          -21.63240      -20.40459         0.94754E+02    0.94754E+02    0
   19   18        20   17       -0.56893          560.07462      542.74233         0.77662E+00    0.73812E+00    1
   21   19        23   17       -0.22630          -77.77466      -80.53184         0.35263E+01    0.35263E+01    0
   23   20        26   17       -0.05445          -73.91067      -75.86458         0.17950E+01    0.17950E+01    0
   29   25        37   17        0.44714            7.63083       12.50953         0.22808E+02    0.22808E+02    0
   20   19        21   18        0.06060          394.78855      396.38044         0.80593E+00    0.80593E+00    0
   22   20        24   18       -0.00059           52.89507       52.87392         0.11947E+01    0.11947E+01    0
   21   20        22   19       -0.01989          451.43903      450.77997         0.68366E+00    0.68366E+00    0
   23   21        25   19        0.82404           34.38959       51.30256         0.20999E+01    0.20974E+01    1
   25   22        28   19        0.54940         -153.27691     -142.03727         0.31958E+01    0.31958E+01    0
   33   28        42   19        1.42234          -12.93312       24.12714         0.11349E+02    0.10214E+02    1
   22   21        23   20       -0.02615          604.66192      603.95331         0.77925E+00    0.77925E+00    0
   24   22        26   20       -0.39599          -20.51377      -28.88800         0.20596E+01    0.20596E+01    0
   30   27        37   20        0.25253          -51.69542      -45.26320         0.96097E+01    0.96097E+01    0
   32   28        40   20        1.51462          -14.24061       12.90230         0.16637E+02    0.14062E+02    1
   23   22        24   21       -0.13580          771.67152      766.47013         0.58689E+00    0.58689E+00    0
   25   23        27   21       -1.03623            1.99855       -2.07721         0.11033E+02    0.11033E+02    0
   31   28        38   21        1.90595          -15.21993        6.07910         0.42393E+02    0.21682E+02    1
   24   23        25   22       -0.28869          620.08260      614.91360         0.11559E+01    0.11559E+01    0
   26   24        28   22       -0.58914           36.77600       31.23418         0.44648E+01    0.44648E+01    0
   30   28        36   22       -1.35535          -76.95410      -81.13611         0.93149E+02    0.80865E+02    1
   40   29        51   22       -0.25536          -17.93616      -19.70094         0.22511E+02    0.22511E+02    0
   25   24        26   23       -0.48538         1355.24789     1332.03205         0.61446E+00    0.46625E+00    1
   29   28        34   23       -1.07654          -36.51634      -56.05213         0.16880E+02    0.16880E+02    0
   39   29        49   23       -0.12279          -32.49953      -32.68399         0.89473E+02    0.89473E+02    0
   41   30        52   23       -0.17914            3.10155        2.05105         0.26238E+02    0.26238E+02    0
   26   25        27   24        0.00593          559.89683      560.03995         0.84182E+00    0.84182E+00    0
   38   29        47   24        2.25490          -48.69374      -39.48025         0.10610E+03    0.27527E+02    1
   40   30        50   24       -0.53280          -25.27047      -27.03994         0.39851E+02    0.39851E+02    0
   27   26        28   25       -0.65363         1210.75144     1187.33512         0.89799E+00    0.59882E+00    1
   37   29        45   25       -1.75731          -60.25157      -63.21351         0.74174E+02    0.54035E+02    1
   39   30        48   25        1.04445          -32.71103      -26.51163         0.18720E+02    0.18720E+02    0
   41   31        51   25       -2.65201          -21.52203      -22.69571         0.61870E+03    0.29866E+03    1
   36   29        43   26       -0.88915          -89.86922      -93.47647         0.16836E+02    0.16836E+02    0
   38   30        46   26       -1.53269          -50.88695      -52.30723         0.11474E+03    0.95841E+02    1
   40   31        49   26        1.81677          -87.35280      -70.43714         0.18808E+02    0.11856E+02    1
   37   30        44   27       -1.30491          -11.11594      -12.85443         0.51272E+02    0.50301E+02    1
   39   31        47   27        0.47405          -47.41182      -45.54410         0.22490E+02    0.22490E+02    0
   34   29        39   28       -0.05091          -92.05740      -92.58625         0.21492E+01    0.21492E+01    0
   36   30        42   28        1.28254          -91.45761      -81.75262         0.82272E+01    0.58899E+01    1
   38   31        45   28       -1.53749         -103.90654     -115.80520         0.10573E+02    0.86501E+01    1
   40   32        48   28       -0.89095          -55.56656      -57.45853         0.41306E+02    0.41306E+02    0
   42   33        51   28        0.19700          -41.77091      -39.80136         0.10852E+02    0.10852E+02    0
   31   30        32   29       -0.69210          583.98308      570.94745         0.10387E+01    0.10387E+01    0
   33   31        35   29        0.26666           64.64834       68.20277         0.30009E+01    0.30009E+01    0
   37   33        41   29        1.70085          -71.59580      -57.12706         0.12792E+02    0.96281E+01    1
   39   34        44   29       -2.20945          -70.02818      -71.06713         0.69769E+03    0.21033E+03    1
   43   36        50   29       -0.41973            0.03719       -4.87868         0.11646E+02    0.11646E+02    0
   32   31        33   30        0.00169           84.84334       84.87388         0.11580E+01    0.11580E+01    0
   34   32        36   30       -0.20405           13.75187       11.63584         0.39317E+01    0.39317E+01    0
   36   33        39   30       -0.81008          -59.97559      -62.53818         0.19523E+02    0.19523E+02    0
   38   34        42   30       -1.78823         -143.79874     -144.96836         0.26469E+03    0.12403E+03    1
   42   36        48   30       -0.06137          -30.48588      -31.12555         0.11221E+02    0.11221E+02    0
   44   37        51   30       -0.03523          -20.28727      -21.21935         0.51867E+01    0.51867E+01    0
   33   32        34   31        0.21341          503.15570      506.91666         0.11019E+01    0.11019E+01    0
   35   33        37   31       -0.23099           51.07392       49.74785         0.70792E+01    0.70792E+01    0
   37   34        40   31        0.06788         -119.78073     -119.63753         0.28567E+02    0.28567E+02    0
   39   35        43   31        1.52113         -182.27115     -141.93399         0.35721E+01    0.30063E+01    1
   41   36        46   31        0.17196          -60.38888      -58.84442         0.10852E+02    0.10852E+02    0
   43   37        49   31        0.24823          -27.22735      -21.74727         0.52748E+01    0.52748E+01    0
   45   38        52   31       -1.90152            8.52918       -7.36012         0.29009E+02    0.16456E+02    1
   34   33        35   32        0.37247          494.54291      501.08489         0.12673E+01    0.11713E+01    1
   36   34        38   32       -0.77735          -24.00850      -28.30743         0.73601E+01    0.72177E+01    1
   38   35        41   32        0.89689         -192.67799     -175.17740         0.30843E+01    0.30843E+01    0
   40   36        44   32       -1.66721         -108.70017     -129.91597         0.83265E+01    0.62034E+01    1
   42   37        47   32        0.69763          -27.36380      -13.76324         0.49756E+01    0.49756E+01    0
   44   38        50   32        1.64980          -36.90039      -27.01973         0.25326E+02    0.19652E+02    1
   37   35        39   33        0.03935           18.80394       19.53247         0.21765E+01    0.21765E+01    0
   39   36        42   33       -1.73688            1.50017      -29.00693         0.58354E+01    0.34077E+01    1
   41   37        45   33        0.08078            4.02252        5.40535         0.45446E+01    0.45446E+01    0
   43   38        48   33       -0.34942           21.64473       20.67753         0.35050E+02    0.35050E+02    0
   45   39        51   33        0.11531           -2.08964       -1.08050         0.13551E+02    0.13551E+02    0
   36   35        37   34       -1.87729          603.22656      495.64115         0.84390E+00    0.34704E+00    1
   38   36        40   34        0.25408           17.68735       20.94645         0.31513E+01    0.31513E+01    0
   40   37        43   34        1.36834          -93.16323      -69.32660         0.37100E+01    0.34709E+01    1
   42   38        46   34        0.20771            0.58158        0.62819         0.10000E+04    0.34751E+03    1
   44   39        49   34        0.02852          -28.98661      -28.82928         0.18013E+02    0.18013E+02    0
   46   40        52   34        1.06550            4.40707        6.77341         0.53679E+02    0.53679E+02    0
   37   36        38   35        0.22976          287.91791      292.71575         0.97907E+00    0.97907E+00    0
   43   39        47   35       -2.55761           60.25582       34.23480         0.10023E+03    0.77436E+01    1
   38   37        39   36        0.03867          319.84264      320.36656         0.15053E+01    0.15053E+01    0
   40   38        42   36        0.67149           44.73304       46.72904         0.13718E+02    0.13718E+02    0
   42   39        45   36        0.49932           52.98808       54.00980         0.28853E+02    0.28853E+02    0
   44   40        48   36       -0.61073           21.92357       20.60804         0.36825E+02    0.36825E+02    0
   46   41        51   36       -0.07563          -11.49455      -13.25718         0.42873E+01    0.42873E+01    0
   39   38        40   37       -0.64427          249.46007      243.63368         0.21901E+01    0.21901E+01    0
   41   39        43   37        1.49090           92.27949       93.04911         0.93080E+02    0.79925E+02    1
   43   40        46   37        0.45923           43.48776       43.69113         0.30397E+03    0.13308E+03    1
   45   41        49   37       -1.16652          -22.59012      -45.36132         0.41281E+01    0.41281E+01    0
   47   42        52   37        0.00646          -46.02556      -46.02002         0.19267E+03    0.11746E+03    1
   40   39        41   38        0.54514           23.00976       25.76271         0.90786E+01    0.41448E+01    1
   42   40        44   38       -0.87044          173.56962      171.86777         0.23456E+02    0.19993E+02    1
   44   41        47   38        0.17892          -24.01256      -21.39423         0.40916E+01    0.40916E+01    0
   46   42        50   38       -1.67733          -21.93053      -26.29558         0.78641E+02    0.31152E+02    1
   41   40        42   39       -0.16034          338.90752      338.24125         0.48852E+01    0.48852E+01    0
   43   41        45   39        0.18837           71.40712       73.93713         0.29066E+01    0.29066E+01    0
   45   42        48   39        0.29386           11.60165       12.63155         0.17323E+02    0.17323E+02    0
   47   43        51   39       -0.04689          -44.28144      -44.51727         0.15968E+02    0.15968E+02    0
   42   41        43   40       -0.45218          125.06462      121.27620         0.23750E+01    0.23750E+01    0
   44   42        46   40       -0.04611          -46.02542      -46.14013         0.25639E+02    0.16321E+02    1
   46   43        49   40        1.71338          -68.25675      -55.42548         0.23384E+02    0.82013E+01    1
   48   44        52   40       -0.91078          -15.33269      -18.37170         0.23583E+02    0.23583E+02    0
   43   42        44   41       -2.59530          533.49725      343.66641         0.40148E+01    0.27521E+00    1
   45   43        47   41       -0.78808           99.78791       96.85875         0.10958E+02    0.10958E+02    0
   47   44        50   41       -0.20878           39.76151       39.03738         0.16967E+02    0.16967E+02    0
   44   43        45   42       -0.83339          130.89327      125.88126         0.60268E+01    0.33268E+01    1
   46   44        48   42        1.25491          176.18051      182.23620         0.83223E+01    0.80975E+01    1
   48   45        51   42       -0.47719           42.19364       40.62065         0.17590E+02    0.17590E+02    0
   45   44        46   43       -0.05977          210.91756      210.61121         0.37710E+01    0.37710E+01    0
   47   45        49   43        0.08010           38.28979       38.57068         0.11134E+02    0.11134E+02    0
   49   46        52   43        0.55930           -5.17389       -2.87982         0.15144E+02    0.14117E+02    1
   46   45        47   44        0.16966          259.13732      259.88070         0.44422E+01    0.44422E+01    0
   48   46        50   44        0.86123          -33.56071      -30.46108         0.12625E+02    0.10732E+02    1
   47   46        48   45        0.38638          169.46498      171.26295         0.41886E+01    0.41886E+01    0
   49   47        51   45        0.55456           90.80189       94.39935         0.60214E+01    0.60214E+01    0
   48   47        49   46       -1.55003          283.63142      264.32059         0.27810E+01    0.15757E+01    1
   50   48        52   46       -0.84209           24.53479       20.52194         0.82417E+01    0.81738E+01    1
   49   48        50   47       -0.32846          292.26406      290.52986         0.37123E+01    0.37123E+01    0
   50   49        51   48        0.51829           83.32367       86.69557         0.30426E+01    0.30426E+01    0
   51   50        52   49       -0.59367           76.87607       70.98645         0.19529E+01    0.19529E+01    0
