    P+   P-        C+   C-  Normalised_Error  Observed_Rho_a  Calculated_Rho_a  Original_Weight  Final_Weight    C
    2    8         4    6       -0.19094          691.21864      689.94273         0.74936E+01    0.74936E+01    0
    2   20         8   14        0.12693           90.03088       94.44590         0.39520E+01    0.39520E+01    0
    2   23         9   16       -1.30900          117.34866       67.27056         0.80745E+01    0.41442E+01    1
    2   26        10   18        1.24912         -146.05022       14.45834         0.17212E+01    0.13951E+01    1
    2   31        13   24       -0.78072            1.28863      -10.98124         0.10071E+02    0.10071E+02    0
    2   34        14   26       -0.09739          -19.46985      -20.71267         0.13821E+02    0.13821E+02    0
    2   37        15   28        0.18382            0.07606        9.05426         0.40338E+01    0.40338E+01    0
    3    6         4    5        0.15809         1132.16433     1134.40446         0.15486E+01    0.15041E+01    1
    3    9         5    7       -0.04090          950.56169      950.35706         0.84874E+01    0.84874E+01    0
    3   12         6    9        0.03768          123.88475      123.93600         0.15716E+03    0.45868E+02    1
    3   15         7   11       -0.28667          -95.54945      -99.01538         0.72605E+01    0.72605E+01    0
    3   18         8   13        1.17010          -18.19791       44.28464         0.23938E+01    0.20713E+01    1
    3   21         9   15       -0.55867            1.59258       -3.82544         0.13658E+02    0.13658E+02    0
    3   24        10   17        0.18694          -32.22796      -27.78753         0.64906E+01    0.64906E+01    0
    3   27        11   19       -0.40974           -6.60253      -24.99631         0.38652E+01    0.38652E+01    0
    3   29        13   23       -0.32723          -31.99106      -32.92185         0.47972E+02    0.47972E+02    0
    3   32        14   25        1.00859          -24.76628      -15.00584         0.16074E+02    0.16074E+02    0
    4    7         5    6       -0.34797         2648.45195     2643.25473         0.15802E+01    0.15802E+01    0
    4   10         6    8        0.01754          273.37597      273.52780         0.48089E+01    0.48089E+01    0
    4   13         7   10        1.59414         -164.83792     -115.24350         0.86868E+01    0.20950E+01    1
    4   16         8   12       -0.15612          -59.64238      -60.05843         0.44341E+02    0.33523E+02    1
    4   19         9   14       -1.38329           -9.84017      -27.14013         0.31601E+02    0.88138E+01    1
    4   22        10   16       -1.67961          -87.67410      -88.21123         0.85402E+03    0.41353E+03    1
    4   28        12   20        0.73843          -46.06687      -34.69024         0.11074E+02    0.11074E+02    0
    4   30        14   24       -1.10860          -24.20196      -35.35223         0.14635E+02    0.13366E+02    1
    4   33        15   26        0.67045          -29.24490      -23.44158         0.17827E+02    0.17827E+02    0
    4   36        16   28        0.10068          -34.84968      -29.65163         0.33733E+01    0.33733E+01    0
    4   45        19   30       -1.28824           44.37196        6.07816         0.16736E+02    0.12196E+02    1
    5    8         6    7        0.23455         2018.18467     2021.40052         0.17449E+01    0.14950E+01    1
    5   14         8   11       -0.52877         -116.47857     -117.51127         0.72435E+02    0.33800E+02    1
    5   17         9   13       -0.06986          -20.71617      -21.38649         0.91849E+01    0.91849E+01    0
    5   20        10   15        1.17751         -164.04476     -127.87433         0.41645E+01    0.35807E+01    1
    5   23        11   17       -0.99585          -84.93664     -113.42182         0.45825E+01    0.45825E+01    0
    5   26        12   19        1.33709          -86.32955      -55.54192         0.12995E+02    0.65621E+01    1
    5   31        15   25        1.49267          -51.57629      -36.05715         0.37720E+02    0.12951E+02    1
    5   34        16   27        0.13897          -52.85176      -50.36839         0.85674E+01    0.85674E+01    0
    5   43        19   29        0.03484           -3.11522       -2.42310         0.17355E+02    0.17355E+02    0
    5   46        20   31        1.52059          -11.38951       19.69160         0.37400E+02    0.17747E+02    1
    6    9         7    8       -0.24021         1244.39000     1240.16046         0.12979E+01    0.12979E+01    0
    6   15         9   12        0.80406          -55.88352      -48.47648         0.72998E+01    0.72998E+01    0
    6   18        10   14       -0.34644          -90.07628     -101.25093         0.27461E+01    0.27461E+01    0
    6   24        12   18        0.23595          -73.81469      -57.63204         0.18934E+01    0.18934E+01    0
    6   27        13   20        0.19708         -103.45676      -97.70241         0.51417E+01    0.51417E+01    0
    6   29        15   24       -0.70015          -42.10588      -55.69451         0.58461E+01    0.58461E+01    0
    6   32        16   26        1.01365          -68.09814      -35.66489         0.41607E+01    0.41558E+01    1
    6   44        20   30       -0.11651           16.00773       14.52931         0.27272E+02    0.27272E+02    0
    6   47        21   32       -0.29315           15.09529       13.65270         0.74094E+02    0.74094E+02    0
    7   16        10   13       -0.53629          113.64159      110.48283         0.15603E+02    0.11062E+02    1
    7   22        12   17       -0.06877          -43.33557      -46.34565         0.24527E+01    0.24527E+01    0
    7   25        13   19        1.26542          -87.20703      -45.67387         0.49385E+01    0.39147E+01    1
    7   28        14   21       -0.51406          -41.48209      -43.17804         0.47636E+02    0.44675E+02    1
    7   30        16   25       -0.48817          -14.24788      -18.80001         0.12047E+02    0.12047E+02    0
    7   33        17   27       -1.86955           13.39272       -7.22069         0.56416E+02    0.11979E+02    1
    7   42        20   29       -1.19902           40.14260       31.50869         0.60464E+02    0.45276E+02    1
    7   45        21   31       -1.62781           45.68166       27.96293         0.31091E+03    0.31583E+02    1
    7   48        22   33       -0.28517           28.12252       26.62854         0.69607E+02    0.69607E+02    0
    8   14        10   12        0.38844         -107.96501     -106.47821         0.12135E+02    0.11367E+02    1
    8   20        12   16       -0.02266          -83.61633      -84.04544         0.44649E+01    0.44649E+01    0
    8   26        14   20        0.06752         -130.67546     -129.59316         0.79456E+01    0.79456E+01    0
    8   31        17   26       -1.14801          -21.64037      -46.48899         0.58266E+01    0.51386E+01    1
    8   43        21   30        0.67560           -5.23386       -4.83371         0.80813E+03    0.55387E+03    1
    9   18        12   15       -0.04889          -55.99628      -57.05655         0.29167E+01    0.29167E+01    0
    9   21        13   17       -0.01124         -159.61830     -159.96017         0.28146E+01    0.28146E+01    0
    9   24        14   19       -0.00225         -126.00281     -126.02346         0.11681E+02    0.11681E+02    0
    9   27        15   21       -0.52666          -69.57335      -70.02619         0.14749E+03    0.14749E+03    0
    9   29        17   25        0.31636          -60.44889      -59.77941         0.44823E+02    0.43024E+02    1
    9   32        18   27       -1.43218           48.27644      -17.04642         0.40771E+01    0.24256E+01    1
    9   41        21   29        0.18563           -7.85865        0.84167         0.65713E+01    0.65713E+01    0
    9   44        22   31        0.22253           11.79807       15.27630         0.20989E+02    0.20989E+02    0
    9   47        23   33        1.12589            6.83873       27.83566         0.20635E+02    0.18556E+02    1
   10   16        12   14       -0.97059          124.27760      122.98714         0.32301E+02    0.31700E+02    1
   10   19        13   16        0.23647         -106.52229     -105.81383         0.21105E+02    0.21105E+02    0
   10   25        15   20        1.06580          -88.48086      -66.61538         0.54504E+01    0.51776E+01    1
   10   28        16   22       -0.63789          -39.94129      -55.20403         0.52535E+01    0.52535E+01    0
   10   30        18   26       -0.83473           -7.53024      -34.69554         0.27430E+01    0.27430E+01    0
   10   33        19   28       -0.83951          -28.46983      -29.21068         0.17342E+03    0.12522E+03    1
   10   42        22   30       -1.43287           20.32819        5.30086         0.49435E+02    0.29780E+02    1
   10   48        24   34       -0.51101           32.92585       22.64710         0.17348E+02    0.17348E+02    0
   11   14        12   13        0.06367          808.50216      808.95709         0.28768E+01    0.28768E+01    0
   11   17        13   15       -0.13848           -0.15725       -0.51578         0.16461E+02    0.16461E+02    0
   11   20        14   17       -1.01122          -93.41695     -140.58864         0.13794E+01    0.13794E+01    0
   11   23        15   19       -1.41448          -47.14949      -82.90721         0.70909E+01    0.34300E+01    1
   11   26        16   21        0.75272          -66.28905      -60.48420         0.13877E+02    0.13877E+02    0
   11   31        19   27       -1.08489          -22.69543      -23.09384         0.26109E+03    0.24366E+03    1
   11   40        22   29        0.73513           10.51477       17.46491         0.31001E+02    0.31001E+02    0
   11   43        23   31        0.91548           25.44994       31.63447         0.46281E+02    0.46281E+02    0
   11   46        24   33        1.32578           15.25765       26.57080         0.71280E+02    0.38627E+02    1
   12   15        13   14       -0.66445         1398.87855     1382.87627         0.17718E+01    0.91401E+00    1
   12   18        14   16       -0.78701          -10.26386      -27.79279         0.19230E+01    0.19230E+01    0
   12   24        16   20       -0.04335          -91.64900      -92.58653         0.40214E+01    0.40214E+01    0
   12   27        17   22       -0.09914          -35.67422      -37.07095         0.75075E+01    0.75075E+01    0
   12   29        19   26       -0.07597          -66.44070      -67.30694         0.59546E+01    0.59546E+01    0
   12   32        20   28       -0.19698          -17.07105      -17.96985         0.19564E+02    0.19564E+02    0
   12   41        23   30        0.06755           19.27632       23.68634         0.45319E+01    0.45319E+01    0
   12   44        24   32       -1.64760           37.49740       31.77760         0.38228E+03    0.90472E+02    1
   12   47        25   34        0.19271           11.65378       18.88518         0.88339E+01    0.88339E+01    0
   12   50        26   36        1.26932          -46.47724      -20.71325         0.41802E+02    0.17265E+02    1
   13   16        14   15       -0.27544          366.58892      363.71191         0.30414E+01    0.20536E+01    1
   13   19        15   17        0.43731          -22.57139      -13.53467         0.20792E+01    0.20792E+01    0
   13   22        16   19        0.32150          -98.05447      -86.35587         0.18220E+01    0.18220E+01    0
   13   25        17   21       -0.86267           -1.94973       -2.70726         0.11927E+03    0.97295E+02    1
   13   30        20   27        0.20130           24.43787       25.19288         0.17931E+02    0.17931E+02    0
   13   39        23   29       -0.74294           44.25925       42.50839         0.11766E+03    0.11766E+03    0
   13   42        24   31        0.51475           36.77453       41.69814         0.31025E+02    0.31025E+02    0
   13   45        25   33       -1.99000           79.08524       25.15134         0.25092E+03    0.11510E+02    1
   14   17        15   16        0.01329          266.48937      266.59450         0.27090E+01    0.26940E+01    1
   14   23        17   20        0.77402          -85.32391      -77.61258         0.65209E+01    0.65209E+01    0
   14   31        21   28        0.25504          -69.14951      -66.64247         0.68813E+01    0.68813E+01    0
   14   40        24   30        0.33637           32.95326       34.16997         0.77425E+02    0.77425E+02    0
   14   43        25   32        0.93378           11.92655       16.10092         0.10179E+03    0.66575E+02    1
   14   46        26   34        0.89581          -26.58930        9.11787         0.79053E+01    0.79053E+01    0
   14   52        28   38        1.10520          -55.25204      -40.60361         0.43473E+02    0.26247E+02    1
   15   18        16   17        0.16795          492.52591      498.02771         0.67457E+00    0.67457E+00    0
   15   21        17   19       -0.08302          -33.53550      -35.16962         0.22271E+01    0.22271E+01    0
   15   24        18   21        1.42862         -121.88714      -70.41767         0.44192E+01    0.18033E+01    1
   15   27        19   23       -0.03719          -95.47967      -96.18768         0.44370E+01    0.44370E+01    0
   15   29        21   27       -0.73881           44.56613       39.14331         0.62650E+01    0.61731E+01    1
   15   38        24   29       -1.07663           46.65918       31.98271         0.20497E+02    0.19275E+02    1
   15   41        25   31        0.26948            0.56197       15.88194         0.49007E+01    0.49007E+01    0
   15   50        28   37        0.27845          -48.24889      -43.92786         0.21310E+02    0.21310E+02    0
   16   19        17   18       -0.07396          233.93932      232.05745         0.82514E+00    0.82514E+00    0
   16   25        19   22       -0.04125          -53.46008      -53.73106         0.95612E+01    0.95612E+01    0
   16   28        20   24        0.47976          -56.16410      -43.74149         0.32556E+01    0.32556E+01    0
   16   30        22   28        0.66088          -64.75726      -60.75148         0.74308E+01    0.73778E+01    1
   16   39        25   30        1.13405           -2.05640        4.89917         0.17535E+03    0.43014E+02    1
   16   45        27   34       -1.07632           55.55617        8.54766         0.72391E+01    0.68095E+01    1
   16   48        28   36        0.06547          -23.20782      -21.96517         0.16501E+02    0.16501E+02    0
   17   20        18   19       -0.24121          749.88419      741.67326         0.66059E+00    0.66059E+00    0
   17   23        19   21       -0.34767          -67.45214      -68.24908         0.18743E+02    0.18743E+02    0
   17   26        20   23        0.89767          -35.90850      -24.47771         0.50585E+01    0.50585E+01    0
   17   37        25   29        0.28359           -9.45206       12.62330         0.31969E+01    0.31969E+01    0
   18   21        19   20        0.02197          502.82062      503.21023         0.11939E+01    0.11939E+01    0
   18   24        20   22        0.04554          127.83079      128.05840         0.85511E+01    0.85511E+01    0
   19   22        20   21       -0.12505          630.25990      628.62547         0.17331E+01    0.17331E+01    0
   19   25        21   23        0.30515          114.30125      118.81946         0.31343E+01    0.29074E+01    1
   19   28        22   25        0.59431         -123.68693     -119.22798         0.87140E+01    0.87140E+01    0
   19   42        28   33        1.43568          -15.27872        7.69604         0.50560E+02    0.16631E+02    1
   20   23        21   22        0.02645          718.76256      719.04730         0.19616E+01    0.19616E+01    0
   20   26        22   24       -0.86727           38.78652       26.34392         0.33785E+01    0.30359E+01    1
   20   37        27   30        0.45240          -56.97627      -35.60071         0.51803E+01    0.51803E+01    0
   20   40        28   32        1.35996          -12.17348        3.40605         0.50124E+02    0.21997E+02    1
   21   24        22   23       -0.11952         1071.09130     1068.98574         0.12760E+01    0.12760E+01    0
   21   27        23   25       -0.17501           44.96417       42.61370         0.32313E+01    0.32313E+01    0
   21   38        28   31        1.57521          -18.54972       -1.50309         0.82359E+02    0.22390E+02    1
   22   25        23   24       -0.13588          689.58636      687.24306         0.12001E+01    0.12001E+01    0
   22   28        24   26       -0.13873           79.95157       77.71397         0.26040E+01    0.26040E+01    0
   22   36        28   30       -0.08088          -76.59397      -79.12363         0.79777E+01    0.79777E+01    0
   22   51        29   40       -1.48669          -17.22585      -34.35768         0.35655E+02    0.13500E+02    1
   23   26        24   25       -0.31654         1636.65872     1630.59341         0.11639E+01    0.11639E+01    0
   23   34        28   29       -1.11954          -32.82974      -38.24628         0.11661E+03    0.63313E+02    1
   23   49        29   39       -0.38914          -30.36288      -38.73726         0.62456E+01    0.62456E+01    0
   23   52        30   41       -1.53634            4.41288       -2.51649         0.18666E+03    0.34114E+02    1
   24   27        25   26        0.14721          633.78876      636.32942         0.11763E+01    0.11763E+01    0
   24   47        29   38        0.28162          -43.95936      -43.81463         0.21887E+03    0.21887E+03    0
   24   50        30   40       -1.33464          -23.99600      -32.13003         0.65951E+02    0.21715E+02    1
   25   28        26   27       -0.20619         1354.32826     1351.14185         0.14411E+01    0.13882E+01    1
   25   45        29   37       -1.27927          -52.85777      -59.78358         0.21256E+02    0.16823E+02    1
   25   48        30   39        0.29567          -29.80879      -24.98011         0.68038E+01    0.68038E+01    0
   25   51        31   41        0.05598          -19.59924      -19.48601         0.65346E+02    0.65346E+02    0
   26   43        29   36        0.76709          -74.98504      -70.73280         0.12322E+02    0.12322E+02    0
   26   46        30   38       -1.15404          -41.76938      -44.78869         0.38693E+02    0.33946E+02    1
   26   49        31   40        1.66215          -89.65277      -61.83873         0.47015E+02    0.65969E+01    1
   27   44        30   37       -1.05978            2.62544       -0.27436         0.29693E+02    0.24491E+02    1
   27   47        31   39        0.52259          -39.76193      -29.16127         0.43682E+01    0.43682E+01    0
   28   39        29   34       -0.01135          -32.98550      -33.06823         0.30638E+01    0.30638E+01    0
   28   42        30   36        0.97245          -66.25544      -59.84868         0.10392E+02    0.67649E+01    1
   28   45        31   38       -2.31970          -84.07090      -84.74594         0.10000E+04    0.23004E+03    1
   28   48        32   40       -1.40609          -52.44600      -52.76210         0.60142E+03    0.39018E+03    1
   28   51        33   42        0.67931          -38.69926      -27.58957         0.66342E+01    0.66342E+01    0
   29   32        30   31       -0.24101          621.81787      619.86903         0.24195E+01    0.24195E+01    0
   29   35        31   33       -0.28176          109.46228      104.09082         0.20982E+01    0.20982E+01    0
   29   41        33   37        0.38215          -68.15816      -56.87356         0.27736E+01    0.27736E+01    0
   29   44        34   39       -0.01245          -66.79917      -67.06815         0.45769E+01    0.45769E+01    0
   29   50        36   43       -1.00799            1.56992       -1.75025         0.77420E+02    0.41411E+02    1
   30   33        31   32       -0.24233          201.83851      199.96506         0.27074E+01    0.27074E+01    0
   30   36        32   34       -0.08676           59.12109       57.92806         0.29652E+01    0.29652E+01    0
   30   39        33   36       -0.04330          -46.85793      -47.36302         0.52947E+01    0.52947E+01    0
   30   42        34   38       -0.06495         -137.57630     -137.65358         0.97138E+02    0.68187E+02    1
   30   48        36   42       -0.45727          -28.29975      -31.56462         0.16381E+02    0.16381E+02    0
   30   51        37   44        0.60242          -17.07171      -11.23575         0.14164E+02    0.14164E+02    0
   31   34        32   33       -0.02947          549.22709      548.93871         0.19847E+01    0.19847E+01    0
   31   37        33   35       -0.22352          107.51511       98.77822         0.10397E+01    0.10397E+01    0
   31   40        34   37        0.01727         -111.93305     -111.80312         0.80078E+01    0.80078E+01    0
   31   43        35   39        1.44028         -198.26341     -122.75869         0.38294E+01    0.15207E+01    1
   31   46        36   41        0.41010          -60.62039      -58.10351         0.15882E+02    0.15882E+02    0
   31   49        37   43        1.00394          -25.39620       -7.62180         0.65774E+01    0.65774E+01    0
   31   52        38   45       -0.48041           11.99223        8.24545         0.17632E+02    0.17632E+02    0
   32   35        33   34        0.33267          577.74700      585.30653         0.90535E+00    0.90535E+00    0
   32   38        34   36       -0.25371            9.65270        7.16896         0.40773E+01    0.40773E+01    0
   32   41        35   38        1.36934         -204.73237     -146.27534         0.38838E+01    0.14098E+01    1
   32   44        36   40       -1.39908         -103.89228     -126.41438         0.12190E+02    0.49038E+01    1
   32   47        37   42        1.17810          -22.45541       -2.03617         0.65123E+01    0.55966E+01    1
   32   50        38   44        1.71474          -39.13174      -17.30311         0.45125E+02    0.92455E+01    1
   33   39        35   37        0.39189           28.45708       31.19885         0.57598E+01    0.57598E+01    0
   33   42        36   39       -1.42982           10.49947      -41.65467         0.36739E+01    0.16409E+01    1
   33   45        37   41        0.79585           12.60143       23.56485         0.56473E+01    0.56473E+01    0
   33   48        38   43       -1.05470           23.25710       18.42004         0.22037E+02    0.21154E+02    1
   33   51        39   45        0.33157           -0.89385        1.87658         0.14194E+02    0.14194E+02    0
   34   37        35   36       -1.20309          662.25900      631.80849         0.12859E+01    0.78579E+00    1
   34   40        36   38       -0.23497           47.31221       46.63109         0.13944E+02    0.13944E+02    0
   34   43        37   40        1.41418          -77.04896      -39.97004         0.58310E+01    0.23061E+01    1
   34   46        38   42       -0.25453            4.08266        3.97091         0.34231E+03    0.17762E+03    1
   34   49        39   44       -0.38211          -26.71935      -26.86153         0.40579E+03    0.26708E+03    1
   34   52        40   46        1.37663            7.87549       28.26977         0.22424E+02    0.80471E+01    1
   35   38        36   37        0.03433          379.02583      379.64047         0.16810E+01    0.11419E+01    1
   35   47        39   43       -1.39165           68.28764       26.11402         0.54913E+01    0.25997E+01    1
   36   39        37   38        0.25427          378.69978      380.12332         0.36429E+01    0.36429E+01    0
   36   42        38   40        0.45969           61.20913       62.35218         0.16399E+02    0.16399E+02    0
   36   45        39   42       -0.11830           59.54230       59.42635         0.11993E+03    0.60231E+02    1
   36   48        40   44       -1.04511           26.78767       24.28304         0.34167E+02    0.33099E+02    1
   36   51        41   46        0.17946           -7.29524       -6.97500         0.55994E+02    0.55994E+02    0
   37   40        38   39       -0.12568          302.10436      301.11529         0.25167E+01    0.25167E+01    0
   37   43        39   41       -0.20435          102.96760      102.50502         0.18226E+02    0.18226E+02    0
   37   46        40   43        0.04284           50.04038       50.18833         0.17068E+02    0.17068E+02    0
   37   49        41   45       -1.66394          -17.26513      -38.61556         0.78049E+02    0.62802E+01    1
   37   52        42   47        0.48628          -43.78855      -43.24756         0.90588E+02    0.90588E+02    0
   38   41        39   40        0.01463           41.86485       41.95731         0.33117E+01    0.33117E+01    0
   38   44        40   42       -0.11748          187.91705      187.85366         0.12439E+03    0.72445E+02    1
   38   47        41   44       -0.45520          -16.64471      -17.30200         0.41467E+02    0.41467E+02    0
   38   50        42   46       -0.98838          -14.74569      -17.52917         0.37578E+02    0.28787E+02    1
   39   42        40   41       -0.02893          355.33000      355.23628         0.82560E+01    0.62664E+01    1
   39   45        41   43        1.48496           83.16924      107.14460         0.10677E+02    0.24179E+01    1
   39   48        42   45       -0.23540           21.78056       21.21991         0.25491E+02    0.25491E+02    0
   39   51        43   47       -1.51443          -40.50498      -47.09164         0.11812E+03    0.18465E+02    1
   40   43        41   42       -0.58138          138.77857      136.69261         0.13114E+02    0.55457E+01    1
   40   46        42   44       -0.15977          -38.86819      -39.34231         0.24930E+02    0.13684E+02    1
   40   49        43   46        1.55909          -59.63785      -49.86425         0.48058E+02    0.97974E+01    1
   40   52        44   48       -0.91028           -7.76839      -10.13602         0.31343E+02    0.30254E+02    1
   41   44        42   43       -1.93524          556.06165      345.62212         0.59561E+01    0.18512E+00    1
   41   47        43   45        0.12380          111.89727      112.35122         0.11107E+02    0.11107E+02    0
   41   50        44   47       -0.52287           47.01389       46.21488         0.38510E+02    0.38510E+02    0
   42   45        43   44       -0.46418          141.86784      140.73315         0.12753E+02    0.81845E+01    1
   42   48        44   46        0.08013          193.73947      193.93646         0.15894E+02    0.15894E+02    0
   42   51        45   48       -1.02729           51.76042       47.68881         0.18098E+02    0.14629E+02    1
   43   46        44   45       -0.38939          231.45244      229.64812         0.54359E+01    0.41714E+01    1
   43   49        45   47        0.09553           46.96334       47.34310         0.15844E+02    0.98215E+01    1
   43   52        46   49        1.44310            3.56028       12.13651         0.30938E+02    0.97431E+01    1
   44   47        45   46        0.25596          269.46464      270.48509         0.48819E+01    0.48819E+01    0
   44   50        46   48        0.97257          -22.81012      -20.03882         0.21547E+02    0.13555E+02    1
   45   48        46   47        0.22999          169.84468      170.26660         0.10625E+02    0.10625E+02    0
   45   51        47   49       -0.16901          105.82179      105.54495         0.23846E+02    0.23846E+02    0
   46   49        47   48       -1.05829          302.01585      295.59208         0.70554E+01    0.32341E+01    1
   46   52        48   50       -0.50545           42.00169       40.80737         0.16484E+02    0.16484E+02    0
   47   50        48   49       -0.30101          302.43474      301.59730         0.70450E+01    0.70450E+01    0
   48   51        49   50        0.38039          107.17771      108.17794         0.75280E+01    0.75280E+01    0
   49   52        50   51       -0.28857          135.18856      133.84680         0.41668E+01    0.41668E+01    0
    6    4         8    2       -0.06893          691.21864      689.94273         0.27054E+01    0.27054E+01    0
   14    8        20    2        0.66890           90.03088       94.44590         0.28741E+02    0.20827E+02    1
   16    9        23    2       -1.25399          117.34866       67.27056         0.57274E+01    0.39700E+01    1
   18   10        26    2        1.71228         -146.05022       14.45834         0.11948E+02    0.19124E+01    1
   24   13        31    2       -1.35794            1.28863      -10.98124         0.30950E+02    0.17516E+02    1
   26   14        34    2       -0.06869          -19.46985      -20.71267         0.97480E+01    0.97480E+01    0
   28   15        37    2        0.22722            0.07606        9.05426         0.49861E+01    0.49861E+01    0
    5    4         6    3        0.11571         1132.16433     1134.40446         0.11010E+01    0.11010E+01    0
    7    5         9    3       -0.01692          950.56169      950.35706         0.35101E+01    0.35101E+01    0
    9    6        12    3        0.03572          123.88475      123.93600         0.14124E+03    0.43483E+02    1
   11    7        15    3       -1.10014          -95.54945      -99.01538         0.11327E+03    0.27863E+02    1
   13    8        18    3        1.25573          -18.19791       44.28464         0.30673E+01    0.22228E+01    1
   15    9        21    3       -0.30093            1.59258       -3.82544         0.73570E+01    0.73570E+01    0
   17   10        24    3        0.26632          -32.22796      -27.78753         0.92468E+01    0.92468E+01    0
   19   11        27    3       -1.13681           -6.60253      -24.99631         0.12041E+02    0.10724E+02    1
   23   13        29    3       -0.12571          -31.99106      -32.92185         0.18429E+02    0.18429E+02    0
   25   14        32    3        1.43580          -24.76628      -15.00584         0.46499E+02    0.22883E+02    1
    6    5         7    4       -0.29703         2648.45195     2643.25473         0.13489E+01    0.13489E+01    0
    8    6        10    4        0.09890          273.37597      273.52780         0.98494E+02    0.27115E+02    1
   10    7        13    4        1.53455         -164.83792     -115.24350         0.64049E+01    0.20167E+01    1
   12    8        16    4       -0.06124          -59.64238      -60.05843         0.13150E+02    0.13150E+02    0
   14    9        19    4       -1.27118           -9.84017      -27.14013         0.12656E+02    0.80995E+01    1
   16   10        22    4       -0.04469          -87.67410      -88.21123         0.11004E+02    0.11004E+02    0
   20   12        28    4        0.32324          -46.06687      -34.69024         0.48476E+01    0.48476E+01    0
   24   14        30    4       -0.56124          -24.20196      -35.35223         0.67668E+01    0.67668E+01    0
   26   15        33    4        0.32496          -29.24490      -23.44158         0.86404E+01    0.86404E+01    0
   28   16        36    4        0.27476          -34.84968      -29.65163         0.92058E+01    0.92058E+01    0
   30   19        45    4       -0.85526           44.37196        6.07816         0.80969E+01    0.80969E+01    0
    7    6         8    5        0.23851         2018.18467     2021.40052         0.18043E+01    0.15203E+01    1
   11    8        14    5       -0.30088         -116.47857     -117.51127         0.23453E+02    0.19233E+02    1
   13    9        17    5       -0.18131          -20.71617      -21.38649         0.42523E+02    0.23838E+02    1
   15   10        20    5        1.49043         -164.04476     -127.87433         0.13310E+02    0.45323E+01    1
   17   11        23    5       -1.32299          -84.93664     -113.42182         0.96116E+01    0.60878E+01    1
   19   12        26    5        1.06329          -86.32955      -55.54192         0.54804E+01    0.52183E+01    1
   25   15        31    5        1.42023          -51.57629      -36.05715         0.25336E+02    0.12322E+02    1
   27   16        34    5        0.43584          -52.85176      -50.36839         0.71510E+02    0.26869E+02    1
   29   19        43    5        0.01426           -3.11522       -2.42310         0.71030E+01    0.71030E+01    0
   31   20        46    5        0.37798          -11.38951       19.69160         0.44115E+01    0.44115E+01    0
    8    7         9    6       -0.33936         1244.39000     1240.16046         0.18336E+01    0.18336E+01    0
   12    9        15    6        1.16722          -55.88352      -48.47648         0.27975E+02    0.10597E+02    1
   14   10        18    6       -0.53058          -90.07628     -101.25093         0.42057E+01    0.42057E+01    0
   18   12        24    6        1.13020          -73.81469      -57.63204         0.10124E+02    0.90693E+01    1
   20   13        27    6        0.16131         -103.45676      -97.70241         0.42083E+01    0.42083E+01    0
   24   15        29    6       -1.79337          -42.10588      -55.69451         0.57167E+02    0.14974E+02    1
   26   16        32    6        1.37097          -68.09814      -35.66489         0.12934E+02    0.56207E+01    1
   30   20        44    6       -0.02327           16.00773       14.52931         0.54479E+01    0.54479E+01    0
   32   21        47    6       -0.35709           15.09529       13.65270         0.90256E+02    0.90256E+02    0
   13   10        16    7       -0.48385          113.64159      110.48283         0.10338E+02    0.99798E+01    1
   17   12        22    7       -0.34656          -43.33557      -46.34565         0.12360E+02    0.12360E+02    0
   19   13        25    7        1.19682          -87.20703      -45.67387         0.43767E+01    0.37025E+01    1
   21   14        28    7       -0.08752          -41.48209      -43.17804         0.76062E+01    0.76062E+01    0
   25   16        30    7       -0.38480          -14.24788      -18.80001         0.94963E+01    0.94963E+01    0
   27   17        33    7       -1.34690           13.39272       -7.22069         0.11481E+02    0.86302E+01    1
   29   20        42    7       -0.15713           40.14260       31.50869         0.59333E+01    0.59333E+01    0
   31   21        45    7       -1.45996           45.68166       27.96293         0.79921E+02    0.28327E+02    1
   33   22        48    7       -0.08646           28.12252       26.62854         0.21103E+02    0.21103E+02    0
   12   10        14    8        0.15804         -107.96501     -106.47821         0.46248E+01    0.46248E+01    0
   16   12        20    8       -0.30635          -83.61633      -84.04544         0.60373E+02    0.60373E+02    0
   20   14        26    8        0.45362         -130.67546     -129.59316         0.66480E+02    0.53384E+02    1
   26   17        31    8       -1.55020          -21.64037      -46.48899         0.18039E+02    0.69388E+01    1
   30   21        43    8        0.04286           -5.23386       -4.83371         0.35134E+02    0.35134E+02    0
   15   12        18    9       -0.05553          -55.99628      -57.05655         0.33130E+01    0.33130E+01    0
   17   13        21    9       -0.57061         -159.61830     -159.96017         0.14291E+03    0.14291E+03    0
   19   14        24    9       -0.00554         -126.00281     -126.02346         0.28810E+02    0.28810E+02    0
   21   15        27    9       -0.18412          -69.57335      -70.02619         0.51560E+02    0.51560E+02    0
   25   17        29    9        0.33373          -60.44889      -59.77941         0.50054E+02    0.45387E+02    1
   27   18        32    9       -1.22220           48.27644      -17.04642         0.24988E+01    0.20699E+01    1
   29   21        41    9        1.47432           -7.85865        0.84167         0.23363E+03    0.52190E+02    1
   31   22        44    9        0.08369           11.79807       15.27630         0.78934E+01    0.78934E+01    0
   33   23        47    9        0.82927            6.83873       27.83566         0.13667E+02    0.13667E+02    0
   14   12        16   10       -0.10093          124.27760      122.98714         0.32966E+01    0.32966E+01    0
   16   13        19   10        0.20385         -106.52229     -105.81383         0.18193E+02    0.18193E+02    0
   20   15        25   10        1.23491          -88.48086      -66.61538         0.77135E+01    0.59990E+01    1
   22   16        28   10       -0.89024          -39.94129      -55.20403         0.73318E+01    0.73318E+01    0
   26   18        30   10       -0.60813           -7.53024      -34.69554         0.19984E+01    0.19984E+01    0
   28   19        33   10       -0.02528          -28.46983      -29.21068         0.37704E+01    0.37704E+01    0
   30   22        42   10       -0.27512           20.32819        5.30086         0.57179E+01    0.57179E+01    0
   34   24        48   10       -1.10941           32.92585       22.64710         0.41269E+02    0.37662E+02    1
   13   12        14   11        0.06827          808.50216      808.95709         0.30844E+01    0.30844E+01    0
   15   13        17   11       -0.17774           -0.15725       -0.51578         0.21128E+02    0.21128E+02    0
   17   14        20   11       -1.36955          -93.41695     -140.58864         0.87907E+01    0.18682E+01    1
   19   15        23   11       -1.45801          -47.14949      -82.90721         0.90367E+01    0.35355E+01    1
   21   16        26   11        1.43726          -66.28905      -60.48420         0.87675E+02    0.26497E+02    1
   27   19        31   11       -0.29798          -22.69543      -23.09384         0.66924E+02    0.66924E+02    0
   29   22        40   11        0.36562           10.51477       17.46491         0.15418E+02    0.15418E+02    0
   31   23        43   11        0.20444           25.44994       31.63447         0.10335E+02    0.10335E+02    0
   33   24        46   11        0.31041           15.25765       26.57080         0.90439E+01    0.90439E+01    0
   14   13        15   12       -0.69149         1398.87855     1382.87627         0.24379E+01    0.95121E+00    1
   16   14        18   12       -0.94558          -10.26386      -27.79279         0.23436E+01    0.23104E+01    1
   20   16        24   12       -0.64668          -91.64900      -92.58653         0.70073E+02    0.59992E+02    1
   22   17        27   12       -0.51358          -35.67422      -37.07095         0.48881E+02    0.38890E+02    1
   26   19        29   12       -1.51384          -66.44070      -67.30694         0.31929E+03    0.11865E+03    1
   28   20        32   12       -0.03812          -17.07105      -17.96985         0.37859E+01    0.37859E+01    0
   30   23        41   12        0.08248           19.27632       23.68634         0.55331E+01    0.55331E+01    0
   32   24        44   12       -0.13169           37.49740       31.77760         0.72310E+01    0.72310E+01    0
   34   25        47   12        1.02714           11.65378       18.88518         0.69735E+02    0.47085E+02    1
   36   26        50   12        0.63252          -46.47724      -20.71325         0.86034E+01    0.86034E+01    0
   15   14        16   13       -0.21438          366.58892      363.71191         0.18423E+01    0.15983E+01    1
   17   15        19   13        0.64932          -22.57139      -13.53467         0.33416E+01    0.30872E+01    1
   19   16        22   13        1.06244          -98.05447      -86.35587         0.98178E+01    0.60212E+01    1
   21   17        25   13       -0.16312           -1.94973       -2.70726         0.18397E+02    0.18397E+02    0
   27   20        30   13        0.03111           24.43787       25.19288         0.27711E+01    0.27711E+01    0
   29   23        39   13       -0.06612           44.25925       42.50839         0.10471E+02    0.10471E+02    0
   31   24        42   13        0.21792           36.77453       41.69814         0.13134E+02    0.13134E+02    0
   33   25        45   13       -1.23369           79.08524       25.15134         0.86949E+01    0.71356E+01    1
   16   15        17   14        0.00975          266.48937      266.59450         0.19769E+01    0.19769E+01    0
   20   17        23   14        1.08119          -85.32391      -77.61258         0.12107E+02    0.91087E+01    1
   28   21        31   14        0.51484          -69.14951      -66.64247         0.13891E+02    0.13891E+02    0
   30   24        40   14        0.02533           32.95326       34.16997         0.58310E+01    0.58310E+01    0
   32   25        43   14        0.31731           11.92655       16.10092         0.22623E+02    0.22623E+02    0
   34   26        46   14        1.24644          -26.58930        9.11787         0.16512E+02    0.11000E+02    1
   38   28        52   14        1.14840          -55.25204      -40.60361         0.60305E+02    0.27272E+02    1
   17   16        18   15        0.27049          492.52591      498.02771         0.10864E+01    0.10864E+01    0
   19   17        21   15       -0.27048          -33.53550      -35.16962         0.75669E+01    0.72557E+01    1
   21   18        24   15        1.27095         -121.88714      -70.41767         0.22497E+01    0.16043E+01    1
   23   19        27   15       -1.56173          -95.47967      -96.18768         0.76556E+03    0.18630E+03    1
   27   21        29   15       -0.78673           44.56613       39.14331         0.77358E+01    0.65734E+01    1
   29   24        38   15       -0.31708           46.65918       31.98271         0.56767E+01    0.56767E+01    0
   31   25        41   15        1.16309            0.56197       15.88194         0.27375E+02    0.21152E+02    1
   37   28        50   15        0.98653          -48.24889      -43.92786         0.32532E+03    0.75500E+02    1
   18   17        19   16       -0.21064          233.93932      232.05745         0.23502E+01    0.23502E+01    0
   22   19        25   16       -0.23640          -53.46008      -53.73106         0.54793E+02    0.54793E+02    0
   24   20        28   16        0.45841          -56.16410      -43.74149         0.31107E+01    0.31107E+01    0
   28   22        30   16        0.66432          -64.75726      -60.75148         0.75083E+01    0.74162E+01    1
   30   25        39   16        0.60422           -2.05640        4.89917         0.22918E+02    0.22918E+02    0
   34   27        45   16       -1.36120           55.55617        8.54766         0.12794E+02    0.86119E+01    1
   36   28        48   16        0.16354          -23.20782      -21.96517         0.41217E+02    0.41217E+02    0
   19   18        20   17       -0.27246          749.88419      741.67326         0.74617E+00    0.74617E+00    0
   21   19        23   17       -0.03529          -67.45214      -68.24908         0.19026E+01    0.19026E+01    0
   23   20        26   17        0.24405          -35.90850      -24.47771         0.13752E+01    0.13752E+01    0
   29   25        37   17        0.19781           -9.45206       12.62330         0.22299E+01    0.22299E+01    0
   20   19        21   18        0.01405          502.82062      503.21023         0.76350E+00    0.76350E+00    0
   22   20        24   18        0.00434          127.83079      128.05840         0.81511E+00    0.81511E+00    0
   21   20        22   19       -0.06924          630.25990      628.62547         0.95964E+00    0.95964E+00    0
   23   21        25   19        0.23492          114.30125      118.81946         0.22383E+01    0.22383E+01    0
   25   22        28   19        0.16761         -123.68693     -119.22798         0.24576E+01    0.24576E+01    0
   33   28        42   19        0.32047          -15.27872        7.69604         0.37124E+01    0.37124E+01    0
   22   21        23   20        0.01533          718.76256      719.04730         0.11370E+01    0.11370E+01    0
   24   22        26   20       -0.62949           38.78652       26.34392         0.22036E+01    0.22036E+01    0
   30   27        37   20        0.27793          -56.97627      -35.60071         0.31826E+01    0.31826E+01    0
   32   28        40   20        0.29636          -12.17348        3.40605         0.47936E+01    0.47936E+01    0
   23   22        24   21       -0.10662         1071.09130     1068.98574         0.11382E+01    0.11382E+01    0
   25   23        27   21       -1.77989           44.96417       42.61370         0.76610E+02    0.32863E+02    1
   31   28        38   21        1.47202          -18.54972       -1.50309         0.47899E+02    0.20923E+02    1
   24   23        25   22       -0.24974          689.58636      687.24306         0.22058E+01    0.22058E+01    0
   26   24        28   22       -0.82461           79.95157       77.71397         0.15477E+02    0.15477E+02    0
   30   28        36   22       -1.16104          -76.59397      -79.12363         0.18732E+03    0.11452E+03    1
   40   29        51   22       -1.57409          -17.22585      -34.35768         0.58272E+02    0.14294E+02    1
   25   24        26   23       -0.31742         1636.65872     1630.59341         0.11671E+01    0.11671E+01    0
   29   28        34   23       -0.11818          -32.82974      -38.24628         0.66832E+01    0.66832E+01    0
   39   29        49   23       -0.79293          -30.36288      -38.73726         0.12726E+02    0.12726E+02    0
   41   30        52   23       -1.41131            4.41288       -2.51649         0.72568E+02    0.31338E+02    1
   26   25        27   24        0.15598          633.78876      636.32942         0.12464E+01    0.12464E+01    0
   38   29        47   24        0.00699          -43.95936      -43.81463         0.54349E+01    0.54349E+01    0
   40   30        50   24       -0.76062          -23.99600      -32.13003         0.12376E+02    0.12376E+02    0
   27   26        28   25       -0.21938         1354.32826     1351.14185         0.16313E+01    0.14770E+01    1
   37   29        45   25       -1.25332          -52.85777      -59.78358         0.20403E+02    0.16482E+02    1
   39   30        48   25        0.64735          -29.80879      -24.98011         0.14896E+02    0.14896E+02    0
   41   31        51   25        0.08876          -19.59924      -19.48601         0.10639E+03    0.10361E+03    1
   36   29        43   26        0.38208          -74.98504      -70.73280         0.61372E+01    0.61372E+01    0
   38   30        46   26       -0.67824          -41.76938      -44.78869         0.19950E+02    0.19950E+02    0
   40   31        49   26        1.30843          -89.65277      -61.83873         0.74598E+01    0.51931E+01    1
   37   30        44   27       -0.87981            2.62544       -0.27436         0.20332E+02    0.20332E+02    0
   39   31        47   27        1.41748          -39.76193      -29.16127         0.27193E+02    0.11848E+02    1
   34   29        39   28       -0.01052          -32.98550      -33.06823         0.28405E+01    0.28405E+01    0
   36   30        42   28        1.02948          -66.25544      -59.84868         0.15103E+02    0.71617E+01    1
   38   31        45   28       -0.07567          -84.07090      -84.74594         0.75038E+01    0.75038E+01    0
   40   32        48   28       -0.08051          -52.44600      -52.76210         0.22340E+02    0.22340E+02    0
   42   33        51   28        1.35276          -38.69926      -27.58957         0.22177E+02    0.13211E+02    1
   31   30        32   29       -0.22350          621.81787      619.86903         0.22437E+01    0.22437E+01    0
   33   31        35   29       -0.54085          109.46228      104.09082         0.40276E+01    0.40276E+01    0
   37   33        41   29        1.65600          -68.15816      -56.87356         0.46995E+02    0.12019E+02    1
   39   34        44   29       -1.07747          -66.79917      -67.06815         0.93251E+03    0.39620E+03    1
   43   36        50   29       -0.22891            1.56992       -1.75025         0.94042E+01    0.94042E+01    0
   32   31        33   30       -0.14049          201.83851      199.96506         0.15696E+01    0.15696E+01    0
   34   32        36   30       -0.20617           59.12109       57.92806         0.70460E+01    0.70460E+01    0
   36   33        39   30       -1.68414          -46.85793      -47.36302         0.52756E+03    0.20592E+03    1
   38   34        42   30       -0.05462         -137.57630     -137.65358         0.68685E+02    0.57338E+02    1
   42   36        48   30       -0.25726          -28.29975      -31.56462         0.92159E+01    0.92159E+01    0
   44   37        51   30        0.17209          -17.07171      -11.23575         0.40462E+01    0.40462E+01    0
   33   32        34   31       -0.02726          549.22709      548.93871         0.18358E+01    0.18358E+01    0
   35   33        37   31       -0.73417          107.51511       98.77822         0.34150E+01    0.34150E+01    0
   37   34        40   31        1.16952         -111.93305     -111.80312         0.10000E+04    0.54243E+03    1
   39   35        43   31        1.39612         -198.26341     -122.75869         0.29850E+01    0.14741E+01    1
   41   36        46   31        0.24406          -60.62039      -58.10351         0.94520E+01    0.94520E+01    0
   43   37        49   31        0.64467          -25.39620       -7.62180         0.42236E+01    0.42236E+01    0
   45   38        52   31       -1.05138           11.99223        8.24545         0.40071E+02    0.38587E+02    1
   34   33        35   32        0.74063          577.74700      585.30653         0.20156E+01    0.20156E+01    0
   36   34        38   32       -0.68862            9.65270        7.16896         0.16002E+02    0.11067E+02    1
   38   35        41   32        1.31337         -204.73237     -146.27534         0.27814E+01    0.13521E+01    1
   40   36        44   32       -1.31288         -103.89228     -126.41438         0.73288E+01    0.46016E+01    1
   42   37        47   32        0.81371          -22.45541       -2.03617         0.38655E+01    0.38655E+01    0
   44   38        50   32        1.64853          -39.13174      -17.30311         0.32931E+02    0.88885E+01    1
   37   35        39   33        0.14957           28.45708       31.19885         0.21984E+01    0.21984E+01    0
   39   36        42   33       -1.49774           10.49947      -41.65467         0.53253E+01    0.17189E+01    1
   41   37        45   33        0.45353           12.60143       23.56485         0.32182E+01    0.32182E+01    0
   43   38        48   33       -0.83267           23.25710       18.42004         0.16701E+02    0.16701E+02    0
   45   39        51   33        1.27448           -0.89385        1.87658         0.12669E+03    0.54557E+02    1
   36   35        37   34       -1.16379          662.25900      631.80849         0.10183E+01    0.76012E+00    1
   38   36        40   34       -0.05375           47.31221       46.63109         0.31901E+01    0.31901E+01    0
   40   37        43   34        1.24727          -77.04896      -39.97004         0.26822E+01    0.20339E+01    1
   42   38        46   34       -0.01082            4.08266        3.97091         0.75529E+01    0.75529E+01    0
   44   39        49   34       -0.01683          -26.71935      -26.86153         0.11762E+02    0.11762E+02    0
   46   40        52   34        1.20868            7.87549       28.26977         0.94626E+01    0.70653E+01    1
   37   36        38   35        0.02717          379.02583      379.64047         0.10529E+01    0.90368E+00    1
   43   39        47   35       -1.15296           68.28764       26.11402         0.24527E+01    0.21538E+01    1
   38   37        39   36        0.13465          378.69978      380.12332         0.19291E+01    0.19291E+01    0
   40   38        42   36        0.25325           61.20913       62.35218         0.90344E+01    0.90344E+01    0
   42   39        45   36       -0.03275           59.54230       59.42635         0.16676E+02    0.16676E+02    0
   44   40        48   36       -0.77041           26.78767       24.28304         0.24399E+02    0.24399E+02    0
   46   41        51   36        0.01379           -7.29524       -6.97500         0.43043E+01    0.43043E+01    0
   39   38        40   37       -0.17320          302.10436      301.11529         0.34684E+01    0.34684E+01    0
   41   39        43   37       -0.31640          102.96760      102.50502         0.35948E+02    0.28221E+02    1
   43   40        46   37        0.09862           50.04038       50.18833         0.44240E+02    0.39285E+02    1
   45   41        49   37       -1.14774          -17.26513      -38.61556         0.49108E+01    0.43319E+01    1
   47   42        52   37        0.14603          -43.78855      -43.24756         0.27203E+02    0.27203E+02    0
   40   39        41   38        0.07474           41.86485       41.95731         0.37379E+02    0.16918E+02    1
   42   40        44   38       -0.10735          187.91705      187.85366         0.86714E+02    0.66196E+02    1
   44   41        47   38       -0.06634          -16.64471      -17.30200         0.60431E+01    0.60431E+01    0
   46   42        50   38       -0.90380          -14.74569      -17.52917         0.28458E+02    0.26323E+02    1
   41   40        42   39       -0.01703          355.33000      355.23628         0.36894E+01    0.36894E+01    0
   43   41        45   39        1.18629           83.16924      107.14460         0.22749E+01    0.19316E+01    1
   45   42        48   39       -0.04450           21.78056       21.21991         0.48189E+01    0.48189E+01    0
   47   43        51   39       -0.40994          -40.50498      -47.09164         0.49983E+01    0.49983E+01    0
   42   41        43   40       -0.35544          138.77857      136.69261         0.33905E+01    0.33905E+01    0
   44   42        46   40       -0.14198          -38.86819      -39.34231         0.18605E+02    0.12160E+02    1
   46   43        49   40        1.50854          -59.63785      -49.86425         0.28364E+02    0.94798E+01    1
   48   44        52   40       -0.78587           -7.76839      -10.13602         0.26119E+02    0.26119E+02    0
   43   42        44   41       -1.94687          556.06165      345.62212         0.65553E+01    0.18623E+00    1
   45   43        47   41        0.19502          111.89727      112.35122         0.17497E+02    0.17497E+02    0
   47   44        50   41       -0.46397           47.01389       46.21488         0.34172E+02    0.34172E+02    0
   44   43        45   42       -0.44124          141.86784      140.73315         0.10404E+02    0.77801E+01    1
   46   44        48   42        0.13563          193.73947      193.93646         0.26904E+02    0.26904E+02    0
   48   45        51   42       -1.11777           51.76042       47.68881         0.56700E+02    0.15918E+02    1
   45   44        46   43       -0.41670          231.45244      229.64812         0.62253E+01    0.44640E+01    1
   47   45        49   43        0.08799           46.96334       47.34310         0.11406E+02    0.90469E+01    1
   49   46        52   43        1.24010            3.56028       12.13651         0.11395E+02    0.83725E+01    1
   46   45        47   44        0.39183          269.46464      270.48509         0.77353E+01    0.74734E+01    1
   48   46        50   44        0.97426          -22.81012      -20.03882         0.21849E+02    0.13579E+02    1
   47   46        48   45        0.12610          169.84468      170.26660         0.58253E+01    0.58253E+01    0
   49   47        51   45       -0.06430          105.82179      105.54495         0.90719E+01    0.90719E+01    0
   48   47        49   46       -1.03839          302.01585      295.59208         0.52076E+01    0.31733E+01    1
   50   48        52   46       -0.37079           42.00169       40.80737         0.12093E+02    0.12093E+02    0
   49   48        50   47       -0.34332          302.43474      301.59730         0.83861E+01    0.80354E+01    1
   50   49        51   48        0.31088          107.17771      108.17794         0.61523E+01    0.61523E+01    0
   51   50        52   49       -0.26111          135.18856      133.84680         0.37702E+01    0.37702E+01    0
