    P+   P-        C+   C-  Normalised_Error  Observed_Rho_a  Calculated_Rho_a  Original_Weight  Final_Weight    C
    2    8         4    6       -1.08071          731.07373      715.12892         0.49006E+01    0.33940E+01    1
    2   20         8   14       -0.11522          118.86419      100.98102         0.88568E+00    0.88568E+00    0
    2   23         9   16       -0.77373          110.51978       87.54651         0.53396E+01    0.53396E+01    0
    2   26        10   18        0.85110          -37.84581       12.85875         0.30091E+01    0.30091E+01    0
    2   31        13   24       -0.26413            4.05045       -0.06992         0.10146E+02    0.10146E+02    0
    2   34        14   26        0.19591           -9.62095       -0.88922         0.39571E+01    0.39571E+01    0
    2   37        15   28        1.42295            3.12111       27.35260         0.11569E+02    0.11569E+02    0
    3    6         4    5       -0.30894         1211.43260     1201.20220         0.64364E+00    0.64364E+00    0
    3    9         5    7       -0.70646          956.96978      952.99805         0.82890E+01    0.75528E+01    1
    3   12         6    9        0.10382          255.74295      272.19346         0.39374E+00    0.39374E+00    0
    3   15         7   11       -1.55495          -88.11095     -204.90025         0.12010E+01    0.11687E+01    1
    3   18         8   13        0.28376          -21.48988       -0.85844         0.15212E+01    0.15212E+01    0
    3   21         9   15       -0.05507           -4.29601       -6.55380         0.32309E+01    0.32309E+01    0
    3   24        10   17       -0.31349          -37.91095      -67.84005         0.16149E+01    0.16149E+01    0
    3   27        11   19       -0.14607           55.67818       35.66978         0.12667E+01    0.12667E+01    0
    3   29        13   23       -0.04356          -26.78444      -29.79643         0.19735E+01    0.19735E+01    0
    3   32        14   25        0.01993          -12.09842      -11.13103         0.32042E+01    0.32042E+01    0
    4    7         5    6       -1.05256         2584.32953     2516.92420         0.62068E+00    0.36856E+00    1
    4   10         6    8       -0.27363          339.93846      335.46153         0.41974E+01    0.25441E+01    1
    4   13         7   10        0.39331           31.99542       87.28789         0.46361E+00    0.46361E+00    0
    4   16         8   12       -0.05339          -28.88742      -34.24001         0.89116E+00    0.89116E+00    0
    4   19         9   14       -0.00409          -20.47473      -20.68738         0.21211E+01    0.21211E+01    0
    4   22        10   16       -0.83844         -115.47130     -116.22976         0.14619E+03    0.14619E+03    0
    4   28        12   20        0.47427          -41.40859      -26.76764         0.55269E+01    0.55269E+01    0
    4   30        14   24       -2.71764          -21.26324      -31.67710         0.88505E+02    0.35083E+02    1
    4   33        15   26        0.23159          -30.05699      -20.34418         0.36792E+01    0.36792E+01    0
    4   36        16   28        1.08271          -34.17639       -7.95930         0.71925E+01    0.71925E+01    0
    4   45        19   30       -0.52776           33.25872       15.32277         0.10667E+02    0.10667E+02    0
    5    8         6    7        0.02978         2083.88854     2085.08106         0.97389E+00    0.51183E+00    1
    5   14         8   11       -0.11062         -203.35091     -217.98985         0.49883E+00    0.49883E+00    0
    5   17         9   13       -1.66378          -24.47748      -38.09879         0.15216E+02    0.10765E+02    1
    5   20        10   15        1.03347         -198.12831     -177.63399         0.55465E+01    0.55465E+01    0
    5   23        11   17       -0.32126           29.53170      -18.47888         0.87708E+00    0.87708E+00    0
    5   26        12   19        1.49686          -78.24763      -52.96450         0.10101E+02    0.89456E+01    1
    5   31        15   25        0.36569          -46.74818      -33.08713         0.36044E+01    0.36044E+01    0
    5   34        16   27        1.48775          -48.40735      -32.70370         0.17336E+02    0.14504E+02    1
    5   43        19   29        0.26621           -3.85410        9.05072         0.71112E+01    0.71112E+01    0
    5   46        20   31        0.26608           -7.49094       16.32761         0.40524E+01    0.40524E+01    0
    6    9         7    8       -0.33566         1308.95106     1297.14783         0.79011E+00    0.64987E+00    1
    6   15         9   12        0.85108          -58.42334      -11.84446         0.12287E+01    0.12287E+01    0
    6   18        10   14       -0.18905         -140.62818     -150.74199         0.16557E+01    0.16557E+01    0
    6   24        12   18       -0.19988          -46.72171      -55.86676         0.28383E+01    0.28383E+01    0
    6   27        13   20        0.83810          -98.84866      -94.53369         0.45499E+02    0.29158E+02    1
    6   29        15   24       -0.35896          -40.53190      -51.16899         0.38289E+01    0.38289E+01    0
    6   32        16   26        0.45687          -38.77407      -24.03041         0.41205E+01    0.41205E+01    0
    6   44        20   30        0.13567           16.57092       22.03768         0.85882E+01    0.85882E+01    0
    6   47        21   32        0.10981           10.90393       11.06771         0.33879E+03    0.24446E+03    1
    7   16        10   13       -0.46343           75.46586       57.90562         0.17194E+01    0.17194E+01    0
    7   22        12   17       -0.06867          -18.59806      -26.09059         0.98387E+00    0.98387E+00    0
    7   25        13   19        0.53056          -77.97540      -37.73101         0.16939E+01    0.16939E+01    0
    7   28        14   21       -0.46336          -33.71821      -40.18880         0.10554E+02    0.10554E+02    0
    7   30        16   25        0.01166          -12.37373      -11.62659         0.17532E+01    0.17532E+01    0
    7   33        17   27       -0.56587            8.63172      -10.27060         0.39540E+01    0.39540E+01    0
    7   42        20   29       -0.02981           47.60820       43.73901         0.25115E+01    0.25115E+01    0
    7   45        21   31       -0.09659           37.85434       29.64584         0.40454E+01    0.40454E+01    0
    7   48        22   33       -0.17097           34.41439       24.71354         0.64269E+01    0.64269E+01    0
    8   14        10   12       -0.01443         -152.83372     -153.42349         0.10649E+01    0.10649E+01    0
    8   20        12   16        0.31274          -59.92482      -56.35569         0.95164E+01    0.74099E+01    1
    8   26        14   20        0.13765         -110.74470     -108.25058         0.70295E+01    0.70295E+01    0
    8   31        17   26       -1.19689          -27.19672      -40.16333         0.10267E+02    0.10267E+02    0
    8   43        21   30        0.54266            2.56170       14.63659         0.14743E+02    0.14743E+02    0
    9   18        12   15        1.71621            4.47597       39.03697         0.41926E+01    0.31413E+01    1
    9   21        13   17       -0.03398         -114.86883     -116.58449         0.16956E+01    0.16956E+01    0
    9   24        14   19       -0.50417          -93.43742     -113.05481         0.27592E+01    0.27592E+01    0
    9   27        15   21       -0.74436          -40.38548      -64.01976         0.39940E+01    0.39940E+01    0
    9   29        17   25        0.70905          -55.42749      -43.90071         0.56007E+01    0.56007E+01    0
    9   32        18   27       -0.80408           37.14762       -1.80575         0.22837E+01    0.22837E+01    0
    9   41        21   29        1.45924           -1.67600       28.37726         0.15339E+02    0.14954E+02    1
    9   44        22   31        0.08924           14.97063       21.72957         0.43317E+01    0.43317E+01    0
    9   47        23   33        0.43184           12.52038       26.24191         0.10891E+02    0.10891E+02    0
   10   16        12   14       -1.38058          433.16538      394.05133         0.15610E+01    0.14876E+01    1
   10   19        13   16       -1.45714           29.45831       17.57179         0.99026E+01    0.77511E+01    1
   10   25        15   20        0.47176          -22.26957      -12.22994         0.49913E+01    0.49913E+01    0
   10   28        16   22        0.19665            0.89923        5.57350         0.52882E+01    0.52882E+01    0
   10   30        18   26       -0.83196           13.51026      -22.41808         0.20671E+01    0.20671E+01    0
   10   33        19   28       -0.89968          -21.82979      -30.53115         0.11425E+02    0.11425E+02    0
   10   42        22   30        0.84384           30.42718       35.96467         0.47594E+02    0.47594E+02    0
   10   48        24   34       -0.97018           45.22705       25.78176         0.17410E+02    0.17410E+02    0
   11   14        12   13       -0.55387          742.52988      730.81749         0.12505E+01    0.97202E+00    1
   11   17        13   15        1.15880          -18.20734       -2.72796         0.33861E+01    0.31904E+01    1
   11   20        14   17       -1.52353         -105.32502     -186.14144         0.12576E+01    0.12130E+01    1
   11   23        15   19       -2.13819          -49.71842     -158.13196         0.23379E+01    0.17101E+01    1
   11   26        16   21        1.07004          -89.91928      -87.19517         0.42044E+02    0.42036E+02    1
   11   31        19   27        1.45248          -25.56474      -16.24734         0.14436E+02    0.13949E+02    1
   11   40        22   29        0.57278           -0.13275       28.52498         0.58581E+01    0.58581E+01    0
   11   43        23   31        0.27186           11.74552       20.76378         0.94251E+01    0.94251E+01    0
   11   46        24   33        0.05274           18.03579       20.68167         0.65698E+01    0.65698E+01    0
   12   15        13   14       -1.66658         1509.81443     1369.71714         0.63452E+00    0.26186E+00    1
   12   18        14   16       -0.65237           62.71844       51.99234         0.26050E+01    0.26050E+01    0
   12   24        16   20       -0.51925          -63.89781      -83.63138         0.22886E+01    0.22886E+01    0
   12   27        17   22       -0.23151          -49.33300      -55.67626         0.38602E+01    0.38602E+01    0
   12   29        19   26       -0.86970          -55.32455      -60.59543         0.11203E+02    0.11203E+02    0
   12   32        20   28        0.14252          -13.11937      -13.03378         0.14865E+03    0.14865E+03    0
   12   41        23   30        1.55124           19.67961       32.67922         0.39425E+02    0.35303E+02    1
   12   44        24   32       -0.39246           35.88930       28.12916         0.15884E+02    0.15884E+02    0
   12   47        25   34       -0.22916           22.75886       17.12682         0.13488E+02    0.13488E+02    0
   12   50        26   36        1.47763          -23.61933      -14.90382         0.68321E+02    0.59413E+02    1
   13   16        14   15       -0.15066          433.70368      430.50904         0.10116E+01    0.10116E+01    0
   13   19        15   17        0.23043           24.37787       34.60165         0.96840E+00    0.96840E+00    0
   13   22        16   19        0.08573          -65.47442      -61.21172         0.13335E+01    0.13335E+01    0
   13   25        17   21       -1.13029            6.60590      -26.66853         0.29022E+01    0.29022E+01    0
   13   30        20   27       -1.10221           38.72581       33.47926         0.14129E+02    0.14129E+02    0
   13   39        23   29        0.50353           43.44900       50.73268         0.19169E+02    0.19169E+02    0
   13   42        24   31       -0.01718           39.79607       38.91615         0.57948E+01    0.57948E+01    0
   13   45        25   33       -0.52297           60.65977       26.25970         0.47425E+01    0.47425E+01    0
   14   17        15   16        0.20727          352.84323      357.36217         0.97762E+00    0.97762E+00    0
   14   23        17   20       -0.01472          -72.47599      -72.54168         0.15336E+02    0.14561E+02    1
   14   31        21   28        0.26526          -55.40667      -54.52693         0.20396E+02    0.20396E+02    0
   14   40        24   30        0.68332           36.39353       43.75713         0.25989E+02    0.25989E+02    0
   14   43        25   32       -0.00789           14.47452       14.19338         0.83573E+01    0.83573E+01    0
   14   46        26   34        2.30755           -5.53322        0.91217         0.22721E+03    0.11281E+03    1
   14   52        28   38        1.59275          -53.95322      -26.21692         0.22344E+02    0.19977E+02    1
   15   18        16   17       -0.28841          645.88548      630.40530         0.41170E+00    0.41170E+00    0
   15   21        17   19       -0.38060           -0.28578      -12.23749         0.13960E+01    0.13960E+01    0
   15   24        18   21        0.72896          -86.55639      -64.48454         0.21457E+01    0.21457E+01    0
   15   27        19   23       -0.69819          -86.16732      -88.84564         0.22017E+02    0.22017E+02    0
   15   29        21   27       -0.33985           69.29381       66.89113         0.64088E+01    0.64088E+01    0
   15   38        24   29       -0.03938           48.09050       47.07041         0.10144E+02    0.10144E+02    0
   15   41        25   31        1.77658           11.75284       20.31882         0.65368E+02    0.57783E+02    1
   15   50        28   37        0.24241          -38.03329      -31.39032         0.12067E+02    0.12067E+02    0
   16   19        17   18        0.22529          309.79119      316.03296         0.75786E+00    0.75786E+00    0
   16   25        19   22       -0.29945          -25.14667      -27.10462         0.96058E+01    0.96058E+01    0
   16   28        20   24       -0.08813          -44.20691      -45.38488         0.63067E+01    0.63067E+01    0
   16   30        22   28       -0.60603          -43.69530      -44.68406         0.27409E+02    0.27409E+02    0
   16   39        25   30        2.04276            8.84799       24.15726         0.48586E+02    0.35202E+02    1
   16   45        27   34       -1.78221           19.45873      -14.16609         0.18848E+02    0.15763E+02    1
   16   48        28   36       -1.78762          -15.79778      -23.95067         0.85834E+02    0.68667E+02    1
   17   20        18   19       -0.72661          938.47930      894.67624         0.39150E+00    0.37301E+00    1
   17   23        19   21       -0.15907           -4.54480       -6.36970         0.41566E+01    0.37449E+01    1
   17   26        20   23        1.13217          -10.66769       -2.60318         0.90430E+01    0.90430E+01    0
   17   37        25   29        0.38695           15.03316       29.05726         0.68664E+01    0.68664E+01    0
   18   21        19   20        0.12800          542.07633      546.22641         0.65296E+00    0.65296E+00    0
   18   24        20   22       -0.84097          184.27185      177.05879         0.49833E+01    0.49833E+01    0
   19   22        20   21       -0.23198          756.53015      750.84895         0.10032E+01    0.92490E+00    1
   19   25        21   23        0.27763          181.74971      183.77474         0.59019E+01    0.59019E+01    0
   19   28        22   25        0.79777          -91.24810      -81.03916         0.51090E+01    0.51090E+01    0
   19   42        28   33        0.45559           -4.31172        0.87640         0.23371E+02    0.23371E+02    0
   20   23        21   22        0.05405          723.63609      724.99939         0.88678E+00    0.83731E+00    1
   20   26        22   24       -0.87329          114.57617      104.59281         0.38101E+01    0.38101E+01    0
   20   37        27   30       -0.84487          -46.99211      -47.84399         0.24275E+03    0.24275E+03    0
   20   40        28   32       -0.02706          -10.22043      -10.52015         0.22750E+02    0.22750E+02    0
   21   24        22   23       -0.07361         1197.74844     1195.16054         0.63940E+00    0.63940E+00    0
   21   27        23   25       -0.77300          108.69682      105.66456         0.11063E+02    0.11063E+02    0
   21   38        28   31        0.22747          -18.35055      -11.68367         0.82672E+01    0.82672E+01    0
   22   25        23   24       -0.26268          705.51522      697.82862         0.70729E+00    0.70729E+00    0
   22   28        24   26       -0.17985          144.66487      143.31453         0.55939E+01    0.55939E+01    0
   22   36        28   30        0.03886          -72.09844      -71.41225         0.14130E+02    0.14130E+02    0
   22   51        29   40       -2.77209          -16.12945      -26.23047         0.15099E+03    0.42695E+02    1
   23   26        24   25       -1.07236         1743.02998     1683.23426         0.51797E+00    0.39994E+00    1
   23   34        28   29       -1.96830          -23.41878      -33.65201         0.94913E+02    0.58918E+02    1
   23   49        29   39       -0.38893          -25.27002      -33.02308         0.67425E+01    0.67425E+01    0
   23   52        30   41       -0.84429            7.87661       -5.66004         0.95966E+01    0.95966E+01    0
   24   27        25   26       -0.32972          651.34932      643.85431         0.89315E+00    0.89315E+00    0
   24   47        29   38        0.34274          -41.28774      -37.53611         0.10276E+02    0.10276E+02    0
   24   50        30   40       -0.90185          -19.32908      -33.49030         0.84284E+01    0.84284E+01    0
   25   28        26   27       -0.53558         1464.80116     1438.50183         0.68001E+00    0.43688E+00    1
   25   45        29   37        0.45128          -49.31299      -46.96322         0.17491E+02    0.17491E+02    0
   25   48        30   39       -0.04400          -21.73717      -22.30443         0.86187E+01    0.86187E+01    0
   25   51        31   41        0.20654          -10.97552      -10.70424         0.10063E+03    0.10063E+03    0
   26   43        29   36       -0.41303          -62.55418      -64.05537         0.19278E+02    0.18792E+02    1
   26   46        30   38        0.06905          -44.51678      -44.01022         0.12105E+02    0.12105E+02    0
   26   49        31   40        3.17184          -69.41242      -53.36659         0.58537E+02    0.21821E+02    1
   27   44        30   37       -0.54628           16.97277       14.43768         0.14441E+02    0.14441E+02    0
   27   47        31   39        0.54335          -22.13529      -12.25639         0.48735E+01    0.48735E+01    0
   28   39        29   34       -0.08959            1.31946        0.14239         0.16995E+01    0.16995E+01    0
   28   42        30   36       -0.17605          -46.05419      -46.36614         0.25153E+02    0.25153E+02    0
   28   45        31   38       -0.41581          -71.32232      -72.58356         0.22070E+02    0.22070E+02    0
   28   48        32   40       -0.62793          -37.90320      -40.09976         0.25075E+02    0.25075E+02    0
   28   51        33   42       -0.49912          -34.36562      -40.77851         0.84444E+01    0.84444E+01    0
   29   32        30   31       -1.44737          636.64073      589.54044         0.95535E+00    0.60120E+00    1
   29   35        31   33       -1.21900          146.81589      135.26248         0.44839E+01    0.42203E+01    1
   29   41        33   37        0.29848          -63.44192      -62.52744         0.26733E+02    0.26733E+02    0
   29   44        34   39       -0.02183          -60.44469      -60.83226         0.55703E+01    0.55703E+01    0
   29   50        36   43       -0.82563            6.93560       -3.07733         0.11247E+02    0.11247E+02    0
   30   33        31   32        0.66259          272.20061      284.83185         0.10980E+01    0.10980E+01    0
   30   36        32   34        1.21594           91.38452      105.15469         0.36003E+01    0.36003E+01    0
   30   39        33   36       -2.24607          -37.29391      -57.95008         0.99961E+01    0.67154E+01    1
   30   42        34   38       -0.13327         -131.32252     -132.08188         0.14237E+02    0.14237E+02    0
   30   48        36   42       -0.63500          -23.39659      -31.76323         0.88767E+01    0.88767E+01    0
   30   51        37   44       -0.27451          -14.01839      -16.07622         0.18304E+02    0.18304E+02    0
   31   34        32   33        1.13602          557.51809      581.32213         0.98107E+00    0.92677E+00    1
   31   37        33   35       -1.71556          164.88370      115.11096         0.16809E+01    0.14008E+01    1
   31   40        34   37        0.46956         -103.96603     -103.45763         0.55658E+02    0.55658E+02    0
   31   43        35   39        1.11062         -152.56044     -128.00312         0.36054E+01    0.36054E+01    0
   31   46        36   41       -1.18550          -54.69596      -58.52791         0.33376E+02    0.30155E+02    1
   31   49        37   43       -0.22308          -18.95920      -21.78887         0.91806E+01    0.91806E+01    0
   31   52        38   45       -2.71229           11.30242        0.74234         0.99772E+02    0.35319E+02    1
   32   35        33   34       -0.75930          662.65109      635.23928         0.74663E+00    0.56986E+00    1
   32   38        34   36       -0.52258           31.18949       26.75269         0.47013E+01    0.47013E+01    0
   32   41        35   38        0.02849         -121.38270     -121.13193         0.68371E+01    0.68371E+01    0
   32   44        36   40       -0.83351          -89.86439      -92.72781         0.22979E+02    0.22979E+02    0
   32   47        37   42        0.14197          -10.20897       -7.93846         0.60653E+01    0.60653E+01    0
   32   50        38   44        1.72595          -24.93670      -23.22461         0.12007E+03    0.11865E+03    1
   33   39        35   37        0.66711           52.15953       58.61839         0.41621E+01    0.41621E+01    0
   33   42        36   39       -0.41456           25.41444       19.49477         0.41916E+01    0.41916E+01    0
   33   45        37   41        0.59715           20.85470       29.26790         0.55218E+01    0.55218E+01    0
   33   48        38   43       -1.20686           30.18609       28.25785         0.10405E+03    0.60722E+02    1
   33   51        39   45        1.54448            1.32016       12.18450         0.16859E+02    0.16859E+02    0
   34   37        35   36       -2.32426          720.03171      596.38477         0.88241E+00    0.37386E+00    1
   34   40        36   38        0.64702           71.54917       75.14872         0.72658E+01    0.72658E+01    0
   34   43        37   40        1.33777          -59.46526      -43.98662         0.52257E+01    0.52257E+01    0
   34   46        38   42       -2.30217           15.48678        7.24528         0.35758E+02    0.21784E+02    1
   34   49        39   44       -1.58198          -24.16231      -25.20625         0.28732E+03    0.15060E+03    1
   34   52        40   46        0.89929           10.81232       13.93385         0.34345E+02    0.34345E+02    0
   35   38        36   37        0.75767          427.31016      446.85787         0.91370E+00    0.79243E+00    1
   35   47        39   43       -2.31643           87.73872       36.87331         0.55705E+01    0.35878E+01    1
   36   39        37   38        0.01505          411.07192      411.32394         0.15904E+01    0.12178E+01    1
   36   42        38   40       -0.34358           72.46451       71.19818         0.11064E+02    0.11064E+02    0
   36   45        39   42       -0.60622           64.39321       63.36066         0.34663E+02    0.34663E+02    0
   36   48        40   44       -1.87518           30.68395       29.48647         0.40040E+03    0.12422E+03    1
   36   51        41   46       -0.10894           -4.31108       -4.92687         0.17678E+02    0.17678E+02    0
   37   40        38   39       -1.26473          319.76677      298.45444         0.13326E+01    0.11753E+01    1
   37   43        39   41        0.04501          108.34816      108.58429         0.78645E+01    0.78645E+01    0
   37   46        40   43        0.82418           53.57862       56.21090         0.23440E+02    0.18453E+02    1
   37   49        41   45       -2.32475          -15.79841      -26.69863         0.35444E+02    0.17186E+02    1
   37   52        42   47        1.61467          -42.28177      -38.14907         0.50351E+02    0.39375E+02    1
   38   41        39   40       -0.34870           52.59190       50.64484         0.37486E+01    0.37486E+01    0
   38   44        40   42        0.42123          196.92504      198.80631         0.87524E+01    0.87524E+01    0
   38   47        41   44       -1.76699          -10.62295      -13.55953         0.61205E+02    0.36029E+02    1
   38   50        42   46       -2.80671           -9.35841      -21.22613         0.39667E+02    0.19173E+02    1
   39   42        40   41        0.62328          364.56558      368.36521         0.33298E+01    0.33298E+01    0
   39   45        41   43        1.11172           91.85135       95.84895         0.10857E+02    0.10857E+02    0
   39   48        42   45        1.26920           25.80231       31.46400         0.13610E+02    0.13610E+02    0
   39   51        43   47       -1.35079          -37.77105      -40.91348         0.38599E+02    0.34522E+02    1
   40   43        41   42       -1.85600          147.40529      134.06325         0.44339E+01    0.27680E+01    1
   40   46        42   44        1.00803          -33.45613      -29.81115         0.19224E+02    0.11230E+02    1
   40   49        43   46       -0.09133          -53.87343      -54.02652         0.63579E+02    0.36641E+02    1
   40   52        44   48       -1.40507           -4.22323      -10.16310         0.21566E+02    0.18614E+02    1
   41   44        42   43       -4.12559          566.96034      385.47646         0.31855E+01    0.45761E+00    1
   41   47        43   45       -0.40911          117.89422      115.72180         0.76697E+01    0.76697E+01    0
   41   50        44   47       -0.49692           51.33648       50.45105         0.33027E+02    0.33027E+02    0
   42   45        43   44       -1.54360          150.23223      138.11054         0.52382E+01    0.25477E+01    1
   42   48        44   46        0.68612          204.88593      207.50052         0.11987E+02    0.10254E+02    1
   42   51        45   48       -2.06848           55.40569       47.37761         0.40860E+02    0.14939E+02    1
   43   46        44   45        0.30121          239.68130      241.57499         0.30745E+01    0.30745E+01    0
   43   49        45   47        0.39714           53.36894       55.23412         0.83137E+01    0.83137E+01    0
   43   52        46   49        1.77397            8.76808        9.71170         0.10000E+04    0.10885E+03    1
   44   47        45   46       -0.26187          273.90672      272.15286         0.37824E+01    0.29061E+01    1
   44   50        46   48        1.29376          -16.99530      -13.09288         0.14828E+02    0.12805E+02    1
   45   48        46   47        1.20855          167.59018      177.05588         0.29936E+01    0.24886E+01    1
   45   51        47   49        0.33744          114.68043      115.25584         0.22907E+02    0.22907E+02    0
   46   49        47   48       -2.39370          305.50933      267.06605         0.33053E+01    0.12223E+01    1
   46   52        48   50       -1.78210           53.77070       49.54838         0.29825E+02    0.16440E+02    1
   47   50        48   49       -1.18672          308.17867      297.56833         0.34924E+01    0.21922E+01    1
   48   51        49   50        0.80585          120.96978      125.15257         0.38136E+01    0.38136E+01    0
   49   52        50   51       -0.76946          161.86380      156.25915         0.26599E+01    0.26599E+01    0
    6    4         8    2       -0.15951          731.07373      715.12892         0.50094E+00    0.50094E+00    0
   14    8        20    2       -0.81875          118.86419      100.98102         0.68242E+01    0.62937E+01    1
   16    9        23    2       -0.93906          110.51978       87.54651         0.64806E+01    0.64806E+01    0
   18   10        26    2        1.46306          -37.84581       12.85875         0.51727E+01    0.51727E+01    0
   24   13        31    2       -1.23747            4.05045       -0.06992         0.47534E+02    0.47534E+02    0
   26   14        34    2        0.42759           -9.62095       -0.88922         0.86364E+01    0.86364E+01    0
   28   15        37    2        0.83075            3.12111       27.35260         0.67545E+01    0.67545E+01    0
    5    4         6    3       -0.26923         1211.43260     1201.20220         0.56090E+00    0.56090E+00    0
    7    5         9    3       -0.05980          956.96978      952.99805         0.63928E+00    0.63928E+00    0
    9    6        12    3        0.58061          255.74295      272.19346         0.22021E+01    0.22021E+01    0
   11    7        15    3       -2.32900          -88.11095     -204.90025         0.26943E+01    0.17505E+01    1
   13    8        18    3        0.26697          -21.48988       -0.85844         0.14312E+01    0.14312E+01    0
   15    9        21    3       -0.07969           -4.29601       -6.55380         0.46750E+01    0.46750E+01    0
   17   10        24    3       -0.64898          -37.91095      -67.84005         0.33431E+01    0.33431E+01    0
   19   11        27    3       -0.74751           55.67818       35.66978         0.64825E+01    0.64825E+01    0
   23   13        29    3       -0.57099          -26.78444      -29.79643         0.25868E+02    0.25868E+02    0
   25   14        32    3        1.31727          -12.09842      -11.13103         0.28899E+03    0.21182E+03    1
    6    5         7    4       -0.89915         2584.32953     2516.92420         0.45294E+00    0.31484E+00    1
    8    6        10    4       -0.11563          339.93846      335.46153         0.10751E+01    0.10751E+01    0
   10    7        13    4        2.06710           31.99542       87.28789         0.33192E+01    0.24366E+01    1
   12    8        16    4       -0.11627          -28.88742      -34.24001         0.19406E+01    0.19406E+01    0
   14    9        19    4       -0.05012          -20.47473      -20.68738         0.29002E+02    0.25979E+02    1
   16   10        22    4       -0.04275         -115.47130     -116.22976         0.74544E+01    0.74544E+01    0
   20   12        28    4        1.21307          -41.40859      -26.76764         0.14275E+02    0.14136E+02    1
   24   14        30    4       -0.37319          -21.26324      -31.67710         0.48176E+01    0.48176E+01    0
   26   15        33    4        0.71351          -30.05699      -20.34418         0.11335E+02    0.11335E+02    0
   28   16        36    4        0.83138          -34.17639       -7.95930         0.55229E+01    0.55229E+01    0
   30   19        45    4       -0.30644           33.25872       15.32277         0.61938E+01    0.61938E+01    0
    7    6         8    5        0.01783         2083.88854     2085.08106         0.34932E+00    0.30654E+00    1
   11    8        14    5       -1.26158         -203.35091     -217.98985         0.72362E+01    0.56889E+01    1
   13    9        17    5       -0.40378          -24.47748      -38.09879         0.26125E+01    0.26125E+01    0
   15   10        20    5        0.72858         -198.12831     -177.63399         0.39102E+01    0.39102E+01    0
   17   11        23    5       -1.62161           29.53170      -18.47888         0.47172E+01    0.44273E+01    1
   19   12        26    5        0.40724          -78.24763      -52.96450         0.24338E+01    0.24338E+01    0
   25   15        31    5        0.19461          -46.74818      -33.08713         0.19181E+01    0.19181E+01    0
   27   16        34    5        0.22630          -48.40735      -32.70370         0.22062E+01    0.22062E+01    0
   29   19        43    5        0.06654           -3.85410        9.05072         0.17775E+01    0.17775E+01    0
   31   20        46    5        0.12572           -7.49094       16.32761         0.19147E+01    0.19147E+01    0
    8    7         9    6       -0.29226         1308.95106     1297.14783         0.59899E+00    0.56584E+00    1
   12    9        15    6        2.59978          -58.42334      -11.84446         0.59165E+01    0.37533E+01    1
   14   10        18    6       -1.06630         -140.62818     -150.74199         0.11245E+02    0.93386E+01    1
   18   12        24    6       -0.13143          -46.72171      -55.86676         0.18662E+01    0.18662E+01    0
   20   13        27    6        0.05071          -98.84866      -94.53369         0.17644E+01    0.17644E+01    0
   24   15        29    6       -0.15663          -40.53190      -51.16899         0.16707E+01    0.16707E+01    0
   26   16        32    6        0.18354          -38.77407      -24.03041         0.16554E+01    0.16554E+01    0
   30   20        44    6        0.02254           16.57092       22.03768         0.14268E+01    0.14268E+01    0
   32   21        47    6        0.00076           10.90393       11.06771         0.16868E+01    0.16868E+01    0
   13   10        16    7       -1.73282           75.46586       57.90562         0.10234E+02    0.64292E+01    1
   17   12        22    7       -0.19352          -18.59806      -26.09059         0.27727E+01    0.27727E+01    0
   19   13        25    7        0.62631          -77.97540      -37.73101         0.19996E+01    0.19996E+01    0
   21   14        28    7       -0.09062          -33.71821      -40.18880         0.20642E+01    0.20642E+01    0
   25   16        30    7        0.01229          -12.37373      -11.62659         0.18474E+01    0.18474E+01    0
   27   17        33    7       -0.45059            8.63172      -10.27060         0.31485E+01    0.31485E+01    0
   29   20        42    7       -0.02102           47.60820       43.73901         0.17714E+01    0.17714E+01    0
   31   21        45    7       -0.04528           37.85434       29.64584         0.18966E+01    0.18966E+01    0
   33   22        48    7       -0.05137           34.41439       24.71354         0.19310E+01    0.19310E+01    0
   12   10        14    8       -0.07306         -152.83372     -153.42349         0.70361E+01    0.53897E+01    1
   16   12        20    8        0.10874          -59.92482      -56.35569         0.25764E+01    0.25764E+01    0
   20   14        26    8        0.04169         -110.74470     -108.25058         0.21292E+01    0.21292E+01    0
   26   17        31    8       -0.24007          -27.19672      -40.16333         0.20593E+01    0.20593E+01    0
   30   21        43    8        0.06264            2.56170       14.63659         0.17018E+01    0.17018E+01    0
   15   12        18    9        0.15746            4.47597       39.03697         0.28820E+00    0.28820E+00    0
   17   13        21    9       -0.00690         -114.86883     -116.58449         0.34455E+00    0.34455E+00    0
   19   14        24    9       -0.06779          -93.43742     -113.05481         0.37099E+00    0.37099E+00    0
   21   15        27    9       -0.06992          -40.38548      -64.01976         0.37518E+00    0.37518E+00    0
   25   17        29    9        0.04681          -55.42749      -43.90071         0.36976E+00    0.36976E+00    0
   27   18        32    9       -0.13389           37.14762       -1.80575         0.38027E+00    0.38027E+00    0
   29   21        41    9        0.03795           -1.67600       28.37726         0.38887E+00    0.38887E+00    0
   31   22        44    9        0.00803           14.97063       21.72957         0.39000E+00    0.39000E+00    0
   33   23        47    9        0.01528           12.52038       26.24191         0.38534E+00    0.38534E+00    0
   14   12        16   10       -0.33665          433.16538      394.05133         0.36276E+00    0.36276E+00    0
   16   13        19   10       -0.08167           29.45831       17.57179         0.43444E+00    0.43444E+00    0
   20   15        25   10        0.04620          -22.26957      -12.22994         0.48881E+00    0.48881E+00    0
   22   16        28   10        0.01699            0.89923        5.57350         0.45690E+00    0.45690E+00    0
   26   18        30   10       -0.19310           13.51026      -22.41808         0.47978E+00    0.47978E+00    0
   28   19        33   10       -0.03562          -21.82979      -30.53115         0.45236E+00    0.45236E+00    0
   30   22        42   10        0.00891           30.42718       35.96467         0.50273E+00    0.50273E+00    0
   34   24        48   10       -0.02740           45.22705       25.78176         0.49166E+00    0.49166E+00    0
   13   12        14   11       -0.28762          742.52988      730.81749         0.50476E+00    0.50476E+00    0
   15   13        17   11        0.27654          -18.20734       -2.72796         0.76137E+00    0.76137E+00    0
   17   14        20   11       -0.95616         -105.32502     -186.14144         0.76129E+00    0.76129E+00    0
   19   15        23   11       -1.20308          -49.71842     -158.13196         0.96222E+00    0.96222E+00    0
   21   16        26   11        0.02725          -89.91928      -87.19517         0.10707E+01    0.10707E+01    0
   27   19        31   11        0.11307          -25.56474      -16.24734         0.10859E+01    0.10859E+01    0
   29   22        40   11        0.11595           -0.13275       28.52498         0.11859E+01    0.11859E+01    0
   31   23        43   11        0.03435           11.74552       20.76378         0.11908E+01    0.11908E+01    0
   33   24        46   11        0.00913           18.03579       20.68167         0.11368E+01    0.11368E+01    0
   14   13        15   12       -1.66455         1509.81443     1369.71714         0.63143E+00    0.26154E+00    1
   16   14        18   12       -0.23989           62.71844       51.99234         0.95788E+00    0.95788E+00    0
   20   16        24   12       -1.60785          -63.89781      -83.63138         0.84391E+01    0.70866E+01    1
   22   17        27   12       -0.31410          -49.33300      -55.67626         0.52373E+01    0.52373E+01    0
   26   19        29   12       -0.39465          -55.32455      -60.59543         0.50835E+01    0.50835E+01    0
   28   20        32   12        0.04387          -13.11937      -13.03378         0.45758E+02    0.45758E+02    0
   30   23        41   12        1.56324           19.67961       32.67922         0.40038E+02    0.35576E+02    1
   32   24        44   12       -0.56631           35.88930       28.12916         0.22921E+02    0.22921E+02    0
   34   25        47   12       -2.76029           22.75886       17.12682         0.32404E+03    0.16247E+03    1
   36   26        50   12        0.67331          -23.61933      -14.90382         0.27072E+02    0.27072E+02    0
   15   14        16   13       -0.13362          433.70368      430.50904         0.89716E+00    0.89716E+00    0
   17   15        19   13        0.57796           24.37787       34.60165         0.24289E+01    0.24289E+01    0
   19   16        22   13        0.32610          -65.47442      -61.21172         0.50720E+01    0.50720E+01    0
   21   17        25   13       -1.28623            6.60590      -26.66853         0.33026E+01    0.33026E+01    0
   27   20        30   13       -0.33908           38.72581       33.47926         0.43465E+01    0.43465E+01    0
   29   23        39   13        0.08314           43.44900       50.73268         0.31652E+01    0.31652E+01    0
   31   24        42   13       -0.00898           39.79607       38.91615         0.30299E+01    0.30299E+01    0
   33   25        45   13       -0.37384           60.65977       26.25970         0.33901E+01    0.33901E+01    0
   16   15        17   14        0.17093          352.84323      357.36217         0.80620E+00    0.80620E+00    0
   20   17        23   14       -0.00333          -72.47599      -72.54168         0.32964E+01    0.32964E+01    0
   28   21        31   14        0.05953          -55.40667      -54.52693         0.45770E+01    0.45770E+01    0
   30   24        40   14        0.21315           36.39353       43.75713         0.81068E+01    0.81068E+01    0
   32   25        43   14       -0.00485           14.47452       14.19338         0.51357E+01    0.51357E+01    0
   34   26        46   14        0.12963           -5.53322        0.91217         0.63375E+01    0.63375E+01    0
   38   28        52   14        0.47741          -53.95322      -26.21692         0.59877E+01    0.59877E+01    0
   17   16        18   15       -0.31639          645.88548      630.40530         0.45163E+00    0.45163E+00    0
   19   17        21   15       -0.68749           -0.28578      -12.23749         0.25215E+01    0.25215E+01    0
   21   18        24   15        1.75897          -86.55639      -64.48454         0.69097E+01    0.51775E+01    1
   23   19        27   15       -0.17578          -86.16732      -88.84564         0.55432E+01    0.55432E+01    0
   27   21        29   15       -0.15856           69.29381       66.89113         0.29901E+01    0.29901E+01    0
   29   24        38   15       -1.95966           48.09050       47.07041         0.10000E+04    0.50477E+03    1
   31   25        41   15        0.87311           11.75284       20.31882         0.28398E+02    0.28398E+02    0
   37   28        50   15        1.84810          -38.03329      -31.39032         0.12450E+03    0.92000E+02    1
   18   17        19   16        0.27534          309.79119      316.03296         0.92621E+00    0.92621E+00    0
   22   19        25   16       -1.40021          -25.14667      -27.10462         0.72685E+02    0.44916E+02    1
   24   20        28   16       -1.12664          -44.20691      -45.38488         0.10700E+03    0.80625E+02    1
   28   22        30   16       -0.67476          -43.69530      -44.68406         0.30517E+02    0.30517E+02    0
   30   25        39   16        0.41348            8.84799       24.15726         0.71254E+01    0.71254E+01    0
   34   27        45   16       -0.95917           19.45873      -14.16609         0.84838E+01    0.84838E+01    0
   36   28        48   16       -0.19297          -15.79778      -23.95067         0.74125E+01    0.74125E+01    0
   19   18        20   17       -0.79309          938.47930      894.67624         0.46642E+00    0.40714E+00    1
   21   19        23   17       -0.04891           -4.54480       -6.36970         0.11514E+01    0.11514E+01    0
   23   20        26   17        0.16366          -10.66769       -2.60318         0.13072E+01    0.13072E+01    0
   29   25        37   17        0.08996           15.03316       29.05726         0.15963E+01    0.15963E+01    0
   20   19        21   18        0.12065          542.07633      546.22641         0.61549E+00    0.61549E+00    0
   22   20        24   18       -0.25351          184.27185      177.05879         0.15022E+01    0.15022E+01    0
   21   20        22   19       -0.18187          756.53015      750.84895         0.72513E+00    0.72513E+00    0
   23   21        25   19        0.07048          181.74971      183.77474         0.14982E+01    0.14982E+01    0
   25   22        28   19        0.32686          -91.24810      -81.03916         0.20932E+01    0.20932E+01    0
   33   28        42   19        0.09011           -4.31172        0.87640         0.46226E+01    0.46226E+01    0
   22   21        23   20        0.04263          723.63609      724.99939         0.66046E+00    0.66046E+00    0
   24   22        26   20       -0.61452          114.57617      104.59281         0.26811E+01    0.26811E+01    0
   30   27        37   20       -0.66893          -46.99211      -47.84399         0.19220E+03    0.19220E+03    0
   32   28        40   20       -0.11863          -10.22043      -10.52015         0.99735E+02    0.99735E+02    0
   23   22        24   21       -0.07020         1197.74844     1195.16054         0.60975E+00    0.60975E+00    0
   25   23        27   21       -0.88343          108.69682      105.66456         0.12644E+02    0.12644E+02    0
   31   28        38   21        0.06359          -18.35055      -11.68367         0.23110E+01    0.23110E+01    0
   24   23        25   22       -0.39053          705.51522      697.82862         0.10515E+01    0.10515E+01    0
   26   24        28   22       -0.13751          144.66487      143.31453         0.42768E+01    0.42768E+01    0
   30   28        36   22        0.00635          -72.09844      -71.41225         0.23073E+01    0.23073E+01    0
   40   29        51   22       -0.23559          -16.12945      -26.23047         0.36285E+01    0.36285E+01    0
   25   24        26   23       -1.05539         1743.02998     1683.23426         0.50171E+00    0.39361E+00    1
   29   28        34   23       -0.10561          -23.41878      -33.65201         0.31614E+01    0.31614E+01    0
   39   29        49   23       -0.19512          -25.27002      -33.02308         0.33826E+01    0.33826E+01    0
   41   30        52   23       -0.34071            7.87661       -5.66004         0.38727E+01    0.38727E+01    0
   26   25        27   24       -0.23121          651.34932      643.85431         0.62631E+00    0.62631E+00    0
   38   29        47   24        0.58797          -41.28774      -37.53611         0.17628E+02    0.17628E+02    0
   40   30        50   24       -2.02380          -19.32908      -33.49030         0.27393E+02    0.18914E+02    1
   27   26        28   25       -0.54263         1464.80116     1438.50183         0.69803E+00    0.44263E+00    1
   37   29        45   25        0.13675          -49.31299      -46.96322         0.53006E+01    0.53006E+01    0
   39   30        48   25       -0.02769          -21.73717      -22.30443         0.54235E+01    0.54235E+01    0
   41   31        51   25        0.01138          -10.97552      -10.70424         0.55443E+01    0.55443E+01    0
   36   29        43   26       -0.12621          -62.55418      -64.05537         0.57425E+01    0.57425E+01    0
   38   30        46   26        0.03506          -44.51678      -44.01022         0.61464E+01    0.61464E+01    0
   40   31        49   26        0.66718          -69.41242      -53.36659         0.45900E+01    0.45900E+01    0
   37   30        44   27       -0.38265           16.97277       14.43768         0.10115E+02    0.10115E+02    0
   39   31        47   27        1.06663          -22.13529      -12.25639         0.95670E+01    0.95670E+01    0
   34   29        39   28       -0.09610            1.31946        0.14239         0.18230E+01    0.18230E+01    0
   36   30        42   28       -0.06974          -46.05419      -46.36614         0.99642E+01    0.99642E+01    0
   38   31        45   28       -0.76642          -71.32232      -72.58356         0.40680E+02    0.40680E+02    0
   40   32        48   28       -0.99083          -37.90320      -40.09976         0.39567E+02    0.39567E+02    0
   42   33        51   28       -1.98253          -34.36562      -40.77851         0.45093E+02    0.33542E+02    1
   31   30        32   29       -1.40744          636.64073      589.54044         0.85420E+00    0.58461E+00    1
   33   31        35   29       -0.61764          146.81589      135.26248         0.21384E+01    0.21384E+01    0
   37   33        41   29        1.41270          -63.44192      -62.52744         0.16776E+03    0.12653E+03    1
   39   34        44   29       -0.39884          -60.44469      -60.83226         0.10178E+03    0.10178E+03    0
   43   36        50   29       -1.92345            6.93560       -3.07733         0.34248E+02    0.26202E+02    1
   32   31        33   30        0.48641          272.20061      284.83185         0.80602E+00    0.80602E+00    0
   34   32        36   30        0.95979           91.38452      105.15469         0.28419E+01    0.28419E+01    0
   36   33        39   30       -2.32678          -37.29391      -57.95008         0.10727E+02    0.69568E+01    1
   38   34        42   30       -0.21678         -131.32252     -132.08188         0.23273E+02    0.23159E+02    1
   42   36        48   30       -1.42449          -23.39659      -31.76323         0.19944E+02    0.19913E+02    1
   44   37        51   30       -0.30630          -14.01839      -16.07622         0.20424E+02    0.20424E+02    0
   33   32        34   31        1.07944          557.51809      581.32213         0.88577E+00    0.88061E+00    1
   35   33        37   31       -1.85034          164.88370      115.11096         0.22748E+01    0.15108E+01    1
   37   34        40   31        0.73664         -103.96603     -103.45763         0.13424E+03    0.87316E+02    1
   39   35        43   31        3.10087         -152.56044     -128.00312         0.26048E+02    0.10066E+02    1
   41   36        46   31       -0.90744          -54.69596      -58.52791         0.23082E+02    0.23082E+02    0
   43   37        49   31       -0.24733          -18.95920      -21.78887         0.10179E+02    0.10179E+02    0
   45   38        52   31       -1.73271           11.30242        0.74234         0.25938E+02    0.22563E+02    1
   34   33        35   32       -0.80460          662.65109      635.23928         0.83837E+00    0.60386E+00    1
   36   34        38   32       -0.71831           31.18949       26.75269         0.76436E+01    0.64622E+01    1
   38   35        41   32        0.05961         -121.38270     -121.13193         0.15656E+02    0.14307E+02    1
   40   36        44   32       -2.50620          -89.86439      -92.72781         0.34965E+03    0.69092E+02    1
   42   37        47   32        1.51815          -10.20897       -7.93846         0.64859E+02    0.64859E+02    0
   44   38        50   32        0.22397          -24.93670      -23.22461         0.15397E+02    0.15397E+02    0
   37   35        39   33        0.92100           52.15953       58.61839         0.57461E+01    0.57461E+01    0
   39   36        42   33       -2.16637           25.41444       19.49477         0.67936E+02    0.21904E+02    1
   41   37        45   33        1.78997           20.85470       29.26790         0.20069E+02    0.16552E+02    1
   43   38        48   33       -0.25987           30.18609       28.25785         0.13075E+02    0.13075E+02    0
   45   39        51   33        1.77703            1.32016       12.18450         0.21078E+02    0.19398E+02    1
   36   35        37   34       -2.28265          720.03171      596.38477         0.82090E+00    0.36716E+00    1
   38   36        40   34        0.31292           71.54917       75.14872         0.35140E+01    0.35140E+01    0
   40   37        43   34        1.83589          -59.46526      -43.98662         0.13688E+02    0.71715E+01    1
   42   38        46   34       -1.79088           15.48678        7.24528         0.21639E+02    0.16946E+02    1
   44   39        49   34       -0.35174          -24.16231      -25.20625         0.33484E+02    0.33484E+02    0
   46   40        52   34        1.48707           10.81232       13.93385         0.68587E+02    0.56793E+02    1
   37   36        38   35        0.70374          427.31016      446.85787         0.78826E+00    0.73603E+00    1
   43   39        47   35       -2.17055           87.73872       36.87331         0.48909E+01    0.33619E+01    1
   38   37        39   36        0.01588          411.07192      411.32394         0.17710E+01    0.12851E+01    1
   40   38        42   36       -0.45855           72.46451       71.19818         0.14766E+02    0.14766E+02    0
   42   39        45   36       -1.84521           64.39321       63.36066         0.28902E+03    0.10551E+03    1
   44   40        48   36       -0.39320           30.68395       29.48647         0.26046E+02    0.26046E+02    0
   46   41        51   36       -0.23312           -4.31108       -4.92687         0.37828E+02    0.37828E+02    0
   39   38        40   37       -1.49095          319.76677      298.45444         0.18519E+01    0.13856E+01    1
   41   39        43   37        0.90250          108.34816      108.58429         0.36194E+03    0.15769E+03    1
   43   40        46   37        0.93758           53.57862       56.21090         0.30862E+02    0.20992E+02    1
   45   41        49   37       -1.54835          -15.79841      -26.69863         0.12636E+02    0.11447E+02    1
   47   42        52   37        0.72423          -42.28177      -38.14907         0.17661E+02    0.17661E+02    0
   40   39        41   38       -0.43830           52.59190       50.64484         0.59146E+01    0.47118E+01    1
   42   40        44   38        1.29556          196.92504      198.80631         0.44264E+02    0.26919E+02    1
   44   41        47   38       -1.02015          -10.62295      -13.55953         0.20801E+02    0.20801E+02    0
   46   42        50   38       -1.61462           -9.35841      -21.22613         0.12062E+02    0.11030E+02    1
   41   40        42   39        0.44385          364.56558      368.36521         0.23712E+01    0.23712E+01    0
   43   41        45   39        0.35846           91.85135       95.84895         0.35006E+01    0.35006E+01    0
   45   42        48   39        0.36883           25.80231       31.46400         0.39551E+01    0.39551E+01    0
   47   43        51   39       -0.16483          -37.77105      -40.91348         0.42126E+01    0.42126E+01    0
   42   41        43   40       -1.73843          147.40529      134.06325         0.38899E+01    0.25926E+01    1
   44   42        46   40        0.75465          -33.45613      -29.81115         0.10264E+02    0.84073E+01    1
   46   43        49   40       -0.06270          -53.87343      -54.02652         0.29966E+02    0.25155E+02    1
   48   44        52   40       -1.13434           -4.22323      -10.16310         0.15027E+02    0.15027E+02    0
   43   42        44   41       -4.10298          566.96034      385.47646         0.31163E+01    0.45510E+00    1
   45   43        47   41       -0.39968          117.89422      115.72180         0.74930E+01    0.74930E+01    0
   47   44        50   41       -0.25193           51.33648       50.45105         0.16744E+02    0.16744E+02    0
   44   43        45   42       -1.54622          150.23223      138.11054         0.52739E+01    0.25521E+01    1
   46   44        48   42        0.51071          204.88593      207.50052         0.76327E+01    0.76327E+01    0
   48   45        51   42       -1.58696           55.40569       47.37761         0.14157E+02    0.11462E+02    1
   45   44        46   43        0.26729          239.68130      241.57499         0.27283E+01    0.27283E+01    0
   47   45        49   43        0.50170           53.36894       55.23412         0.10502E+02    0.10502E+02    0
   49   46        52   43        0.18282            8.76808        9.71170         0.11218E+02    0.11218E+02    0
   46   45        47   44       -0.26140          273.90672      272.15286         0.37688E+01    0.29009E+01    1
   48   46        50   44        1.46385          -16.99530      -13.09288         0.18984E+02    0.14489E+02    1
   47   46        48   45        1.20537          167.59018      177.05588         0.29779E+01    0.24820E+01    1
   49   47        51   45        0.08132          114.68043      115.25584         0.55206E+01    0.55206E+01    0
   48   47        49   46       -2.37406          305.50933      267.06605         0.31981E+01    0.12123E+01    1
   50   48        52   46       -0.66890           53.77070       49.54838         0.61706E+01    0.61706E+01    0
   49   48        50   47       -1.11699          308.17867      297.56833         0.30940E+01    0.20634E+01    1
   50   49        51   48        0.52834          120.96978      125.15257         0.25003E+01    0.25003E+01    0
   51   50        52   49       -0.47332          161.86380      156.25915         0.16362E+01    0.16362E+01    0
