    P+   P-        C+   C-  Normalised_Error  Observed_Rho_a  Calculated_Rho_a  Original_Weight  Final_Weight    C
    2    8         4    6        0.89948          701.64378      734.73400         0.19884E+01    0.13612E+01    1
    2   20         8   14       -0.91411          176.63751       89.97389         0.14500E+01    0.14500E+01    0
    2   23         9   16       -2.27976          137.71336       65.19884         0.12810E+02    0.49844E+01    1
    2   26        10   18        0.19992           19.51713       31.96640         0.28788E+01    0.28788E+01    0
    2   31        13   24       -0.57053           10.54493       -3.32239         0.65115E+01    0.65115E+01    0
    2   34        14   26       -0.23540           -4.15997      -10.20148         0.68718E+01    0.68718E+01    0
    2   37        15   28        0.72167            6.84762       27.80950         0.67828E+01    0.67828E+01    0
    3    6         4    5       -0.22687         1162.82741     1152.89771         0.48698E+00    0.48698E+00    0
    3    9         5    7        1.02976         1007.89269     1059.21948         0.12322E+01    0.85191E+00    1
    3   12         6    9        1.02543          280.10675      412.44235         0.48345E+00    0.48345E+00    0
    3   15         7   11        0.54995          -97.31353      -96.63052         0.13690E+03    0.70680E+02    1
    3   18         8   13        0.57742           15.54341       36.25019         0.30843E+01    0.30843E+01    0
    3   21         9   15        0.61022           -6.83510       -0.61540         0.12995E+02    0.12995E+02    0
    3   24        10   17        0.26891          -24.33300      -16.36775         0.52050E+01    0.52050E+01    0
    3   27        11   19       -0.37439           72.44555       72.23548         0.67963E+03    0.30923E+03    1
    3   29        13   23        0.11016          -24.49985      -22.81827         0.89390E+01    0.89390E+01    0
    3   32        14   25        0.09142          -11.07708       -8.38280         0.52782E+01    0.52782E+01    0
    4    7         5    6       -0.04640         2509.09346     2508.82764         0.58463E+01    0.41195E+01    1
    4   10         6    8        0.25869          296.62178      317.90373         0.50597E+00    0.50597E+00    0
    4   13         7   10        0.42050            3.76568       28.79061         0.10952E+01    0.10952E+01    0
    4   16         8   12       -1.61028           -8.78999      -71.63705         0.27843E+01    0.22890E+01    1
    4   19         9   14       -1.56932          -17.96640      -72.70106         0.32798E+01    0.31604E+01    1
    4   22        10   16       -0.12936         -101.87016     -102.12381         0.87127E+02    0.67443E+02    1
    4   28        12   20        0.18886          -33.67850      -27.04750         0.48593E+01    0.48593E+01    0
    4   30        14   24       -1.59027          -19.63666      -46.94028         0.88314E+01    0.78301E+01    1
    4   33        15   26        0.06478          -29.01507      -27.12516         0.52892E+01    0.52892E+01    0
    4   36        16   28        1.13852          -34.36934      -25.30902         0.21885E+02    0.21885E+02    0
    4   45        19   30       -0.79494           27.20434        0.00810         0.10597E+02    0.10597E+02    0
    5    8         6    7       -0.59205         2052.16873     2033.32983         0.15032E+01    0.64419E+00    1
    5   14         8   11       -1.28792         -140.35120     -214.76889         0.11503E+01    0.11425E+01    1
    5   17         9   13       -1.55139          -23.08044      -94.34731         0.21442E+01    0.19186E+01    1
    5   20        10   15        1.19587         -178.75840     -172.94845         0.56508E+02    0.22640E+02    1
    5   23        11   17       -2.18485           40.63882       -4.86143         0.95414E+01    0.62941E+01    1
    5   26        12   19        0.48995          -70.97401      -48.72212         0.33269E+01    0.33269E+01    0
    5   31        15   25       -0.02003          -42.82502      -42.97702         0.17739E+02    0.17739E+02    0
    5   34        16   27        0.26738          -46.54648      -44.81427         0.23631E+02    0.23631E+02    0
    5   43        19   29        0.11606          -10.27421       -7.40885         0.13962E+02    0.13962E+02    0
    5   46        20   31        0.61175          -11.88421       -2.42284         0.23455E+02    0.23455E+02    0
    6    9         7    8       -0.49771         1241.66996     1240.81979         0.16163E+03    0.13378E+02    1
    6   15         9   12        2.60176          -47.73595       39.08562         0.53449E+01    0.20151E+01    1
    6   18        10   14        0.65478          -99.18921      -87.02001         0.56786E+01    0.47660E+01    1
    6   24        12   18        0.28904          -35.26823      -18.91140         0.22947E+01    0.22947E+01    0
    6   27        13   20        0.60160          -91.08962      -81.46663         0.93852E+01    0.93852E+01    0
    6   29        15   24       -0.48180          -34.86665      -44.06547         0.59428E+01    0.59428E+01    0
    6   32        16   26        0.20496          -35.25632      -32.98110         0.11978E+02    0.11978E+02    0
    6   44        20   30        0.11039           14.61646       17.52156         0.13150E+02    0.13150E+02    0
    6   47        21   32       -0.15039            9.68527        8.58822         0.49986E+02    0.49986E+02    0
    7   16        10   13       -0.68191          106.65001       72.27559         0.12925E+01    0.12925E+01    0
    7   22        12   17        0.05726           11.60534       14.80487         0.19213E+01    0.19213E+01    0
    7   25        13   19        0.74509          -70.23841      -37.04174         0.28839E+01    0.28839E+01    0
    7   28        14   21       -1.24952          -29.60792      -42.05225         0.16128E+02    0.14799E+02    1
    7   30        16   25       -1.32115           -6.55200      -21.46157         0.10072E+02    0.99545E+01    1
    7   33        17   27       -0.68911           -5.25952       -5.85535         0.15276E+03    0.15276E+03    0
    7   42        20   29       -0.15888           40.93013       37.75871         0.16333E+02    0.16333E+02    0
    7   45        21   31       -1.75310           33.60311       24.94983         0.96099E+02    0.69649E+02    1
    7   48        22   33       -1.12882           33.93308       15.81104         0.22715E+02    0.22715E+02    0
    8   14        10   12       -0.07267         -102.86414     -105.87009         0.10544E+01    0.10518E+01    1
    8   20        12   16        1.09739          -50.77757      -13.01145         0.24572E+01    0.24572E+01    0
    8   26        14   20        1.39790         -105.62748     -100.43083         0.10163E+03    0.34263E+02    1
    8   31        17   26       -2.33934          -38.40557      -52.81877         0.27608E+02    0.18052E+02    1
    8   43        21   30        0.65612            2.57299       13.13997         0.20369E+02    0.20369E+02    0
    9   18        12   15       -0.92135           45.30743       43.22183         0.35584E+02    0.27946E+02    1
    9   21        13   17       -0.09010          -91.30100      -92.78693         0.51920E+01    0.51920E+01    0
    9   24        14   19       -1.26718          -85.50512     -110.55852         0.54303E+01    0.54303E+01    0
    9   27        15   21       -1.79025          -32.34186      -59.30028         0.10411E+02    0.84214E+01    1
    9   29        17   25        1.40188          -52.97633      -51.45633         0.10366E+03    0.83973E+02    1
    9   32        18   27       -0.87088            6.86648       -5.49074         0.77968E+01    0.77968E+01    0
    9   41        21   29        0.64429           -0.27493       26.09431         0.75252E+01    0.75252E+01    0
    9   44        22   31       -0.07376           13.91100       11.67237         0.10809E+02    0.10809E+02    0
    9   47        23   33        0.50539           12.86502       13.71017         0.21952E+03    0.20693E+03    1
   10   16        12   14       -0.51313          390.66167      367.69983         0.94187E+00    0.94187E+00    0
   10   19        13   16        0.22763           19.21945       22.56700         0.42995E+01    0.42995E+01    0
   10   25        15   20       -0.11064          -11.30152      -13.60083         0.51111E+01    0.51111E+01    0
   10   28        16   22       -0.89576           -2.75004      -16.49467         0.81921E+01    0.81921E+01    0
   10   30        18   26       -1.44797           -7.95888      -40.14971         0.40309E+01    0.40153E+01    1
   10   33        19   28       -0.28043          -23.98806      -25.09005         0.28119E+02    0.28119E+02    0
   10   42        22   30       -0.87681           29.26694       23.56867         0.48058E+02    0.48058E+02    0
   10   48        24   34       -0.70426           44.50433       15.96292         0.86101E+01    0.86101E+01    0
   11   14        12   13        0.03198          754.86520      756.25636         0.47694E+00    0.47245E+00    1
   11   17        13   15        0.87532            0.16895       10.00531         0.39855E+01    0.37925E+01    1
   11   20        14   17       -1.94631          -91.76595     -152.34677         0.28588E+01    0.20673E+01    1
   11   23        15   19       -2.52904          -17.09003      -90.63941         0.57291E+01    0.29815E+01    1
   11   26        16   21        0.10078          -70.00072      -69.81688         0.58662E+02    0.58662E+02    0
   11   31        19   27        0.97977          -15.63250       -6.46498         0.95630E+01    0.95630E+01    0
   11   40        22   29        1.74279            2.99444       26.69561         0.24769E+02    0.21552E+02    1
   11   43        23   31       -0.10030           13.21819       12.90721         0.10084E+03    0.10084E+03    0
   11   46        24   33       -1.41996           22.50116        8.52154         0.33480E+02    0.33480E+02    0
   12   15        13   14       -2.41842         1496.72536     1250.45626         0.69547E+00    0.21617E+00    1
   12   18        14   16       -0.79774           75.56884       75.12535         0.15209E+03    0.77041E+02    1
   12   24        16   20        0.24539          -52.15486      -48.14361         0.53207E+01    0.53207E+01    0
   12   27        17   22        0.68529          -52.03202      -42.26950         0.74244E+01    0.74244E+01    0
   12   29        19   26       -0.85382          -51.25077      -51.52454         0.27400E+03    0.21175E+03    1
   12   32        20   28        0.06423          -12.87540      -11.89909         0.58723E+01    0.58723E+01    0
   12   41        23   30        0.24049           19.10890       35.08417         0.44537E+01    0.44537E+01    0
   12   44        24   32       -0.93193           35.29189       25.71673         0.30569E+02    0.30569E+02    0
   12   47        25   34       -0.17496           23.27134       19.13145         0.14009E+02    0.14009E+02    0
   12   50        26   36        0.48661          -17.21699       -2.17109         0.11334E+02    0.11334E+02    0
   13   16        14   15       -1.46601          467.20779      417.62642         0.14525E+01    0.63421E+00    1
   13   19        15   17        1.59303           51.48816       84.29077         0.31751E+01    0.20866E+01    1
   13   22        16   19        1.48768          -48.22004      -24.76909         0.50996E+01    0.42059E+01    1
   13   25        17   21       -2.54215           14.89583      -16.98625         0.15185E+02    0.68124E+01    1
   13   30        20   27       -0.52839           49.56587       47.61330         0.18199E+02    0.18199E+02    0
   13   39        23   29        0.18391           43.28393       49.44101         0.82824E+01    0.82824E+01    0
   13   42        24   31       -0.11563           40.01193       36.94854         0.11201E+02    0.11201E+02    0
   13   45        25   33       -0.83382           57.14203       24.03050         0.78556E+01    0.78556E+01    0
   14   17        15   16        0.68803          407.00471      418.05570         0.13270E+01    0.13270E+01    0
   14   23        17   20       -0.26173          -53.12576      -53.90063         0.21944E+02    0.21944E+02    0
   14   31        21   28       -0.36766          -47.58308      -48.70914         0.22086E+02    0.22086E+02    0
   14   40        24   30        0.92107           37.82269       43.85514         0.42762E+02    0.42762E+02    0
   14   43        25   32        0.03282           13.91137       15.01850         0.88218E+01    0.88218E+01    0
   14   46        26   34        0.26960            1.79977       16.49542         0.57808E+01    0.57808E+01    0
   14   52        28   38        1.43806          -53.21008      -16.17745         0.14443E+02    0.13509E+02    1
   15   18        16   17       -0.07737          579.39913      578.10553         0.13216E+01    0.13216E+01    0
   15   21        17   19       -0.15656           17.72484       16.98791         0.93129E+01    0.93129E+01    0
   15   24        18   21        2.09670          -58.26452      -37.18963         0.10559E+02    0.64635E+01    1
   15   27        19   23       -0.59062          -76.82596      -82.94276         0.81552E+01    0.81552E+01    0
   15   29        21   27       -0.50192           89.79516       88.99135         0.42682E+02    0.28292E+02    1
   15   38        24   29       -1.44481           48.39531       34.56296         0.28640E+02    0.27445E+02    1
   15   41        25   31        0.30661           12.09564       18.92190         0.12514E+02    0.12514E+02    0
   15   50        28   37        0.86554          -36.62161      -24.32447         0.23276E+02    0.23276E+02    0
   16   19        17   18        0.17448          327.11932      330.69358         0.10250E+01    0.10250E+01    0
   16   25        19   22       -0.84845            3.67972        2.66539         0.71269E+02    0.52537E+02    1
   16   28        20   24       -0.15823          -38.12565      -41.06319         0.45408E+01    0.45408E+01    0
   16   30        22   28       -0.49671          -36.01885      -37.83596         0.12224E+02    0.12224E+02    0
   16   39        25   30        0.27002            9.95033       19.07092         0.78107E+01    0.78107E+01    0
   16   45        27   34       -0.38624            7.10714       -4.34333         0.10032E+02    0.10032E+02    0
   16   48        28   36       -0.00338          -13.50776      -13.53398         0.40318E+02    0.40318E+02    0
   17   20        18   19       -1.21487          890.72966      842.39680         0.67911E+00    0.56521E+00    1
   17   23        19   21       -0.38469           39.10615       38.04222         0.15534E+02    0.15534E+02    0
   17   26        20   23        0.90248            9.47534       12.01463         0.27799E+02    0.22893E+02    1
   17   37        25   29        0.02793           16.41472       17.26650         0.81607E+01    0.81607E+01    0
   18   21        19   20       -0.04351          561.72214      560.89185         0.11457E+01    0.11094E+01    1
   18   24        20   22       -0.16610          205.52636      204.44749         0.65804E+01    0.65804E+01    0
   19   22        20   21        0.24775          800.70758      805.96054         0.12743E+01    0.10683E+01    1
   19   25        21   23        0.37613          199.93878      203.45271         0.46078E+01    0.46078E+01    0
   19   28        22   25        0.76369          -68.27910      -61.84137         0.77557E+01    0.77557E+01    0
   19   42        28   33        1.05337           -1.20262        4.47150         0.49408E+02    0.49408E+02    0
   20   23        21   22        0.32203          744.37809      750.40446         0.12900E+01    0.11286E+01    1
   20   26        22   24       -0.12121          166.86334      165.67427         0.44401E+01    0.44401E+01    0
   20   37        27   30       -0.19259          -44.83422      -51.32914         0.72578E+01    0.72578E+01    0
   20   40        28   32        0.38858           -7.65985       -1.50062         0.15898E+02    0.15898E+02    0
   21   24        22   23       -0.78242         1135.28164     1116.44780         0.10766E+01    0.93382E+00    1
   21   27        23   25       -0.00177          156.46312      156.45069         0.61774E+01    0.61774E+01    0
   21   38        28   31        0.06131          -15.38477      -14.86297         0.28471E+02    0.28471E+02    0
   22   25        23   24        0.03838          681.25399      682.11605         0.92148E+00    0.92148E+00    0
   22   28        24   26       -0.10077          186.24379      184.96982         0.33222E+01    0.33222E+01    0
   22   36        28   30       -0.04703          -66.40657      -67.39936         0.11820E+02    0.11820E+02    0
   22   51        29   40       -2.04319          -13.53518      -24.73539         0.57629E+02    0.28380E+02    1
   23   26        24   25       -0.64278         1748.17165     1712.93849         0.62585E+00    0.40685E+00    1
   23   34        28   29       -0.86096          -15.44119      -42.89737         0.96054E+01    0.96054E+01    0
   23   49        29   39       -0.43188          -22.05173      -31.34128         0.62487E+01    0.62487E+01    0
   23   52        30   41       -2.05055           10.08513       -4.18002         0.37716E+02    0.22117E+02    1
   24   27        25   26       -0.22639          567.46668      563.76911         0.12431E+01    0.12431E+01    0
   24   47        29   38        0.12986          -37.99331      -36.46966         0.95862E+01    0.95862E+01    0
   24   50        30   40       -2.00385          -16.90262      -36.01999         0.21267E+02    0.13872E+02    1
   25   28        26   27       -1.30694         1574.34135     1498.45126         0.78129E+00    0.36945E+00    1
   25   45        29   37       -0.59516          -41.51804      -44.51283         0.18100E+02    0.18100E+02    0
   25   48        30   39       -0.61703          -16.07227      -25.87574         0.69934E+01    0.69934E+01    0
   25   51        31   41       -1.52248           -6.85399       -8.66056         0.18805E+03    0.11139E+03    1
   26   43        29   36       -0.73037          -57.00706      -58.80057         0.27815E+02    0.27815E+02    0
   26   46        30   38       -1.17136          -41.73900      -49.95084         0.12668E+02    0.12668E+02    0
   26   49        31   40        2.95179          -63.55538      -57.55378         0.13348E+03    0.54294E+02    1
   27   44        30   37       -1.02758           28.18257       21.73841         0.10686E+02    0.10686E+02    0
   27   47        31   39        0.26118          -12.64487       -7.00848         0.41059E+01    0.41059E+01    0
   28   39        29   34        0.20198           15.49920       17.32272         0.24732E+01    0.24732E+01    0
   28   42        30   36       -0.80460          -37.92379      -38.72810         0.56429E+02    0.44585E+02    1
   28   45        31   38       -1.33818          -63.23436      -69.02954         0.16164E+02    0.15458E+02    1
   28   48        32   40       -1.66367          -34.85000      -46.58351         0.14828E+02    0.12437E+02    1
   28   51        33   42        0.55919          -32.87189      -22.15295         0.56602E+01    0.56602E+01    0
   29   32        30   31       -0.80613          629.15285      615.47135         0.19171E+01    0.11527E+01    1
   29   35        31   33       -0.19678          169.36218      165.96251         0.23153E+01    0.23153E+01    0
   29   41        33   37        1.32581          -60.24409      -28.37361         0.34072E+01    0.34072E+01    0
   29   44        34   39        0.60940          -57.78792      -46.22366         0.52120E+01    0.52120E+01    0
   29   50        36   43       -0.45334            8.50153        7.94165         0.14913E+03    0.11044E+03    1
   30   33        31   32        0.94550          309.66038      320.37355         0.19201E+01    0.18473E+01    1
   30   36        32   34        0.00494          107.08930      107.14837         0.34130E+01    0.34130E+01    0
   30   39        33   36       -1.10642          -31.21813      -36.20302         0.14494E+02    0.13708E+02    1
   30   42        34   38        1.77049         -126.97426     -107.19955         0.10543E+02    0.72631E+01    1
   30   48        36   42        0.20122          -21.56643      -18.64138         0.80459E+01    0.80459E+01    0
   30   51        37   44        1.16975          -12.41502       -1.28155         0.14417E+02    0.14417E+02    0
   31   34        32   33        0.40347          548.24763      553.93357         0.15377E+01    0.13780E+01    1
   31   37        33   35       -0.83227          199.30469      172.33121         0.12539E+01    0.12539E+01    0
   31   40        34   37        2.15975          -99.59729      -91.91754         0.87930E+02    0.16947E+02    1
   31   43        35   39        1.75919         -148.48916     -101.83208         0.37579E+01    0.30058E+01    1
   31   46        36   41       -0.94817          -51.88660      -52.09029         0.45372E+03    0.45372E+03    0
   31   49        37   43        0.87198          -16.82996       -3.84684         0.78212E+01    0.78212E+01    0
   31   52        38   45       -0.47541           10.38204        4.98207         0.12106E+02    0.12106E+02    0
   32   35        33   34        0.33440          686.11477      696.16638         0.69308E+00    0.68443E+00    1
   32   38        34   36       -0.60231           47.43472       43.50451         0.61171E+01    0.61171E+01    0
   32   41        35   38        1.47023         -107.74059      -80.43196         0.38787E+01    0.32401E+01    1
   32   44        36   40       -0.66531          -83.72107      -84.76646         0.50239E+02    0.50239E+02    0
   32   47        37   42        1.04555           -6.13450       12.58173         0.54188E+01    0.54188E+01    0
   32   50        38   44        2.34602          -23.41575      -13.72559         0.43242E+02    0.28494E+02    1
   33   39        35   37        0.43114           58.96592       60.95606         0.87298E+01    0.87298E+01    0
   33   42        36   39       -1.41859           33.22282       11.67703         0.40932E+01    0.39408E+01    1
   33   45        37   41        1.57383           27.59003       50.39377         0.58689E+01    0.53692E+01    1
   33   48        38   43       -1.99558           32.72155       26.87766         0.51405E+02    0.33130E+02    1
   33   51        39   45        1.47132           -1.35268       12.31114         0.12770E+02    0.12770E+02    0
   34   37        35   36       -2.30903          730.53616      638.24770         0.10215E+01    0.49761E+00    1
   34   40        36   38       -0.38290           87.93626       87.45908         0.32436E+02    0.32436E+02    0
   34   43        37   40        2.36054          -50.62687       -6.37033         0.70056E+01    0.32250E+01    1
   34   46        38   42       -0.99633           17.15125       13.49236         0.21235E+02    0.21235E+02    0
   34   49        39   44       -0.09734          -22.43153      -22.84681         0.23294E+02    0.23294E+02    0
   34   52        40   46        2.30498           11.92155       31.08526         0.24339E+02    0.14339E+02    1
   35   38        36   37       -0.21967          447.89419      442.60028         0.11582E+01    0.84835E+00    1
   35   47        39   43       -2.37168           96.78786       27.75411         0.43626E+01    0.27066E+01    1
   36   39        37   38        0.24540          427.42619      430.39151         0.25468E+01    0.16879E+01    1
   36   42        38   40       -0.62020           77.49583       76.82897         0.53489E+02    0.37924E+02    1
   36   45        39   42       -0.80227           66.90800       66.40110         0.96366E+02    0.93442E+02    1
   36   48        40   44       -0.88829           32.66247       29.31249         0.21034E+02    0.21034E+02    0
   36   51        41   46        1.67053           -2.72290        5.64806         0.23724E+02    0.19941E+02    1
   37   40        38   39       -0.02553          322.17645      321.88391         0.17284E+01    0.17284E+01    0
   37   43        39   41       -1.21766          111.54770      105.22323         0.17709E+02    0.79435E+01    1
   37   46        40   43        0.76328           56.62693       59.59110         0.15176E+02    0.15176E+02    0
   37   49        41   45       -2.66724          -14.37164      -20.35694         0.15515E+03    0.35910E+02    1
   37   52        42   47        1.42093          -40.52188      -39.63857         0.20371E+03    0.16212E+03    1
   38   41        39   40       -0.21949           59.21089       57.54028         0.27500E+01    0.27500E+01    0
   38   44        40   42        1.05122          201.29976      203.49048         0.36239E+02    0.18757E+02    1
   38   47        41   44        0.06622           -6.66140       -6.58515         0.52001E+02    0.52001E+02    0
   38   50        42   46       -2.42619           -6.86823      -11.58581         0.86861E+02    0.41693E+02    1
   39   42        40   41       -1.23630          366.48757      353.84223         0.54296E+01    0.19846E+01    1
   39   45        41   43        2.95530           95.53572      122.41087         0.97076E+01    0.42929E+01    1
   39   48        42   45        0.23748           26.15823       26.72550         0.32636E+02    0.25416E+02    1
   39   51        43   47       -2.34951          -34.89137      -40.99208         0.49926E+02    0.30929E+02    1
   40   43        41   42       -1.33979          150.32704      145.94008         0.84086E+01    0.60769E+01    1
   40   46        42   44       -0.73635          -30.01323      -30.55624         0.55065E+02    0.55065E+02    0
   40   49        43   46        2.22224          -51.01064      -42.09694         0.27791E+02    0.15312E+02    1
   40   52        44   48       -1.04732           -1.83980       -2.53830         0.22781E+03    0.11799E+03    1
   41   44        42   43       -3.59936          569.86893      339.82346         0.44023E+01    0.31496E+00    1
   41   47        43   45       -0.43679          119.25294      116.65442         0.69635E+01    0.68459E+01    1
   41   50        44   47        0.65464           55.17323       55.48413         0.12391E+03    0.12391E+03    0
   42   45        43   44       -2.05953          153.96270      129.95307         0.81275E+01    0.17162E+01    1
   42   48        44   46       -0.76447          208.87374      208.18534         0.14955E+03    0.43393E+02    1
   42   51        45   48       -0.61495           60.46591       60.07811         0.15367E+03    0.91941E+02    1
   43   46        44   45       -0.55679          241.35015      238.74892         0.41374E+01    0.41374E+01    0
   43   49        45   47        0.69767           59.56419       59.68481         0.22902E+03    0.22585E+03    1
   43   52        46   49        0.65896           12.54271       13.36556         0.46369E+02    0.46369E+02    0
   44   47        45   46        0.29842          274.49084      276.04475         0.46841E+01    0.37378E+01    1
   44   50        46   48        1.23333          -11.92577       -9.51880         0.28880E+02    0.19792E+02    1
   45   48        46   47        1.06380          171.73190      174.55598         0.84944E+01    0.73421E+01    1
   45   51        47   49        0.03790          118.09642      118.11886         0.88508E+02    0.65959E+02    1
   46   49        47   48       -1.87192          305.67256      284.57776         0.49724E+01    0.17420E+01    1
   46   52        48   50       -1.36517           59.04670       57.63973         0.89852E+02    0.37794E+02    1
   47   50        48   49       -1.90169          313.19498      294.25037         0.59949E+01    0.19675E+01    1
   48   51        49   50        0.57668          128.86154      130.21991         0.85863E+01    0.84037E+01    1
   49   52        50   51       -0.89284          169.97000      167.44688         0.85450E+01    0.68558E+01    1
    6    4         8    2        0.59055          701.64378      734.73400         0.89367E+00    0.89367E+00    0
   14    8        20    2       -0.57174          176.63751       89.97389         0.90691E+00    0.90691E+00    0
   16    9        23    2       -0.27321          137.71336       65.19884         0.59734E+00    0.59734E+00    0
   18   10        26    2        0.01279           19.51713       31.96640         0.18412E+00    0.18412E+00    0
   24   13        31    2       -0.14390           10.54493       -3.32239         0.16423E+01    0.16423E+01    0
   26   14        34    2       -0.09470           -4.15997      -10.20148         0.27644E+01    0.27644E+01    0
   28   15        37    2        0.35523            6.84762       27.80950         0.33388E+01    0.33388E+01    0
    5    4         6    3       -0.38543         1162.82741     1152.89771         0.82731E+00    0.82731E+00    0
    7    5         9    3        0.96492         1007.89269     1059.21948         0.94998E+00    0.79827E+00    1
    9    6        12    3        1.86527          280.10675      412.44235         0.11180E+01    0.87941E+00    1
   11    7        15    3        0.22196          -97.31353      -96.63052         0.28527E+02    0.28527E+02    0
   13    8        18    3        0.13549           15.54341       36.25019         0.72370E+00    0.72370E+00    0
   15    9        21    3        0.02874           -6.83510       -0.61540         0.61203E+00    0.61203E+00    0
   17   10        24    3        0.00954          -24.33300      -16.36775         0.18458E+00    0.18458E+00    0
   19   11        27    3       -0.00999           72.44555       72.23548         0.82505E+01    0.82505E+01    0
   23   13        29    3        0.02155          -24.49985      -22.81827         0.17489E+01    0.17489E+01    0
   25   14        32    3        0.06826          -11.07708       -8.38280         0.39409E+01    0.39409E+01    0
    6    5         7    4       -0.00455         2509.09346     2508.82764         0.40377E+00    0.40377E+00    0
    8    6        10    4        0.41972          296.62178      317.90373         0.95354E+00    0.82093E+00    1
   10    7        13    4        1.00249            3.76568       28.79061         0.26109E+01    0.26109E+01    0
   12    8        16    4       -0.47837           -8.78999      -71.63705         0.67999E+00    0.67999E+00    0
   14    9        19    4       -0.25735          -17.96640      -72.70106         0.51827E+00    0.51827E+00    0
   16   10        22    4       -0.00035         -101.87016     -102.12381         0.18101E+00    0.18101E+00    0
   20   12        28    4        0.01841          -33.67850      -27.04750         0.47369E+00    0.47369E+00    0
   24   14        30    4       -0.53806          -19.63666      -46.94028         0.26493E+01    0.26493E+01    0
   26   15        33    4        1.14822          -29.01507      -27.12516         0.99562E+02    0.93747E+02    1
   28   16        36    4        1.30732          -34.36934      -25.30902         0.28953E+02    0.25130E+02    1
   30   19        45    4       -0.41131           27.20434        0.00810         0.54828E+01    0.54828E+01    0
    7    6         8    5       -0.38979         2052.16873     2033.32983         0.42739E+00    0.42412E+00    1
   11    8        14    5       -0.73763         -140.35120     -214.76889         0.65432E+00    0.65432E+00    0
   13    9        17    5       -0.41987          -23.08044      -94.34731         0.51924E+00    0.51924E+00    0
   15   10        20    5        0.00943         -178.75840     -172.94845         0.17844E+00    0.17844E+00    0
   17   11        23    5       -0.96727           40.63882       -4.86143         0.27865E+01    0.27865E+01    0
   19   12        26    5        0.07171          -70.97401      -48.72212         0.48694E+00    0.48694E+00    0
   25   15        31    5       -0.00476          -42.82502      -42.97702         0.42134E+01    0.42134E+01    0
   27   16        34    5        0.31700          -46.54648      -44.81427         0.28017E+02    0.28017E+02    0
   29   19        43    5        0.03921          -10.27421       -7.40885         0.47172E+01    0.47172E+01    0
   31   20        46    5        1.28917          -11.88421       -2.42284         0.49428E+02    0.49428E+02    0
    8    7         9    6       -0.26737         1241.66996     1240.81979         0.13461E+02    0.71868E+01    1
   12    9        15    6        1.46091          -47.73595       39.08562         0.11315E+01    0.11315E+01    0
   14   10        18    6        0.02941          -99.18921      -87.02001         0.21408E+00    0.21408E+00    0
   18   12        24    6        0.03700          -35.26823      -18.91140         0.29373E+00    0.29373E+00    0
   20   13        27    6        0.03878          -91.08962      -81.46663         0.60504E+00    0.60504E+00    0
   24   15        29    6       -0.05224          -34.86665      -44.06547         0.64432E+00    0.64432E+00    0
   26   16        32    6        0.01351          -35.25632      -32.98110         0.78976E+00    0.78976E+00    0
   30   20        44    6        0.00621           14.61646       17.52156         0.74030E+00    0.74030E+00    0
   32   21        47    6       -0.00223            9.68527        8.58822         0.74257E+00    0.74257E+00    0
   13   10        16    7       -0.12122          106.65001       72.27559         0.22976E+00    0.22976E+00    0
   17   12        22    7        0.00842           11.60534       14.80487         0.28243E+00    0.28243E+00    0
   19   13        25    7        0.13884          -70.23841      -37.04174         0.53736E+00    0.53736E+00    0
   21   14        28    7       -0.08851          -29.60792      -42.05225         0.10483E+01    0.10483E+01    0
   25   16        30    7       -0.09072           -6.55200      -21.46157         0.68354E+00    0.68354E+00    0
   27   17        33    7       -0.00318           -5.25952       -5.85535         0.70462E+00    0.70462E+00    0
   29   20        42    7       -0.00643           40.93013       37.75871         0.66131E+00    0.66131E+00    0
   31   21        45    7       -0.01614           33.60311       24.94983         0.64121E+00    0.64121E+00    0
   33   22        48    7       -0.03445           33.93308       15.81104         0.69324E+00    0.69324E+00    0
   12   10        14    8       -0.02669         -102.86414     -105.87009         0.38639E+00    0.38639E+00    0
   16   12        20    8        0.08142          -50.77757      -13.01145         0.18230E+00    0.18230E+00    0
   20   14        26    8        0.01400         -105.62748     -100.43083         0.34307E+00    0.34307E+00    0
   26   17        31    8       -0.03619          -38.40557      -52.81877         0.27924E+00    0.27924E+00    0
   30   21        43    8        0.00895            2.57299       13.13997         0.27780E+00    0.27780E+00    0
   15   12        18    9       -0.01186           45.30743       43.22183         0.35958E+00    0.35958E+00    0
   17   13        21    9       -0.00410          -91.30100      -92.78693         0.23607E+00    0.23607E+00    0
   19   14        24    9       -0.04649          -85.50512     -110.55852         0.19924E+00    0.19924E+00    0
   21   15        27    9       -0.04965          -32.34186      -59.30028         0.23355E+00    0.23355E+00    0
   25   17        29    9        0.00382          -52.97633      -51.45633         0.22908E+00    0.22908E+00    0
   27   18        32    9       -0.02761            6.86648       -5.49074         0.24720E+00    0.24720E+00    0
   29   21        41    9        0.01974           -0.27493       26.09431         0.23058E+00    0.23058E+00    0
   31   22        44    9       -0.00152           13.91100       11.67237         0.22321E+00    0.22321E+00    0
   33   23        47    9        0.00054           12.86502       13.71017         0.22187E+00    0.22187E+00    0
   14   12        16   10       -0.63228          390.66167      367.69983         0.11606E+01    0.11606E+01    0
   16   13        19   10        0.07463           19.21945       22.56700         0.14096E+01    0.14096E+01    0
   20   15        25   10       -0.03403          -11.30152      -13.60083         0.15722E+01    0.15722E+01    0
   22   16        28   10       -0.10530           -2.75004      -16.49467         0.96297E+00    0.96297E+00    0
   26   18        30   10       -0.70868           -7.95888      -40.14971         0.19652E+01    0.19652E+01    0
   28   19        33   10       -0.01028          -23.98806      -25.09005         0.10307E+01    0.10307E+01    0
   30   22        42   10       -0.02070           29.26694       23.56867         0.11347E+01    0.11347E+01    0
   34   24        48   10       -0.12735           44.50433       15.96292         0.15569E+01    0.15569E+01    0
   13   12        14   11        0.03937          754.86520      756.25636         0.72310E+00    0.58174E+00    1
   15   13        17   11        0.92582            0.16895       10.00531         0.44586E+01    0.40113E+01    1
   17   14        20   11       -1.46813          -91.76595     -152.34677         0.16267E+01    0.15594E+01    1
   19   15        23   11       -2.37647          -17.09003      -90.63941         0.44667E+01    0.28017E+01    1
   21   16        26   11        0.78137          -70.00072      -69.81688         0.10000E+04    0.45483E+03    1
   27   19        31   11        0.41943          -15.63250       -6.46498         0.40938E+01    0.40938E+01    0
   29   22        40   11        0.68303            2.99444       26.69561         0.84465E+01    0.84465E+01    0
   31   23        43   11       -0.00831           13.21819       12.90721         0.83508E+01    0.83508E+01    0
   33   24        46   11       -0.12404           22.50116        8.52154         0.29246E+01    0.29246E+01    0
   14   13        15   12       -2.59538         1496.72536     1250.45626         0.12236E+01    0.23199E+00    1
   16   14        18   12       -0.00949           75.56884       75.12535         0.91695E+00    0.91695E+00    0
   20   16        24   12        0.68265          -52.15486      -48.14361         0.15576E+02    0.14802E+02    1
   22   17        27   12        1.09274          -52.03202      -42.26950         0.11839E+02    0.11839E+02    0
   26   19        29   12       -0.05101          -51.25077      -51.52454         0.12650E+02    0.12650E+02    0
   28   20        32   12        0.59194          -12.87540      -11.89909         0.54123E+02    0.54123E+02    0
   30   23        41   12        0.81147           19.10890       35.08417         0.15028E+02    0.15028E+02    0
   32   24        44   12       -0.12131           35.29189       25.71673         0.39791E+01    0.39791E+01    0
   34   25        47   12       -0.09139           23.27134       19.13145         0.73181E+01    0.73181E+01    0
   36   26        50   12        1.19789          -17.21699       -2.17109         0.27900E+02    0.27900E+02    0
   15   14        16   13       -1.17550          467.20779      417.62642         0.60041E+00    0.50853E+00    1
   17   15        19   13        1.21538           51.48816       84.29077         0.16204E+01    0.15919E+01    1
   19   16        22   13        0.64419          -48.22004      -24.76909         0.18212E+01    0.18212E+01    0
   21   17        25   13       -1.56351           14.89583      -16.98625         0.44698E+01    0.41899E+01    1
   27   20        30   13       -0.06616           49.56587       47.61330         0.22786E+01    0.22786E+01    0
   29   23        39   13        0.05993           43.28393       49.44101         0.26991E+01    0.26991E+01    0
   31   24        42   13       -0.06110           40.01193       36.94854         0.59184E+01    0.59184E+01    0
   33   25        45   13       -0.17993           57.14203       24.03050         0.16951E+01    0.16951E+01    0
   16   15        17   14        0.52903          407.00471      418.05570         0.10203E+01    0.10203E+01    0
   20   17        23   14       -0.03831          -53.12576      -53.90063         0.32116E+01    0.32116E+01    0
   28   21        31   14       -0.05236          -47.58308      -48.70914         0.31451E+01    0.31451E+01    0
   30   24        40   14        0.17092           37.82269       43.85514         0.79353E+01    0.79353E+01    0
   32   25        43   14        0.00652           13.91137       15.01850         0.17537E+01    0.17537E+01    0
   34   26        46   14        0.10597            1.79977       16.49542         0.22723E+01    0.22723E+01    0
   38   28        52   14        0.19074          -53.21008      -16.17745         0.17917E+01    0.17917E+01    0
   17   16        18   15       -0.04327          579.39913      578.10553         0.73916E+00    0.73916E+00    0
   19   17        21   15       -0.66579           17.72484       16.98791         0.39605E+02    0.39605E+02    0
   21   18        24   15        0.81540          -58.26452      -37.18963         0.25137E+01    0.25137E+01    0
   23   19        27   15       -0.66300          -76.82596      -82.94276         0.91546E+01    0.91546E+01    0
   27   21        29   15       -0.41042           89.79516       88.99135         0.28539E+02    0.23135E+02    1
   29   24        38   15       -0.14188           48.39531       34.56296         0.26951E+01    0.26951E+01    0
   31   25        41   15        0.25104           12.09564       18.92190         0.10246E+02    0.10246E+02    0
   37   28        50   15        0.34428          -36.62161      -24.32447         0.92584E+01    0.92584E+01    0
   18   17        19   16        0.24171          327.11932      330.69358         0.14199E+01    0.14199E+01    0
   22   19        25   16       -0.23502            3.67972        2.66539         0.14553E+02    0.14553E+02    0
   24   20        28   16       -0.29183          -38.12565      -41.06319         0.83745E+01    0.83745E+01    0
   28   22        30   16       -0.29665          -36.01885      -37.83596         0.73004E+01    0.73004E+01    0
   30   25        39   16        0.23183            9.95033       19.07092         0.67059E+01    0.67059E+01    0
   34   27        45   16       -0.48253            7.10714       -4.34333         0.12533E+02    0.12533E+02    0
   36   28        48   16       -0.00045          -13.50776      -13.53398         0.53800E+01    0.53800E+01    0
   19   18        20   17       -1.33569          890.72966      842.39680         0.11959E+01    0.62142E+00    1
   21   19        23   17       -0.16933           39.10615       38.04222         0.68379E+01    0.68379E+01    0
   23   20        26   17        0.13381            9.47534       12.01463         0.33943E+01    0.33943E+01    0
   29   25        37   17        0.01216           16.41472       17.26650         0.35522E+01    0.35522E+01    0
   20   19        21   18       -0.03297          561.72214      560.89185         0.84061E+00    0.84061E+00    0
   22   20        24   18       -0.03922          205.52636      204.44749         0.15540E+01    0.15540E+01    0
   21   20        22   19        0.23527          800.70758      805.96054         0.11492E+01    0.10145E+01    1
   23   21        25   19        0.53746          199.93878      203.45271         0.65843E+01    0.65843E+01    0
   25   22        28   19        0.60206          -68.27910      -61.84137         0.61143E+01    0.61143E+01    0
   33   28        42   19        0.15804           -1.20262        4.47150         0.74130E+01    0.74130E+01    0
   22   21        23   20        0.30092          744.37809      750.40446         0.11264E+01    0.10546E+01    1
   24   22        26   20       -0.13551          166.86334      165.67427         0.49639E+01    0.49639E+01    0
   30   27        37   20       -0.94125          -44.83422      -51.32914         0.35472E+02    0.35472E+02    0
   32   28        40   20        0.36136           -7.65985       -1.50062         0.14784E+02    0.14784E+02    0
   23   22        24   21       -0.65836         1135.28164     1116.44780         0.78576E+00    0.78576E+00    0
   25   23        27   21       -0.01197          156.46312      156.45069         0.41770E+02    0.41770E+02    0
   31   28        38   21        0.01683          -15.38477      -14.86297         0.78147E+01    0.78147E+01    0
   24   23        25   22        0.06499          681.25399      682.11605         0.16664E+01    0.15604E+01    1
   26   24        28   22       -0.32059          186.24379      184.96982         0.10569E+02    0.10569E+02    0
   30   28        36   22       -0.02395          -66.40657      -67.39936         0.60183E+01    0.60183E+01    0
   40   29        51   22       -0.42034          -13.53518      -24.73539         0.58385E+01    0.58385E+01    0
   25   24        26   23       -0.68442         1748.17165     1712.93849         0.80450E+00    0.43321E+00    1
   29   28        34   23       -0.95229          -15.44119      -42.89737         0.10624E+02    0.10624E+02    0
   39   29        49   23       -0.41722          -22.05173      -31.34128         0.60366E+01    0.60366E+01    0
   41   30        52   23       -0.39315           10.08513       -4.18002         0.42406E+01    0.42406E+01    0
   26   25        27   24       -0.15248          567.46668      563.76911         0.83723E+00    0.83723E+00    0
   38   29        47   24        0.45836          -37.99331      -36.46966         0.33837E+02    0.33837E+02    0
   40   30        50   24       -2.02106          -16.90262      -36.01999         0.22007E+02    0.13991E+02    1
   27   26        28   25       -1.32024         1574.34135     1498.45126         0.84717E+00    0.37321E+00    1
   37   29        45   25       -1.37182          -41.51804      -44.51283         0.48661E+02    0.41719E+02    1
   39   30        48   25       -1.03222          -16.07227      -25.87574         0.11699E+02    0.11699E+02    0
   41   31        51   25       -0.33866           -6.85399       -8.66056         0.24777E+02    0.24777E+02    0
   36   29        43   26       -0.31241          -57.00706      -58.80057         0.11898E+02    0.11898E+02    0
   38   30        46   26       -0.50412          -41.73900      -49.95084         0.54521E+01    0.54521E+01    0
   40   31        49   26        1.01320          -63.55538      -57.55378         0.18636E+02    0.18636E+02    0
   37   30        44   27       -0.71217           28.18257       21.73841         0.74060E+01    0.74060E+01    0
   39   31        47   27        2.08289          -12.64487       -7.00848         0.42236E+02    0.32744E+02    1
   34   29        39   28        0.26187           15.49920       17.32272         0.32065E+01    0.32065E+01    0
   36   30        42   28       -0.22525          -37.92379      -38.72810         0.12482E+02    0.12482E+02    0
   38   31        45   28       -1.76198          -63.23436      -69.02954         0.28448E+02    0.20354E+02    1
   40   32        48   28       -0.53454          -34.85000      -46.58351         0.39960E+01    0.39960E+01    0
   42   33        51   28        0.80773          -32.87189      -22.15295         0.81760E+01    0.81760E+01    0
   31   30        32   29       -0.76119          629.15285      615.47135         0.15241E+01    0.10885E+01    1
   33   31        35   29       -0.34280          169.36218      165.96251         0.40332E+01    0.40332E+01    0
   37   33        41   29        1.91853          -60.24409      -28.37361         0.59656E+01    0.49304E+01    1
   39   34        44   29        0.67390          -57.78792      -46.22366         0.57637E+01    0.57637E+01    0
   43   36        50   29       -0.16814            8.50153        7.94165         0.40962E+02    0.40962E+02    0
   32   31        33   30        0.54644          309.66038      320.37355         0.10676E+01    0.10676E+01    0
   34   32        36   30        0.07273          107.08930      107.14837         0.10663E+03    0.50209E+02    1
   36   33        39   30       -1.00218          -31.21813      -36.20302         0.12416E+02    0.12416E+02    0
   38   34        42   30        1.51354         -126.97426     -107.19955         0.77046E+01    0.62090E+01    1
   42   36        48   30        0.84317          -21.56643      -18.64138         0.33715E+02    0.33715E+02    0
   44   37        51   30        0.42628          -12.41502       -1.28155         0.52538E+01    0.52538E+01    0
   33   32        34   31        0.40537          548.24763      553.93357         0.15522E+01    0.13845E+01    1
   35   33        37   31       -1.49403          199.30469      172.33121         0.37911E+01    0.22510E+01    1
   37   34        40   31        1.09818          -99.59729      -91.91754         0.86173E+01    0.86173E+01    0
   39   35        43   31        1.73045         -148.48916     -101.83208         0.36361E+01    0.29567E+01    1
   41   36        46   31       -0.07819          -51.88660      -52.09029         0.37414E+02    0.37414E+02    0
   43   37        49   31        0.87792          -16.82996       -3.84684         0.78744E+01    0.78744E+01    0
   45   38        52   31       -1.44250           10.38204        4.98207         0.40306E+02    0.36734E+02    1
   34   33        35   32        0.44475          686.11477      696.16638         0.13863E+01    0.91029E+00    1
   36   34        38   32       -1.28134           47.43472       43.50451         0.16273E+02    0.13013E+02    1
   38   35        41   32        1.38523         -107.74059      -80.43196         0.34432E+01    0.30528E+01    1
   40   36        44   32       -0.63989          -83.72107      -84.76646         0.48320E+02    0.48320E+02    0
   42   37        47   32        1.16872           -6.13450       12.58173         0.60572E+01    0.60572E+01    0
   44   38        50   32        1.47215          -23.41575      -13.72559         0.17880E+02    0.17880E+02    0
   37   35        39   33        0.11710           58.96592       60.95606         0.23711E+01    0.23711E+01    0
   39   36        42   33       -2.50198           33.22282       11.67703         0.21330E+02    0.69505E+01    1
   41   37        45   33        1.70069           27.59003       50.39377         0.68531E+01    0.58019E+01    1
   43   38        48   33       -1.15848           32.72155       26.87766         0.19233E+02    0.19233E+02    0
   45   39        51   33        1.21787           -1.35268       12.31114         0.10570E+02    0.10570E+02    0
   36   35        37   34       -2.19563          730.53616      638.24770         0.77215E+00    0.47317E+00    1
   38   36        40   34       -0.04136           87.93626       87.45908         0.35038E+01    0.35038E+01    0
   40   37        43   34        1.88386          -50.62687       -6.37033         0.34356E+01    0.25738E+01    1
   42   38        46   34       -0.55897           17.15125       13.49236         0.11914E+02    0.11914E+02    0
   44   39        49   34       -0.28088          -22.43153      -22.84681         0.67218E+02    0.67218E+02    0
   46   40        52   34        2.40543           11.92155       31.08526         0.28867E+02    0.14964E+02    1
   37   36        38   35       -0.20070          447.89419      442.60028         0.96683E+00    0.77510E+00    1
   43   39        47   35       -2.54232           96.78786       27.75411         0.53437E+01    0.29013E+01    1
   38   37        39   36        0.22575          427.42619      430.39151         0.18237E+01    0.15527E+01    1
   40   38        42   36       -0.59351           77.49583       76.82897         0.48985E+02    0.36292E+02    1
   42   39        45   36       -0.09164           66.90800       66.40110         0.10674E+02    0.10674E+02    0
   44   40        48   36       -0.37241           32.66247       29.31249         0.88182E+01    0.88182E+01    0
   46   41        51   36        0.54836           -2.72290        5.64806         0.65457E+01    0.65457E+01    0
   39   38        40   37       -0.03439          322.17645      321.88391         0.23954E+01    0.23285E+01    1
   41   39        43   37       -1.17386          111.54770      105.22323         0.13210E+02    0.76577E+01    1
   43   40        46   37        0.56435           56.62693       59.59110         0.11221E+02    0.11221E+02    0
   45   41        49   37       -0.51915          -14.37164      -20.35694         0.69896E+01    0.69896E+01    0
   47   42        52   37        0.10168          -40.52188      -39.63857         0.11601E+02    0.11601E+02    0
   40   39        41   38       -1.83521           59.21089       57.54028         0.14552E+03    0.22993E+02    1
   42   40        44   38        0.71720          201.29976      203.49048         0.12797E+02    0.12797E+02    0
   44   41        47   38        0.00968           -6.66140       -6.58515         0.76009E+01    0.76009E+01    0
   46   42        50   38       -0.48794           -6.86823      -11.58581         0.83851E+01    0.83851E+01    0
   41   40        42   39       -1.14581          366.48757      353.84223         0.29559E+01    0.18393E+01    1
   43   41        45   39        1.44957           95.53572      122.41087         0.21056E+01    0.21056E+01    0
   45   42        48   39        0.04487           26.15823       26.72550         0.48026E+01    0.48026E+01    0
   47   43        51   39       -0.33916          -34.89137      -40.99208         0.44647E+01    0.44647E+01    0
   42   41        43   40       -0.59404          150.32704      145.94008         0.26944E+01    0.26944E+01    0
   44   42        46   40       -1.12801          -30.01323      -30.55624         0.23667E+03    0.84355E+02    1
   46   43        49   40        2.77078          -51.01064      -42.09694         0.16233E+03    0.19092E+02    1
   48   44        52   40       -1.11691           -1.83980       -2.53830         0.29466E+03    0.12582E+03    1
   43   42        44   41       -3.71972          569.86893      339.82346         0.57274E+01    0.32549E+00    1
   45   43        47   41       -0.60248          119.25294      116.65442         0.13248E+02    0.94429E+01    1
   47   44        50   41        0.42232           55.17323       55.48413         0.79938E+02    0.79938E+02    0
   44   43        45   42       -2.14786          153.96270      129.95307         0.11373E+02    0.17898E+01    1
   46   44        48   42       -0.44136          208.87374      208.18534         0.25053E+02    0.25053E+02    0
   48   45        51   42       -0.19828           60.46591       60.07811         0.29645E+02    0.29645E+02    0
   45   44        46   43       -0.56882          241.35015      238.74892         0.42267E+01    0.42267E+01    0
   47   45        49   43        0.03023           59.56419       59.68481         0.97872E+01    0.97872E+01    0
   49   46        52   43        0.16640           12.54271       13.36556         0.11709E+02    0.11709E+02    0
   46   45        47   44        0.30200          274.49084      276.04475         0.49128E+01    0.37826E+01    1
   48   46        50   44        1.23649          -11.92577       -9.51880         0.29178E+02    0.19842E+02    1
   47   46        48   45        0.59258          171.73190      174.55598         0.40898E+01    0.40898E+01    0
   49   47        51   45        0.00303          118.09642      118.11886         0.52695E+01    0.52695E+01    0
   48   47        49   46       -1.80739          305.67256      284.57776         0.37556E+01    0.16820E+01    1
   50   48        52   46       -0.87416           59.04670       57.63973         0.25149E+02    0.24201E+02    1
   49   48        50   47       -1.90975          313.19498      294.25037         0.62012E+01    0.19758E+01    1
   50   49        51   48        0.28418          128.86154      130.21991         0.41412E+01    0.41412E+01    0
   51   50        52   49       -0.31975          169.97000      167.44688         0.24553E+01    0.24553E+01    0
