    P+   P-        C+   C-  Normalised_Error  Observed_Rho_a  Calculated_Rho_a  Original_Weight  Final_Weight    C
    2    8         4    6       -0.00067          924.38229      924.34120         0.81991E+00    0.81991E+00    0
    2   20         8   14        0.87843          168.43511      195.32999         0.44899E+01    0.44899E+01    0
    2   23         9   16       -0.36592          148.23888      141.42340         0.85120E+01    0.85120E+01    0
    2   26        10   18       -2.27968          267.52185      110.04343         0.34763E+01    0.25951E+01    1
    2   31        13   24       -0.41725           11.11783        4.54289         0.10044E+02    0.10044E+02    0
    2   34        14   26        1.29843          -32.69948       -7.91519         0.92396E+01    0.92396E+01    0
    2   37        15   28        0.78172            5.17067       23.23792         0.85244E+01    0.85244E+01    0
    3    6         4    5       -0.15811         1445.37283     1435.28512         0.34468E+00    0.33406E+00    1
    3    9         5    7       -0.19811         1010.25756     1002.27961         0.10544E+01    0.10544E+01    0
    3   12         6    9        1.01490          307.50823      354.08939         0.13594E+01    0.13594E+01    0
    3   15         7   11       -1.62523           61.55694      -51.19429         0.12653E+01    0.12653E+01    0
    3   18         8   13        0.59745           47.58761       74.84558         0.24243E+01    0.24243E+01    0
    3   21         9   15        0.49247           31.29902       35.13222         0.17017E+02    0.17017E+02    0
    3   24        10   17        0.38793           -7.10786       -2.99506         0.14542E+02    0.14542E+02    0
    3   27        11   19       -0.07589           37.95176       37.01049         0.13989E+02    0.13989E+02    0
    3   29        13   23       -0.54050          -16.43852      -17.50968         0.68855E+02    0.68855E+02    0
    3   32        14   25       -0.10989           -6.34711       -7.92840         0.10810E+02    0.10810E+02    0
    4    7         5    6       -0.13317         2444.09846     2431.46653         0.35398E+00    0.24883E+00    1
    4   10         6    8       -0.12042          370.14529      365.39474         0.12119E+01    0.10552E+01    1
    4   13         7   10        0.64611           24.38194       44.20144         0.21648E+01    0.21247E+01    1
    4   16         8   12       -1.11761           41.66472       10.99921         0.35383E+01    0.32558E+01    1
    4   19         9   14       -1.24735           16.67949        3.28334         0.10966E+02    0.10264E+02    1
    4   22        10   16       -0.79919          -68.54733      -70.54704         0.52851E+02    0.52851E+02    0
    4   28        12   20       -0.30668          -25.52041      -25.82435         0.17216E+03    0.17216E+03    0
    4   30        14   24       -2.23455          -18.26796      -41.42115         0.19181E+02    0.12975E+02    1
    4   33        15   26        0.91823          -46.31803      -39.62866         0.21181E+02    0.21181E+02    0
    4   36        16   28        0.42211          -33.55845      -30.47006         0.23804E+02    0.23804E+02    0
    4   45        19   30       -1.70502           36.10024       -6.26078         0.14985E+02    0.14592E+02    1
    5    8         6    7        0.05832         2112.66480     2116.58603         0.38682E+00    0.30485E+00    1
    5   14         8   11       -0.88726           25.31100      -33.60746         0.99409E+00    0.99409E+00    0
    5   17         9   13       -0.22524           49.77705       38.33669         0.17352E+01    0.17352E+01    0
    5   20        10   15        0.73049         -124.79981     -108.76381         0.50104E+01    0.50104E+01    0
    5   23        11   17       -1.90996           11.63734      -51.79176         0.52238E+01    0.39469E+01    1
    5   26        12   19       -0.08211          -46.29144      -48.47828         0.56730E+01    0.56730E+01    0
    5   31        15   25        0.30573          -33.68515      -32.41241         0.32344E+02    0.32344E+02    0
    5   34        16   27       -0.50979          -39.23810      -44.53513         0.14734E+02    0.14734E+02    0
    5   43        19   29       -0.29145           -8.55249      -13.66953         0.19634E+02    0.19634E+02    0
    5   46        20   31        2.31980          -10.95472       -7.51591         0.64341E+03    0.24472E+03    1
    6    9         7    8       -0.13046         1336.18444     1329.62420         0.45445E+00    0.45445E+00    0
    6   15         9   12        1.31781           35.20343       79.45095         0.24138E+01    0.20027E+01    1
    6   18        10   14        0.10052          -53.19476      -51.51764         0.58098E+01    0.53088E+01    1
    6   24        12   18       -0.14015          -13.86290      -16.47216         0.69748E+01    0.69748E+01    0
    6   27        13   20        1.25582          -86.24544      -78.03401         0.31201E+02    0.22959E+02    1
    6   29        15   24       -2.20650          -30.60168      -37.46019         0.50290E+02    0.36503E+02    1
    6   32        16   26        2.05484          -48.86885      -38.85123         0.45427E+02    0.27275E+02    1
    6   44        20   30       -0.62873           13.22887        1.76965         0.18987E+02    0.18987E+02    0
    6   47        21   32       -0.23534           12.92195        4.73498         0.10481E+02    0.10481E+02    0
    7   16        10   13        0.10040          174.98468      179.25293         0.15325E+01    0.15325E+01    0
    7   22        12   17       -1.50779            6.61715      -16.74640         0.75395E+01    0.69281E+01    1
    7   25        13   19        1.15784          -69.97608      -50.14085         0.75002E+01    0.75002E+01    0
    7   28        14   21        0.75131          -26.09777      -23.36578         0.40533E+02    0.40533E+02    0
    7   30        16   25       -0.38817            1.10019        0.61742         0.90327E+02    0.90327E+02    0
    7   33        17   27       -3.62990           17.34812        1.00854         0.57018E+02    0.29342E+02    1
    7   42        20   29       -2.69337           34.62966       21.71824         0.12344E+03    0.68010E+02    1
    7   45        21   31       -1.00342           42.37509       22.76598         0.17592E+02    0.17592E+02    0
    7   48        22   33       -0.53619           31.97262       22.73019         0.21155E+02    0.21155E+02    0
    8   14        10   12        0.40238            2.63507       19.30971         0.12403E+01    0.10499E+01    1
    8   20        12   16        0.01044          -25.72803      -25.65851         0.12695E+02    0.12695E+02    0
    8   26        14   20       -0.54069          -78.41689      -86.18656         0.88636E+01    0.88636E+01    0
    8   31        17   26        0.36859          -45.16650      -42.96128         0.18591E+02    0.18591E+02    0
    8   43        21   30        0.92002            3.23585        5.20870         0.15299E+03    0.15299E+03    0
    9   18        12   15       -0.13790           53.90241       48.90498         0.17455E+01    0.17455E+01    0
    9   21        13   17        0.21201          -90.06080      -80.10556         0.18234E+01    0.18234E+01    0
    9   24        14   19       -0.03221          -78.39154      -80.23299         0.18779E+01    0.18779E+01    0
    9   27        15   21       -0.03010          -21.71767      -23.08065         0.28004E+01    0.28004E+01    0
    9   29        17   25        0.71648          -30.19125       -6.41877         0.27441E+01    0.27441E+01    0
    9   32        18   27       -1.07527           47.30091        1.02020         0.25704E+01    0.25704E+01    0
    9   41        21   29        0.24374           -5.01638       20.66284         0.29233E+01    0.29233E+01    0
    9   44        22   31        0.13962            9.94938       23.34499         0.34196E+01    0.34196E+01    0
    9   47        23   33        0.20654            5.28697       26.83296         0.33172E+01    0.33172E+01    0
   10   16        12   14       -0.26280          364.85673      359.63925         0.21229E+01    0.21229E+01    0
   10   19        13   16        0.86457           11.21935       21.71341         0.52093E+01    0.52093E+01    0
   10   25        15   20        0.12818          -17.92033      -15.59736         0.58613E+01    0.58613E+01    0
   10   28        16   22       -0.57668           11.28558        7.86433         0.21188E+02    0.21188E+02    0
   10   30        18   26       -2.71448           -1.01781      -34.67056         0.10605E+02    0.72005E+01    1
   10   33        19   28        0.61205          -23.63613      -19.19058         0.15213E+02    0.15213E+02    0
   10   42        22   30       -0.01917           24.01826       23.92064         0.61319E+02    0.61319E+02    0
   10   48        24   34       -2.07546           38.11170       36.98698         0.10000E+04    0.64391E+03    1
   11   14        12   13        0.56687          957.71479      981.14522         0.56102E+00    0.49730E+00    1
   11   17        13   15        0.07274          117.78153      119.35876         0.19655E+01    0.19655E+01    0
   11   20        14   17       -2.18561          -28.05768     -103.61140         0.25243E+01    0.18614E+01    1
   11   23        15   19       -2.55881           32.20868      -84.44668         0.29980E+01    0.19019E+01    1
   11   26        16   21       -0.25989          -26.34030      -29.33933         0.92739E+01    0.92739E+01    0
   11   31        19   27        0.76744            5.11449       14.49850         0.73177E+01    0.73177E+01    0
   11   40        22   29        1.06943            3.27128       21.90473         0.16822E+02    0.16822E+02    0
   11   43        23   31        1.85226           13.81695       18.86098         0.11481E+03    0.11481E+03    0
   11   46        24   33        1.66352           23.84477       34.50578         0.51432E+02    0.51432E+02    0
   12   15        13   14       -1.14332         1584.70069     1487.93160         0.53177E+00    0.26008E+00    1
   12   18        14   16       -0.30023          130.02667      123.51774         0.19756E+01    0.19756E+01    0
   12   24        16   20       -0.35526          -21.23371      -28.61681         0.41851E+01    0.41851E+01    0
   12   27        17   22        0.81546          -18.65096      -12.97437         0.15194E+02    0.15194E+02    0
   12   29        19   26        0.62640          -39.52167      -34.20038         0.79922E+01    0.79922E+01    0
   12   32        20   28       -0.22661           -6.65673       -8.43669         0.11365E+02    0.11365E+02    0
   12   41        23   30       -1.66316           12.96399       12.35909         0.10000E+04    0.81341E+03    1
   12   44        24   32        0.08904           32.23367       33.43031         0.23369E+02    0.23369E+02    0
   12   47        25   34        1.33588            7.05045       15.39211         0.53087E+02    0.53087E+02    0
   12   50        26   36       -0.23408           28.41312       23.29233         0.16019E+02    0.16019E+02    0
   13   16        14   15       -0.36103          590.96730      580.07967         0.84685E+00    0.71126E+00    1
   13   19        15   17        0.62120           82.03276       98.18223         0.16527E+01    0.16527E+01    0
   13   22        16   19        0.35224          -10.87747       -2.97692         0.29559E+01    0.29559E+01    0
   13   25        17   21       -2.14281           38.58542       18.78003         0.17690E+02    0.92437E+01    1
   13   30        20   27        0.52598           67.10756       70.91529         0.92898E+01    0.92898E+01    0
   13   39        23   29       -1.12661           35.18109       24.33887         0.28813E+02    0.28813E+02    0
   13   42        24   31        0.03062           37.93239       38.69110         0.11977E+02    0.11977E+02    0
   13   45        25   33       -1.55566           54.92345       18.69061         0.13394E+02    0.13394E+02    0
   14   17        15   16        0.22196          478.50264      484.84248         0.74621E+00    0.74621E+00    0
   14   23        17   20        0.25260          -26.43869      -21.74611         0.34970E+01    0.34970E+01    0
   14   31        21   28       -0.70239          -25.09442      -32.98203         0.60237E+01    0.60237E+01    0
   14   40        24   30       -0.62332           35.99315       34.18276         0.96425E+02    0.96425E+02    0
   14   43        25   32       -0.19635            5.27478        3.25888         0.28989E+02    0.28989E+02    0
   14   46        26   34       -0.83394           30.97092       29.21772         0.14989E+03    0.14989E+03    0
   14   52        28   38        2.20640          -49.35487        2.76936         0.19285E+02    0.14725E+02    1
   15   18        16   17        0.08341          732.30268      735.63732         0.55276E+00    0.55276E+00    0
   15   21        17   19       -0.18898          104.12978       99.48545         0.17837E+01    0.17837E+01    0
   15   24        18   21        1.00644          -48.86366      -37.19421         0.64182E+01    0.56032E+01    1
   15   27        19   23       -0.03918          -62.55901      -62.89239         0.99254E+01    0.99254E+01    0
   15   29        21   27       -0.59216          138.80046      131.51929         0.36849E+01    0.36849E+01    0
   15   38        24   29       -2.63557           44.33893       28.40205         0.97997E+02    0.43454E+02    1
   15   41        25   31        0.03872           -2.53123       -1.85452         0.15940E+02    0.15940E+02    0
   15   50        28   37        1.90952          -36.16901       -4.81430         0.25716E+02    0.20139E+02    1
   16   19        17   18        0.10130          529.41785      532.77437         0.63369E+00    0.63369E+00    0
   16   25        19   22       -0.36028            9.36947        5.81070         0.63584E+01    0.63584E+01    0
   16   28        20   24       -0.22861          -30.69226      -31.98829         0.14870E+02    0.14870E+02    0
   16   30        22   28        0.77350          -10.64193       -0.27650         0.33371E+01    0.33371E+01    0
   16   39        25   30        1.10061           -9.74793       -6.81531         0.10593E+03    0.99011E+02    1
   16   45        27   34       -0.35682            1.42471       -0.99391         0.43877E+02    0.43877E+02    0
   16   48        28   36        0.45457          -14.32121       -4.83983         0.15015E+02    0.15015E+02    0
   17   20        18   19       -0.54669          962.40684      936.43144         0.47326E+00    0.47326E+00    0
   17   23        19   21       -0.30084           27.01479       20.73434         0.20787E+01    0.20580E+01    1
   17   26        20   23        1.38628           17.83561       44.46858         0.33528E+01    0.33528E+01    0
   17   37        25   29        0.10530          -17.28153      -15.79454         0.17622E+02    0.17622E+02    0
   18   21        19   20        0.06006          862.31153      864.93192         0.48526E+00    0.48526E+00    0
   18   24        20   22       -0.19241          342.24987      337.36998         0.16853E+01    0.16853E+01    0
   19   22        20   21        0.33421          877.66899      889.96086         0.61587E+00    0.61587E+00    0
   19   25        21   23       -0.12064          290.09812      286.91086         0.16294E+01    0.16294E+01    0
   19   28        22   25       -0.20321          -42.34050      -43.66683         0.11039E+02    0.10017E+02    1
   19   42        28   33       -0.02305           -1.23267       -1.78198         0.11166E+02    0.11166E+02    0
   20   23        21   22       -0.27110          995.65954      984.59949         0.51767E+00    0.51767E+00    0
   20   26        22   24        0.03592          197.66026      198.36068         0.22336E+01    0.22336E+01    0
   20   37        27   30        0.41357          -57.68860      -52.22100         0.18514E+02    0.18514E+02    0
   20   40        28   32       -0.23118           -2.64294       -8.26168         0.10368E+02    0.10368E+02    0
   21   24        22   23       -0.34576         1449.69133     1429.29803         0.38111E+00    0.38111E+00    0
   21   27        23   25       -0.61237          140.34184      130.22166         0.26260E+01    0.26260E+01    0
   21   38        28   31        0.31032          -16.42975       -9.76462         0.11281E+02    0.11281E+02    0
   22   25        23   24        0.05603          719.99433      721.91028         0.60528E+00    0.60528E+00    0
   22   28        24   26        0.48365          267.91025      278.80863         0.18638E+01    0.18638E+01    0
   22   36        28   30       -0.15594          -57.88190      -58.29034         0.95262E+02    0.95262E+02    0
   22   51        29   40       -1.67743          -10.42113      -14.28590         0.12338E+03    0.67523E+02    1
   23   26        24   25        0.11500         2138.99114     2148.25737         0.36544E+00    0.27676E+00    1
   23   34        28   29       -0.81135           -8.68352      -24.47598         0.15737E+02    0.15737E+02    0
   23   49        29   39       -0.55345          -17.17788      -17.37547         0.10000E+04    0.37647E+03    1
   23   52        30   41       -0.76969           11.47529        7.11833         0.27578E+02    0.27181E+02    1
   24   27        25   26       -0.21640          702.65993      691.66438         0.57083E+00    0.39958E+00    1
   24   47        29   38        0.83771          -33.38930      -28.15792         0.18011E+02    0.18011E+02    0
   24   50        30   40       -1.90968          -16.73647      -22.47789         0.69281E+02    0.44020E+02    1
   25   28        26   27       -0.91328         1756.39674     1690.66899         0.50435E+00    0.29809E+00    1
   25   45        29   37        0.31044          -29.30708      -28.37631         0.32528E+02    0.30377E+02    1
   25   48        30   39        0.67432          -14.35517       -9.69383         0.16074E+02    0.16074E+02    0
   25   51        31   41        0.36336           -3.59066       -2.77338         0.58763E+02    0.58763E+02    0
   26   43        29   36       -1.88340          -34.09410      -45.08703         0.14712E+02    0.11702E+02    1
   26   46        30   38       -1.65844          -35.27248      -40.57215         0.34999E+02    0.27792E+02    1
   26   49        31   40        0.17186          -57.98172      -56.94381         0.18279E+02    0.18279E+02    0
   27   44        30   37        0.54987           45.64554       49.23082         0.10278E+02    0.10278E+02    0
   27   47        31   39        0.24160            0.97545        2.87678         0.11259E+02    0.11259E+02    0
   28   39        29   34        0.44684           76.94129       84.60561         0.13018E+01    0.13018E+01    0
   28   42        30   36        1.07124          -12.22214       -1.73685         0.49316E+01    0.45535E+01    1
   28   45        31   38       -2.33624          -35.96633      -50.85238         0.16807E+02    0.10506E+02    1
   28   48        32   40       -0.88955          -28.26411      -31.69746         0.24319E+02    0.22726E+02    1
   28   51        33   42       -0.43504          -28.26044      -28.83523         0.10278E+03    0.82118E+02    1
   29   32        30   31       -0.85603          621.31323      595.09966         0.67388E+00    0.63889E+00    1
   29   35        31   33       -0.57431          203.50887      192.74151         0.22248E+01    0.21335E+01    1
   29   41        33   37        0.56168          -52.40308      -51.82797         0.11253E+03    0.79991E+02    1
   29   44        34   39       -1.24164          -50.28386      -55.12958         0.26030E+02    0.25343E+02    1
   29   50        36   43       -0.86167           12.42720        9.98496         0.68987E+02    0.48125E+02    1
   30   33        31   32        0.16021          408.63804      412.91359         0.78430E+00    0.78430E+00    0
   30   36        32   34        1.54716          152.78034      185.15082         0.20367E+01    0.19487E+01    1
   30   39        33   36       -2.38649          -10.28528      -17.89768         0.35075E+02    0.19361E+02    1
   30   42        34   38       -0.14200         -111.01873     -111.34287         0.53555E+02    0.35538E+02    1
   30   48        36   42       -0.43384          -15.01729      -15.93864         0.55073E+02    0.55073E+02    0
   30   51        37   44       -0.25324           -7.99578       -9.11407         0.31074E+02    0.31074E+02    0
   31   34        32   33        0.30539          573.54792      582.04558         0.69789E+00    0.69789E+00    0
   31   37        33   35       -0.62748          181.85071      173.33550         0.29947E+01    0.29947E+01    0
   31   40        34   37       -0.00575          -79.67370      -79.69593         0.15584E+02    0.15584E+02    0
   31   43        35   39        0.17515         -137.55490     -136.60978         0.14773E+02    0.14773E+02    0
   31   46        36   41       -1.14019          -46.41238      -47.86973         0.13401E+03    0.76259E+02    1
   31   49        37   43       -0.29864          -11.28036      -11.87708         0.58282E+02    0.58282E+02    0
   31   52        38   45       -2.23638           17.16037        4.41962         0.45704E+02    0.24137E+02    1
   32   35        33   34        0.35061          657.43469      668.25479         0.66664E+00    0.66664E+00    0
   32   38        34   36        0.59054           86.92531       93.46144         0.36063E+01    0.36063E+01    0
   32   41        35   38       -1.86666          -83.48766     -105.49959         0.71310E+01    0.51037E+01    1
   32   44        36   40       -1.13872          -68.56001      -79.66150         0.80972E+01    0.80972E+01    0
   32   47        37   42        0.12319            5.31749        6.02153         0.16973E+02    0.16973E+02    0
   32   50        38   44        1.08211          -17.15495      -12.28157         0.26134E+02    0.26134E+02    0
   33   39        35   37       -0.12740           92.93367       91.32697         0.31954E+01    0.31954E+01    0
   33   42        36   39       -1.42985           52.41780       32.13165         0.58936E+01    0.42187E+01    1
   33   45        37   41       -0.03317           37.63040       37.53071         0.25886E+02    0.25886E+02    0
   33   48        38   43       -0.63048           36.46190       36.16441         0.10000E+04    0.20562E+03    1
   33   51        39   45        2.90848            9.57303       15.69369         0.10309E+03    0.56355E+02    1
   34   37        35   36       -2.11772          720.20232      611.43014         0.73420E+00    0.38722E+00    1
   34   40        36   38       -0.13169          122.54256      120.91495         0.32704E+01    0.32704E+01    0
   34   43        37   40        0.88421          -29.80471      -23.94453         0.99692E+01    0.91231E+01    1
   34   46        38   42       -1.16103           27.35218       26.62270         0.14000E+03    0.12412E+03    1
   34   49        39   44       -0.17865          -17.35351      -17.67761         0.54780E+02    0.54780E+02    0
   34   52        40   46       -0.06909           18.86965       18.51275         0.23079E+02    0.23079E+02    0
   35   38        36   37        0.64633          509.02759      528.62647         0.67422E+00    0.67422E+00    0
   35   47        39   43       -2.15158           80.79872       56.35998         0.99627E+01    0.69360E+01    1
   36   39        37   38        0.17785          463.86650      467.31440         0.13791E+01    0.10521E+01    1
   36   42        38   40        0.25636           94.93006       96.72666         0.58187E+01    0.58187E+01    0
   36   45        39   42        0.03179           79.46660       79.54714         0.27354E+02    0.23305E+02    1
   36   48        40   44       -1.32331           42.78337       41.53161         0.19805E+03    0.83857E+02    1
   36   51        41   46        0.09692            6.09121        6.35800         0.36301E+02    0.36301E+02    0
   37   40        38   39       -0.88612          359.14314      343.43478         0.12410E+01    0.11173E+01    1
   37   43        39   41       -0.29762          131.96156      130.47019         0.82336E+01    0.82336E+01    0
   37   46        40   43        1.09061           70.97528       75.02689         0.24258E+02    0.15865E+02    1
   37   49        41   45       -1.60600           -3.04284       -7.41586         0.53364E+02    0.29594E+02    1
   37   52        42   47        0.21976          -31.64526      -31.11812         0.42014E+02    0.42014E+02    0
   38   41        39   40        0.66333           80.18636       85.54792         0.30630E+01    0.25896E+01    1
   38   44        40   42        0.17098          227.21341      228.16503         0.70233E+01    0.70233E+01    0
   38   47        41   44        0.00798            4.75610        4.78064         0.22224E+02    0.19466E+02    1
   38   50        42   46       -0.97859            7.32068        5.76536         0.12333E+03    0.51008E+02    1
   39   42        40   41        0.18202          387.71169      388.92937         0.30344E+01    0.30344E+01    0
   39   45        41   43        0.11356          109.49414      110.01980         0.84333E+01    0.84333E+01    0
   39   48        42   45        0.68803           51.57008       54.30490         0.15274E+02    0.15274E+02    0
   39   51        43   47       -0.85142          -23.54362      -24.50464         0.13001E+03    0.71150E+02    1
   40   43        41   42       -0.91032          171.30469      162.99351         0.32993E+01    0.21794E+01    1
   40   46        42   44       -0.15092          -19.80338      -20.56711         0.11984E+02    0.80245E+01    1
   40   49        43   46        1.41717          -36.95608      -31.63075         0.26072E+02    0.16345E+02    1
   40   52        44   48       -1.39424           13.12862        7.45904         0.43499E+02    0.19351E+02    1
   41   44        42   43       -3.72138          601.15197      419.79432         0.24515E+01    0.41306E+00    1
   41   47        43   45       -0.68471          138.01002      134.44739         0.78275E+01    0.78275E+01    0
   41   50        44   47        0.87784           73.12572       76.44089         0.19178E+02    0.15583E+02    1
   42   45        43   44       -0.58190          166.74887      160.54217         0.40315E+01    0.18757E+01    1
   42   48        44   46        0.30920          235.25273      237.20075         0.62022E+01    0.62022E+01    0
   42   51        45   48       -0.95833           75.20018       71.24196         0.16577E+02    0.14038E+02    1
   43   46        44   45       -0.15785          274.77817      273.54391         0.24721E+01    0.24721E+01    0
   43   49        45   47       -0.10335           72.70304       72.28338         0.96162E+01    0.96162E+01    0
   43   52        46   49        0.58053           27.27724       29.13026         0.22934E+02    0.18140E+02    1
   44   47        45   46        0.23331          276.14296      278.16360         0.30143E+01    0.22473E+01    1
   44   50        46   48        1.25258            7.98377       15.79771         0.98865E+01    0.61916E+01    1
   45   48        46   47        0.32366          189.56635      191.73823         0.29523E+01    0.29046E+01    1
   45   51        47   49        0.74013          137.43202      141.60671         0.80411E+01    0.69251E+01    1
   46   49        47   48       -1.12923          321.04011      301.99969         0.22780E+01    0.11643E+01    1
   46   52        48   50       -0.58029           78.82190       74.83580         0.63794E+01    0.56704E+01    1
   47   50        48   49       -0.67442          338.85121      333.25220         0.23609E+01    0.23609E+01    0
   48   51        49   50        0.43852          156.81809      161.04411         0.20540E+01    0.20540E+01    0
   49   52        50   51       -0.20348          242.89372      239.76720         0.12609E+01    0.12609E+01    0
    6    4         8    2       -0.00071          924.38229      924.34120         0.86564E+00    0.86564E+00    0
   14    8        20    2        1.10429          168.43511      195.32999         0.56443E+01    0.56443E+01    0
   16    9        23    2       -0.43806          148.23888      141.42340         0.10190E+02    0.10190E+02    0
   18   10        26    2       -3.10816          267.52185      110.04343         0.96461E+01    0.35382E+01    1
   24   13        31    2       -2.56372           11.11783        4.54289         0.13513E+03    0.61713E+02    1
   26   14        34    2        2.50915          -32.69948       -7.91519         0.28057E+02    0.17855E+02    1
   28   15        37    2        3.16386            5.17067       23.23792         0.69525E+02    0.34501E+02    1
    5    4         6    3       -0.15600         1445.37283     1435.28512         0.33555E+00    0.32961E+00    1
    7    5         9    3       -0.17431         1010.25756     1002.27961         0.92775E+00    0.92775E+00    0
    9    6        12    3        0.80541          307.50823      354.08939         0.10788E+01    0.10788E+01    0
   11    7        15    3       -2.28685           61.55694      -51.19429         0.21014E+01    0.17804E+01    1
   13    8        18    3        1.06044           47.58761       74.84558         0.43029E+01    0.43029E+01    0
   15    9        21    3        0.19498           31.29902       35.13222         0.67374E+01    0.67374E+01    0
   17   10        24    3        0.14907           -7.10786       -2.99506         0.55881E+01    0.55881E+01    0
   19   11        27    3       -0.15374           37.95176       37.01049         0.28340E+02    0.28340E+02    0
   23   13        29    3       -1.15941          -16.43852      -17.50968         0.14770E+03    0.14770E+03    0
   25   14        32    3       -0.26123           -6.34711       -7.92840         0.25698E+02    0.25698E+02    0
    6    5         7    4       -0.12894         2444.09846     2431.46653         0.33183E+00    0.24092E+00    1
    8    6        10    4       -0.10406          370.14529      365.39474         0.91182E+00    0.91182E+00    0
   10    7        13    4        0.47908           24.38194       44.20144         0.15754E+01    0.15754E+01    0
   12    8        16    4       -0.72415           41.66472       10.99921         0.21096E+01    0.21096E+01    0
   14    9        19    4       -0.40695           16.67949        3.28334         0.33485E+01    0.33485E+01    0
   16   10        22    4       -0.07042          -68.54733      -70.54704         0.46569E+01    0.46569E+01    0
   20   12        28    4       -0.02111          -25.52041      -25.82435         0.11848E+02    0.11848E+02    0
   24   14        30    4       -1.66501          -18.26796      -41.42115         0.10649E+02    0.96676E+01    1
   26   15        33    4        0.32546          -46.31803      -39.62866         0.75074E+01    0.75074E+01    0
   28   16        36    4        0.22362          -33.55845      -30.47006         0.12611E+02    0.12611E+02    0
   30   19        45    4       -2.23904           36.10024       -6.26078         0.25841E+02    0.19162E+02    1
    7    6         8    5        0.05776         2112.66480     2116.58603         0.37940E+00    0.30191E+00    1
   11    8        14    5       -1.33683           25.31100      -33.60746         0.16324E+01    0.14978E+01    1
   13    9        17    5       -0.40908           49.77705       38.33669         0.31515E+01    0.31515E+01    0
   15   10        20    5        0.69311         -124.79981     -108.76381         0.47540E+01    0.47540E+01    0
   17   11        23    5       -1.77073           11.63734      -51.79176         0.44900E+01    0.36592E+01    1
   19   12        26    5       -0.23658          -46.29144      -48.47828         0.16346E+02    0.16346E+02    0
   25   15        31    5        0.11329          -33.68515      -32.41241         0.11985E+02    0.11985E+02    0
   27   16        34    5       -0.61225          -39.23810      -44.53513         0.17695E+02    0.17695E+02    0
   29   19        43    5       -2.26330           -8.55249      -13.66953         0.23041E+03    0.15247E+03    1
   31   20        46    5        0.65851          -10.95472       -7.51591         0.69466E+02    0.69466E+02    0
    8    7         9    6       -0.12572         1336.18444     1329.62420         0.43793E+00    0.43793E+00    0
   12    9        15    6        1.31556           35.20343       79.45095         0.23974E+01    0.19993E+01    1
   14   10        18    6        0.09542          -53.19476      -51.51764         0.52355E+01    0.50395E+01    1
   18   12        24    6       -0.75343          -13.86290      -16.47216         0.41988E+02    0.37497E+02    1
   20   13        27    6        0.70197          -86.24544      -78.03401         0.12833E+02    0.12833E+02    0
   24   15        29    6       -0.96852          -30.60168      -37.46019         0.16023E+02    0.16023E+02    0
   26   16        32    6        1.89919          -48.86885      -38.85123         0.33149E+02    0.25209E+02    1
   30   20        44    6       -0.24384           13.22887        1.76965         0.73638E+01    0.73638E+01    0
   32   21        47    6       -0.31198           12.92195        4.73498         0.13894E+02    0.13894E+02    0
   13   10        16    7        0.19103          174.98468      179.25293         0.29159E+01    0.29159E+01    0
   17   12        22    7       -1.63108            6.61715      -16.74640         0.88229E+01    0.74946E+01    1
   19   13        25    7        2.20602          -69.97608      -50.14085         0.30915E+02    0.14290E+02    1
   21   14        28    7        0.47140          -26.09777      -23.36578         0.25432E+02    0.25432E+02    0
   25   16        30    7       -0.47058            1.10019        0.61742         0.10950E+03    0.10950E+03    0
   27   17        33    7       -2.36843           17.34812        1.00854         0.22522E+02    0.19145E+02    1
   29   20        42    7       -0.34753           34.62966       21.71824         0.87755E+01    0.87755E+01    0
   31   21        45    7       -0.46232           42.37509       22.76598         0.81054E+01    0.81054E+01    0
   33   22        48    7       -0.21401           31.97262       22.73019         0.84437E+01    0.84437E+01    0
   12   10        14    8        0.42401            2.63507       19.30971         0.13772E+01    0.11064E+01    1
   16   12        20    8        0.01599          -25.72803      -25.65851         0.24469E+02    0.19453E+02    1
   20   14        26    8       -0.76118          -78.41689      -86.18656         0.12478E+02    0.12478E+02    0
   26   17        31    8        0.53079          -45.16650      -42.96128         0.26772E+02    0.26772E+02    0
   30   21        43    8        0.03768            3.23585        5.20870         0.62662E+01    0.62662E+01    0
   15   12        18    9       -0.16765           53.90241       48.90498         0.21222E+01    0.21222E+01    0
   17   13        21    9        0.24883          -90.06080      -80.10556         0.21401E+01    0.21401E+01    0
   19   14        24    9       -0.05624          -78.39154      -80.23299         0.32789E+01    0.32789E+01    0
   21   15        27    9       -0.03831          -21.71767      -23.08065         0.35640E+01    0.35640E+01    0
   25   17        29    9        0.85747          -30.19125       -6.41877         0.32841E+01    0.32841E+01    0
   27   18        32    9       -1.57713           47.30091        1.02020         0.37701E+01    0.37701E+01    0
   29   21        41    9        0.47818           -5.01638       20.66284         0.57351E+01    0.57351E+01    0
   31   22        44    9        0.24891            9.94938       23.34499         0.60961E+01    0.60961E+01    0
   33   23        47    9        0.36965            5.28697       26.83296         0.59369E+01    0.59369E+01    0
   14   12        16   10       -0.24479          364.85673      359.63925         0.19775E+01    0.19775E+01    0
   16   13        19   10        0.65648           11.21935       21.71341         0.39554E+01    0.39554E+01    0
   20   15        25   10        0.28624          -17.92033      -15.59736         0.13089E+02    0.13089E+02    0
   22   16        28   10       -0.37483           11.28558        7.86433         0.13772E+02    0.13772E+02    0
   26   18        30   10       -2.61117           -1.01781      -34.67056         0.98135E+01    0.69264E+01    1
   28   19        33   10        2.10363          -23.63613      -19.19058         0.70247E+02    0.52289E+02    1
   30   22        42   10       -0.00612           24.01826       23.92064         0.19584E+02    0.19584E+02    0
   34   24        48   10       -0.05956           38.11170       36.98698         0.18477E+02    0.18477E+02    0
   13   12        14   11        0.54664          957.71479      981.14522         0.52170E+00    0.47955E+00    1
   15   13        17   11        0.04054          117.78153      119.35876         0.10954E+01    0.10954E+01    0
   17   14        20   11       -1.43055          -28.05768     -103.61140         0.12183E+01    0.12183E+01    0
   19   15        23   11       -1.88934           32.20868      -84.44668         0.16345E+01    0.14043E+01    1
   21   16        26   11       -0.05217          -26.34030      -29.33933         0.18618E+01    0.18618E+01    0
   27   19        31   11        0.20220            5.11449       14.49850         0.19281E+01    0.19281E+01    0
   29   22        40   11        0.15992            3.27128       21.90473         0.25155E+01    0.25155E+01    0
   31   23        43   11        0.04178           13.81695       18.86098         0.25899E+01    0.25899E+01    0
   33   24        46   11        0.08246           23.84477       34.50578         0.25496E+01    0.25496E+01    0
   14   13        15   12       -1.14090         1584.70069     1487.93160         0.52727E+00    0.25953E+00    1
   16   14        18   12       -0.27710          130.02667      123.51774         0.18234E+01    0.18234E+01    0
   20   16        24   12       -0.67298          -21.23371      -28.61681         0.79280E+01    0.79280E+01    0
   22   17        27   12        0.73894          -18.65096      -12.97437         0.13768E+02    0.13768E+02    0
   26   19        29   12        0.68672          -39.52167      -34.20038         0.87619E+01    0.87619E+01    0
   28   20        32   12       -0.84700           -6.65673       -8.43669         0.55882E+02    0.42478E+02    1
   30   23        41   12       -0.02357           12.96399       12.35909         0.11528E+02    0.11528E+02    0
   32   24        44   12        0.17170           32.23367       33.43031         0.45066E+02    0.45066E+02    0
   34   25        47   12        0.27684            7.05045       15.39211         0.11001E+02    0.11001E+02    0
   36   26        50   12       -0.17041           28.41312       23.29233         0.11661E+02    0.11661E+02    0
   15   14        16   13       -0.32574          590.96730      580.07967         0.68937E+00    0.64173E+00    1
   17   15        19   13        0.41980           82.03276       98.18223         0.11169E+01    0.11169E+01    0
   19   16        22   13        0.24712          -10.87747       -2.97692         0.20738E+01    0.20738E+01    0
   21   17        25   13       -0.65958           38.58542       18.78003         0.28453E+01    0.28453E+01    0
   27   20        30   13        0.15936           67.10756       70.91529         0.28146E+01    0.28146E+01    0
   29   23        39   13       -0.23134           35.18109       24.33887         0.59164E+01    0.59164E+01    0
   31   24        42   13        0.01602           37.93239       38.69110         0.62674E+01    0.62674E+01    0
   33   25        45   13       -0.70929           54.92345       18.69061         0.61067E+01    0.61067E+01    0
   16   15        17   14        0.21771          478.50264      484.84248         0.73190E+00    0.73190E+00    0
   20   17        23   14        0.45977          -26.43869      -21.74611         0.63653E+01    0.63653E+01    0
   28   21        31   14       -1.27872          -25.09442      -32.98203         0.12520E+02    0.10966E+02    1
   30   24        40   14       -0.07054           35.99315       34.18276         0.10912E+02    0.10912E+02    0
   32   25        43   14       -0.22624            5.27478        3.25888         0.33401E+02    0.33401E+02    0
   34   26        46   14       -0.05870           30.97092       29.21772         0.10551E+02    0.10551E+02    0
   38   28        52   14        1.79547          -49.35487        2.76936         0.12770E+02    0.11983E+02    1
   17   16        18   15        0.08248          732.30268      735.63732         0.54656E+00    0.54656E+00    0
   19   17        21   15       -0.24369          104.12978       99.48545         0.23001E+01    0.23001E+01    0
   21   18        24   15        0.96502          -48.86366      -37.19421         0.55256E+01    0.53726E+01    1
   23   19        27   15       -0.11741          -62.55901      -62.89239         0.30880E+02    0.29745E+02    1
   27   21        29   15       -0.64471          138.80046      131.51929         0.40120E+01    0.40120E+01    0
   29   24        38   15       -0.79557           44.33893       28.40205         0.13117E+02    0.13117E+02    0
   31   25        41   15        0.02715           -2.53123       -1.85452         0.11180E+02    0.11180E+02    0
   37   28        50   15        1.05259          -36.16901       -4.81430         0.11101E+02    0.11101E+02    0
   18   17        19   16        0.11310          529.41785      532.77437         0.70751E+00    0.70751E+00    0
   22   19        25   16       -0.46506            9.36947        5.81070         0.82077E+01    0.82077E+01    0
   24   20        28   16       -0.58386          -30.69226      -31.98829         0.49104E+02    0.37976E+02    1
   28   22        30   16        1.16651          -10.64193       -0.27650         0.53385E+01    0.50326E+01    1
   30   25        39   16        0.08075           -9.74793       -6.81531         0.72642E+01    0.72642E+01    0
   34   27        45   16       -0.05932            1.42471       -0.99391         0.72938E+01    0.72938E+01    0
   36   28        48   16        0.22905          -14.32121       -4.83983         0.75656E+01    0.75656E+01    0
   19   18        20   17       -0.58738          962.40684      936.43144         0.50849E+00    0.50849E+00    0
   21   19        23   17       -0.29940           27.01479       20.73434         0.20588E+01    0.20481E+01    1
   23   20        26   17        1.67387           17.83561       44.46858         0.47764E+01    0.40484E+01    1
   29   25        37   17        0.20044          -17.28153      -15.79454         0.33544E+02    0.33544E+02    0
   20   19        21   18        0.05978          862.31153      864.93192         0.48301E+00    0.48301E+00    0
   22   20        24   18       -0.15800          342.24987      337.36998         0.13839E+01    0.13839E+01    0
   21   20        22   19        0.30577          877.66899      889.96086         0.56346E+00    0.56346E+00    0
   23   21        25   19       -0.11030          290.09812      286.91086         0.14898E+01    0.14898E+01    0
   25   22        28   19       -0.07857          -42.34050      -43.66683         0.38729E+01    0.38729E+01    0
   33   28        42   19       -0.41627           -1.23267       -1.78198         0.20169E+03    0.20169E+03    0
   22   21        23   20       -0.25529          995.65954      984.59949         0.48748E+00    0.48748E+00    0
   24   22        26   20        0.03122          197.66026      198.36068         0.19412E+01    0.19412E+01    0
   30   27        37   20        0.82205          -57.68860      -52.22100         0.36800E+02    0.36800E+02    0
   32   28        40   20       -0.60328           -2.64294       -8.26168         0.27056E+02    0.27056E+02    0
   23   22        24   21       -0.35854         1449.69133     1429.29803         0.39520E+00    0.39520E+00    0
   25   23        27   21       -0.58681          140.34184      130.22166         0.25163E+01    0.25163E+01    0
   31   28        38   21        0.19575          -16.42975       -9.76462         0.71162E+01    0.71162E+01    0
   24   23        25   22        0.05786          719.99433      721.91028         0.62502E+00    0.62502E+00    0
   26   24        28   22        0.50025          267.91025      278.80863         0.19278E+01    0.19278E+01    0
   30   28        36   22       -0.01585          -57.88190      -58.29034         0.96821E+01    0.96821E+01    0
   40   29        51   22       -0.41626          -10.42113      -14.28590         0.16756E+02    0.16756E+02    0
   25   24        26   23        0.11275         2138.99114     2148.25737         0.35130E+00    0.27136E+00    1
   29   28        34   23       -0.84229           -8.68352      -24.47598         0.16338E+02    0.16338E+02    0
   39   29        49   23       -0.08030          -17.17788      -17.37547         0.54622E+02    0.54622E+02    0
   41   30        52   23       -0.83316           11.47529        7.11833         0.32314E+02    0.29423E+02    1
   26   25        27   24       -0.21431          702.65993      691.66438         0.55984E+00    0.39571E+00    1
   38   29        47   24        1.78268          -33.38930      -28.15792         0.48630E+02    0.38328E+02    1
   40   30        50   24       -1.32380          -16.73647      -22.47789         0.33292E+02    0.30515E+02    1
   27   26        28   25       -0.92836         1756.39674     1690.66899         0.52114E+00    0.30301E+00    1
   37   29        45   25        0.16429          -29.30708      -28.37631         0.16076E+02    0.16076E+02    0
   39   30        48   25        0.62665          -14.35517       -9.69383         0.14937E+02    0.14937E+02    0
   41   31        51   25        0.07043           -3.59066       -2.77338         0.11390E+02    0.11390E+02    0
   36   29        43   26       -2.08175          -34.09410      -45.08703         0.17974E+02    0.12935E+02    1
   38   30        46   26       -1.64176          -35.27248      -40.57215         0.34299E+02    0.27513E+02    1
   40   31        49   26        1.22395          -57.98172      -56.94381         0.21147E+03    0.13018E+03    1
   37   30        44   27        0.78418           45.64554       49.23082         0.14657E+02    0.14657E+02    0
   39   31        47   27        0.91186            0.97545        2.87678         0.42496E+02    0.42496E+02    0
   34   29        39   28        0.44799           76.94129       84.60561         0.13051E+01    0.13051E+01    0
   36   30        42   28        0.94275          -12.22214       -1.73685         0.40073E+01    0.40073E+01    0
   38   31        45   28       -1.65066          -35.96633      -50.85238         0.83901E+01    0.74231E+01    1
   40   32        48   28       -0.77899          -28.26411      -31.69746         0.19901E+02    0.19901E+02    0
   42   33        51   28       -0.20582          -28.26044      -28.83523         0.38851E+02    0.38851E+02    0
   31   30        32   29       -0.84491          621.31323      595.09966         0.65648E+00    0.63059E+00    1
   33   31        35   29       -0.55335          203.50887      192.74151         0.20654E+01    0.20556E+01    1
   37   33        41   29        0.29592          -52.40308      -51.82797         0.42144E+02    0.42144E+02    0
   39   34        44   29       -1.86385          -50.28386      -55.12958         0.58654E+02    0.38043E+02    1
   43   36        50   29       -0.93220           12.42720        9.98496         0.94504E+02    0.52064E+02    1
   32   31        33   30        0.14785          408.63804      412.91359         0.72380E+00    0.72380E+00    0
   34   32        36   30        1.52570          152.78034      185.15082         0.19806E+01    0.19217E+01    1
   36   33        39   30       -1.35220          -10.28528      -17.89768         0.10970E+02    0.10970E+02    0
   38   34        42   30       -0.07023         -111.01873     -111.34287         0.17578E+02    0.17578E+02    0
   42   36        48   30       -0.23738          -15.01729      -15.93864         0.30134E+02    0.30134E+02    0
   44   37        51   30       -1.08494           -7.99578       -9.11407         0.22699E+03    0.13313E+03    1
   33   32        34   31        0.30638          573.54792      582.04558         0.70015E+00    0.70015E+00    0
   35   33        37   31       -0.56216          181.85071      173.33550         0.26830E+01    0.26830E+01    0
   37   34        40   31       -0.00840          -79.67370      -79.69593         0.25197E+02    0.22774E+02    1
   39   35        43   31        1.09225         -137.55490     -136.60978         0.14286E+03    0.92129E+02    1
   41   36        46   31       -0.51774          -46.41238      -47.86973         0.34628E+02    0.34628E+02    0
   43   37        49   31       -0.09748          -11.28036      -11.87708         0.19024E+02    0.19024E+02    0
   45   38        52   31       -1.54837           17.16037        4.41962         0.16836E+02    0.16712E+02    1
   34   33        35   32        0.37369          657.43469      668.25479         0.71053E+00    0.71053E+00    0
   36   34        38   32        0.70170           86.92531       93.46144         0.42852E+01    0.42852E+01    0
   38   35        41   32       -2.11510          -83.48766     -105.49959         0.91555E+01    0.57829E+01    1
   40   36        44   32       -2.06889          -68.56001      -79.66150         0.23850E+02    0.14711E+02    1
   42   37        47   32        0.80331            5.31749        6.02153         0.27112E+03    0.11068E+03    1
   44   38        50   32        1.30538          -17.15495      -12.28157         0.31526E+02    0.31526E+02    0
   37   35        39   33       -0.13556           92.93367       91.32697         0.34118E+01    0.33998E+01    1
   39   36        42   33       -1.58064           52.41780       32.13165         0.88014E+01    0.46637E+01    1
   41   37        45   33       -0.09765           37.63040       37.53071         0.14448E+03    0.76202E+02    1
   43   38        48   33       -0.09901           36.46190       36.16441         0.32289E+02    0.32289E+02    0
   45   39        51   33        1.21188            9.57303       15.69369         0.23481E+02    0.23481E+02    0
   36   35        37   34       -2.09919          720.20232      611.43014         0.70884E+00    0.38383E+00    1
   38   36        40   34       -0.10959          122.54256      120.91495         0.27216E+01    0.27216E+01    0
   40   37        43   34        0.83904          -29.80471      -23.94453         0.89766E+01    0.86570E+01    1
   42   38        46   34       -0.20985           27.35218       26.62270         0.22433E+02    0.22433E+02    0
   44   39        49   34       -0.73739          -17.35351      -17.67761         0.22610E+03    0.22610E+03    0
   46   40        52   34       -0.64321           18.86965       18.51275         0.46186E+03    0.21485E+03    1
   37   36        38   35        0.67513          509.02759      528.62647         0.70427E+00    0.70427E+00    0
   43   39        47   35       -3.04160           80.79872       56.35998         0.38211E+02    0.98052E+01    1
   38   37        39   36        0.17629          463.86650      467.31440         0.13549E+01    0.10428E+01    1
   40   38        42   36        0.32826           94.93006       96.72666         0.74506E+01    0.74506E+01    0
   42   39        45   36        0.03825           79.46660       79.54714         0.39592E+02    0.28038E+02    1
   44   40        48   36       -0.75117           42.78337       41.53161         0.47601E+02    0.47601E+02    0
   46   41        51   36        0.07603            6.09121        6.35800         0.28475E+02    0.28475E+02    0
   39   38        40   37       -0.90672          359.14314      343.43478         0.12994E+01    0.11432E+01    1
   41   39        43   37       -0.32984          131.96156      130.47019         0.91248E+01    0.91248E+01    0
   43   40        46   37        1.17791           70.97528       75.02689         0.33009E+02    0.17134E+02    1
   45   41        49   37       -2.16245           -3.04284       -7.41586         0.17541E+03    0.39848E+02    1
   47   42        52   37        0.30417          -31.64526      -31.11812         0.79699E+02    0.58152E+02    1
   40   39        41   38        0.72155           80.18636       85.54792         0.36243E+01    0.28169E+01    1
   42   40        44   38        0.20603          227.21341      228.16503         0.84629E+01    0.84629E+01    0
   44   41        47   38        0.01512            4.75610        4.78064         0.16608E+03    0.36876E+02    1
   46   42        50   38       -0.88034            7.32068        5.76536         0.80770E+02    0.45887E+02    1
   41   40        42   39        0.16950          387.71169      388.92937         0.28256E+01    0.28256E+01    0
   43   41        45   39        0.09360          109.49414      110.01980         0.69512E+01    0.69512E+01    0
   45   42        48   39        0.50817           51.57008       54.30490         0.11281E+02    0.11281E+02    0
   47   43        51   39       -0.21696          -23.54362      -24.50464         0.18130E+02    0.18130E+02    0
   42   41        43   40       -0.87316          171.30469      162.99351         0.30355E+01    0.20905E+01    1
   44   42        46   40       -0.14142          -19.80338      -20.56711         0.10523E+02    0.75195E+01    1
   46   43        49   40        1.06102          -36.95608      -31.63075         0.14614E+02    0.12237E+02    1
   48   44        52   40       -1.10823           13.12862        7.45904         0.18745E+02    0.15381E+02    1
   43   42        44   41       -3.71925          601.15197      419.79432         0.24459E+01    0.41282E+00    1
   45   43        47   41       -0.69107          138.01002      134.44739         0.79002E+01    0.79002E+01    0
   47   44        50   41        0.73070           73.12572       76.44089         0.13287E+02    0.12971E+02    1
   44   43        45   42       -0.59090          166.74887      160.54217         0.42865E+01    0.19047E+01    1
   46   44        48   42        0.30221          235.25273      237.20075         0.60619E+01    0.60619E+01    0
   48   45        51   42       -0.94301           75.20018       71.24196         0.15542E+02    0.13814E+02    1
   45   44        46   43       -0.15868          274.77817      273.54391         0.24850E+01    0.24850E+01    0
   47   45        49   43       -0.08518           72.70304       72.28338         0.79256E+01    0.79256E+01    0
   49   46        52   43        0.47643           27.27724       29.13026         0.15446E+02    0.14887E+02    1
   46   45        47   44        0.22707          276.14296      278.16360         0.28552E+01    0.21872E+01    1
   48   46        50   44        1.20038            7.98377       15.79771         0.83389E+01    0.59336E+01    1
   47   46        48   45        0.30696          189.56635      191.73823         0.27548E+01    0.27548E+01    0
   49   47        51   45        0.70909          137.43202      141.60671         0.67747E+01    0.66347E+01    1
   48   47        49   46       -1.12905          321.04011      301.99969         0.22766E+01    0.11641E+01    1
   50   48        52   46       -0.53576           78.82190       74.83580         0.54379E+01    0.52353E+01    1
   49   48        50   47       -0.67609          338.85121      333.25220         0.23667E+01    0.23667E+01    0
   50   49        51   48        0.41560          156.81809      161.04411         0.19467E+01    0.19467E+01    0
   51   50        52   49       -0.19830          242.89372      239.76720         0.12288E+01    0.12288E+01    0
