    P+   P-        C+   C-  Normalised_Error  Observed_Rho_a  Calculated_Rho_a  Original_Weight  Final_Weight    C
    2    8         4    6       -0.06115          729.75512      728.51883         0.24768E+01    0.24768E+01    0
    2   20         8   14        2.42928          119.35832      167.69797         0.28554E+02    0.69084E+01    1
    2   23         9   16       -0.40747          164.12619      163.70184         0.74853E+03    0.15224E+03    1
    2   26        10   18       -0.14034          156.15221      150.18371         0.42153E+01    0.42153E+01    0
    2   31        13   24       -0.35483           46.35915       44.06372         0.24466E+02    0.24466E+02    0
    2   34        14   26        1.48559           -0.93507        9.81573         0.39800E+02    0.24371E+02    1
    2   37        15   28        0.57661           23.51495       32.83450         0.12190E+02    0.12190E+02    0
    3    6         4    5       -0.08970          747.31480      745.18701         0.96935E+00    0.89855E+00    1
    3    9         5    7        0.04153          500.07847      500.64672         0.31031E+01    0.31031E+01    0
    3   12         6    9       -0.14193          179.15078      177.14511         0.44151E+01    0.44151E+01    0
    3   15         7   11       -1.94469           11.60660      -44.27831         0.67675E+01    0.30546E+01    1
    3   18         8   13        0.61953           46.90961       50.73333         0.19713E+02    0.17921E+02    1
    3   21         9   15       -0.21346           43.41492       43.22958         0.65854E+03    0.15255E+03    1
    3   24        10   17        0.09456           27.38551       31.25139         0.37711E+01    0.37711E+01    0
    3   27        11   19        0.13348           40.86902       41.33606         0.52753E+02    0.49589E+02    1
    3   29        13   23       -0.28890            9.99588        9.54702         0.16074E+03    0.87826E+02    1
    3   32        14   25       -0.72938           10.81973        8.64338         0.64168E+02    0.52134E+02    1
    4    7         5    6       -0.00575         1137.09815     1136.97773         0.11274E+01    0.11274E+01    0
    4   10         6    8       -0.10573          149.54072      148.20126         0.35571E+01    0.32858E+01    1
    4   13         7   10        0.67711          -74.60028      -69.62500         0.95007E+01    0.88702E+01    1
    4   16         8   12       -1.09273           -2.20706      -11.59405         0.19164E+02    0.10399E+02    1
    4   19         9   14       -0.25541           46.57721       45.54333         0.29689E+02    0.27231E+02    1
    4   22        10   16       -0.67495           13.92309       13.34998         0.10000E+04    0.15574E+03    1
    4   28        12   20       -0.69474           16.28456       14.94875         0.10964E+03    0.88736E+02    1
    4   30        14   24       -0.74209            8.38775        3.70705         0.21314E+02    0.21314E+02    0
    4   33        15   26       -0.56080          -18.99987      -19.28048         0.56304E+03    0.30837E+03    1
    4   36        16   28       -0.33404          -12.71601      -22.79603         0.57714E+01    0.57714E+01    0
    4   45        19   30       -2.12453           43.54762       39.89411         0.86739E+03    0.21081E+03    1
    5    8         6    7        0.02885          888.06335      888.50789         0.13305E+01    0.13305E+01    0
    5   14         8   11       -2.30233            4.47417      -95.01020         0.53501E+01    0.15277E+01    1
    5   17         9   13       -0.63720          108.30376      102.24254         0.17580E+02    0.92653E+01    1
    5   20        10   15       -0.20199            0.71048        0.45760         0.18939E+03    0.87856E+02    1
    5   23        11   17       -0.85685           38.39332        8.37476         0.37415E+01    0.37415E+01    0
    5   26        12   19       -0.63799            2.14912        1.61092         0.18403E+03    0.17911E+03    1
    5   31        15   25       -0.93511           11.44608        8.75613         0.74093E+02    0.46807E+02    1
    5   34        16   27       -1.49798           -9.88732      -31.98676         0.10377E+02    0.10377E+02    0
    5   43        19   29        1.09220           21.93870       29.18452         0.51962E+02    0.51962E+02    0
    5   46        20   31        3.87450            4.26345       28.06040         0.10000E+04    0.59063E+02    1
    6    9         7    8       -0.04633          602.90392      602.15394         0.14116E+01    0.14116E+01    0
    6   15         9   12        1.48947           83.71561      109.23184         0.12368E+02    0.39254E+01    1
    6   18        10   14        0.95408           63.21691       73.11714         0.20324E+02    0.85360E+01    1
    6   24        12   18        0.75191           -2.95249       21.69124         0.39621E+01    0.39621E+01    0
    6   27        13   20       -1.60916          -23.73925      -25.35320         0.53634E+03    0.14968E+03    1
    6   29        15   24       -0.01115            6.85952        6.76247         0.13030E+02    0.13030E+02    0
    6   32        16   26       -0.13572           -9.91555      -11.62526         0.10555E+02    0.10555E+02    0
    6   44        20   30        2.11791           23.19126       38.61474         0.77318E+02    0.47520E+02    1
    6   47        21   32        1.85807           19.50287       40.85601         0.61503E+02    0.31728E+02    1
    7   16        10   13       -0.76902          237.63942      232.77133         0.10547E+02    0.10292E+02    1
    7   22        12   17       -0.08278           30.11216       27.60911         0.35503E+01    0.35503E+01    0
    7   25        13   19        1.25735          -33.47634      -27.83704         0.87169E+02    0.28648E+02    1
    7   28        14   21        0.27533            2.00307        2.74018         0.74465E+02    0.55054E+02    1
    7   30        16   25        0.01581           22.74146       22.93369         0.92369E+01    0.92369E+01    0
    7   33        17   27       -3.39322           46.81111       17.10294         0.61629E+02    0.15086E+02    1
    7   42        20   29       -0.22602           44.53967       42.07182         0.29859E+02    0.29859E+02    0
    7   45        21   31       -4.37309           63.61875       46.41064         0.10000E+04    0.87366E+02    1
    7   48        22   33        0.02796           30.67250       30.83294         0.63540E+02    0.63540E+02    0
    8   14        10   12        0.29254           68.22909       70.84272         0.53196E+01    0.48699E+01    1
    8   20        12   16       -0.69126           45.23653       44.05493         0.49471E+02    0.49471E+02    0
    8   26        14   20       -0.11949          -31.01770      -31.17703         0.95515E+02    0.95515E+02    0
    8   31        17   26       -2.92609           14.80222        3.03122         0.56904E+02    0.27649E+02    1
    8   43        21   30        1.47318           18.77918       33.09736         0.76154E+02    0.33753E+02    1
    9   18        12   15       -0.56827          107.60255      106.00450         0.22495E+02    0.22495E+02    0
    9   21        13   17       -0.04838          -21.42976      -22.64683         0.34039E+01    0.34039E+01    0
    9   24        14   19       -0.63796          -53.46274      -54.09139         0.15282E+03    0.10895E+03    1
    9   27        15   21       -1.60823            1.38148      -10.77172         0.48185E+02    0.16781E+02    1
    9   29        17   25        1.09326           12.20163       16.43596         0.29332E+02    0.23508E+02    1
    9   32        18   27       -2.51307           72.48082       25.41383         0.12224E+02    0.59071E+01    1
    9   41        21   29        1.33789            7.04225       27.36813         0.29769E+02    0.20272E+02    1
    9   44        22   31        1.71385           12.49500       21.79380         0.72808E+02    0.60468E+02    1
    9   47        23   33        1.82807           19.45588       32.40849         0.78397E+02    0.48840E+02    1
   10   16        12   14       -0.89351          221.92963      216.96183         0.76948E+01    0.75806E+01    1
   10   19        13   16       -0.31791           29.17010       28.30728         0.23297E+02    0.23297E+02    0
   10   25        15   20        0.48838          -22.98956      -20.42869         0.20257E+02    0.20257E+02    0
   10   28        16   22       -0.54256           -4.82210      -20.07260         0.44720E+01    0.44720E+01    0
   10   30        18   26       -2.63002           50.66202       -0.38387         0.11578E+02    0.45993E+01    1
   10   33        19   28       -0.03576           10.75779       10.44109         0.12477E+02    0.12477E+02    0
   10   42        22   30       -3.34691           19.11603       15.59791         0.74554E+03    0.29712E+03    1
   10   48        24   34       -2.30709           34.24400       18.66613         0.78793E+02    0.51678E+02    1
   11   14        12   13       -0.13510          581.19582      579.99273         0.23082E+01    0.23082E+01    0
   11   17        13   15       -0.15635          109.13803      108.43108         0.94256E+01    0.94256E+01    0
   11   20        14   17       -1.21784           39.29145       -0.88917         0.29360E+01    0.19503E+01    1
   11   23        15   19       -2.70168           23.96551      -28.06701         0.17213E+02    0.45022E+01    1
   11   26        16   21       -1.44785           13.74374      -13.34550         0.82242E+01    0.57197E+01    1
   11   31        19   27        1.33836           63.07674       67.23878         0.60767E+02    0.28773E+02    1
   11   40        22   29       -0.15019            9.73324        8.88203         0.51716E+02    0.51716E+02    0
   11   43        23   31       -0.14189           23.05055       22.39201         0.67366E+02    0.67366E+02    0
   11   46        24   33       -1.66304           28.94216       28.23165         0.10000E+04    0.77150E+03    1
   12   15        13   14       -0.25240         1238.50383     1234.57951         0.17051E+01    0.14158E+01    1
   12   18        14   16       -0.12811          117.60312      116.73676         0.63335E+01    0.63335E+01    0
   12   24        16   20       -0.04218           20.40884       19.78803         0.59092E+01    0.59092E+01    0
   12   27        17   22        0.65045           17.21499       27.79317         0.65036E+01    0.65036E+01    0
   12   29        19   26        0.40005           12.56764       13.29970         0.37102E+02    0.37102E+02    0
   12   32        20   28        0.52073           20.17069       25.19712         0.92480E+01    0.92480E+01    0
   12   41        23   30       -0.05823           25.33234       24.85016         0.35728E+02    0.35728E+02    0
   12   44        24   32       -0.43931           37.24280       35.34364         0.72653E+02    0.72653E+02    0
   12   47        25   34       -1.50127           32.21410       23.33410         0.56391E+02    0.56043E+02    1
   12   50        26   36       -1.47633           34.76845       14.08478         0.26821E+02    0.25013E+02    1
   13   16        14   15       -0.07627          257.99802      257.44264         0.29456E+01    0.29456E+01    0
   13   19        15   17       -0.02500          197.14650      196.64012         0.21216E+01    0.21216E+01    0
   13   22        16   19        0.18383           27.47523       29.69033         0.55023E+01    0.55023E+01    0
   13   25        17   21       -1.33191           82.92925       69.42457         0.19104E+02    0.84263E+01    1
   13   30        20   27       -0.02732          107.14106      107.04533         0.19196E+02    0.19196E+02    0
   13   39        23   29       -0.92651           43.98844       31.81724         0.21108E+02    0.21108E+02    0
   13   42        24   31       -1.38166           41.29505       40.11349         0.52653E+03    0.34701E+03    1
   13   45        25   33       -2.36628           54.66260       39.40132         0.17149E+03    0.48369E+02    1
   14   17        15   16        0.06266          230.69438      231.35132         0.22626E+01    0.20330E+01    1
   14   23        17   20        0.10440           56.46554       57.14074         0.10045E+02    0.10045E+02    0
   14   31        21   28       -0.05937           54.89031       54.35637         0.75210E+01    0.75210E+01    0
   14   40        24   30       -0.97150           41.08697       37.01049         0.66744E+02    0.66744E+02    0
   14   43        25   32        1.16175           25.03970       31.97496         0.49855E+02    0.49855E+02    0
   14   46        26   34        0.10621           34.92474       35.30445         0.88144E+02    0.88144E+02    0
   14   52        28   38        0.84577          -38.97874      -32.92437         0.52811E+02    0.48597E+02    1
   15   18        16   17        0.09253          402.40727      404.31619         0.10712E+01    0.10712E+01    0
   15   21        17   19       -0.15231           42.55289       41.36651         0.60794E+01    0.56278E+01    1
   15   24        18   21       -0.06990           61.78536       61.14587         0.71011E+01    0.71011E+01    0
   15   27        19   23       -0.02689          -10.00254      -10.10113         0.23038E+02    0.23038E+02    0
   15   29        21   27       -0.08509          153.16938      152.77719         0.98308E+01    0.98308E+01    0
   15   38        24   29       -1.57863           43.95752       25.81883         0.27377E+02    0.22868E+02    1
   15   41        25   31       -0.63041           25.44377       25.01443         0.40908E+03    0.40908E+03    0
   15   50        28   37        0.20181          -23.34489      -23.18135         0.85419E+03    0.40808E+03    1
   16   19        17   18       -0.02924          239.42981      238.98705         0.13868E+01    0.13868E+01    0
   16   25        19   22       -0.02469           65.01550       64.75353         0.59198E+01    0.59198E+01    0
   16   28        20   24        0.13769            3.25448        4.31270         0.10969E+02    0.10969E+02    0
   16   30        22   28        0.04019           38.72034       39.02559         0.58880E+01    0.58880E+01    0
   16   39        25   30       -1.30431           26.23950       23.41420         0.12179E+03    0.12179E+03    0
   16   45        27   34       -0.89472           14.73140       12.14223         0.19016E+03    0.10277E+03    1
   16   48        28   36       -0.97996           -6.87914      -18.86362         0.25608E+02    0.25608E+02    0
   17   20        18   19       -0.13758          413.53537      411.41304         0.14577E+01    0.14577E+01    0
   17   23        19   21       -0.13603          194.87404      193.96507         0.64296E+01    0.64296E+01    0
   17   26        20   23       -0.04455           65.01214       64.67913         0.99732E+01    0.86171E+01    1
   17   37        25   29       -2.11317           36.29425        6.89183         0.34274E+02    0.17885E+02    1
   18   21        19   20       -0.12194          448.08593      446.39902         0.15440E+01    0.15304E+01    1
   18   24        20   22       -0.23969          271.10777      267.83398         0.31294E+01    0.31294E+01    0
   19   22        20   21       -0.22878          420.48972      417.63373         0.18145E+01    0.18145E+01    0
   19   25        21   23       -0.05775           63.82753       63.24707         0.42832E+01    0.42832E+01    0
   19   28        22   25       -0.66553           -4.68464       -7.05907         0.18325E+02    0.18325E+02    0
   19   42        28   33        0.35923            4.71519        4.90437         0.53174E+03    0.50539E+03    1
   20   23        21   22       -0.12634          497.80142      495.77191         0.13147E+01    0.13147E+01    0
   20   26        22   24       -0.33354          146.04754      142.85249         0.45469E+01    0.45469E+01    0
   20   37        27   30        1.12098          -19.20148      -13.53517         0.49096E+02    0.48423E+02    1
   20   40        28   32        0.26946            7.29225        8.19592         0.75141E+02    0.75141E+02    0
   21   24        22   23       -0.27001          629.74256      624.61385         0.11834E+01    0.11834E+01    0
   21   27        23   25        0.14213          192.50771      193.62159         0.55373E+01    0.55373E+01    0
   21   38        28   31       -0.73289           -6.93168       -7.52354         0.31682E+03    0.30004E+03    1
   22   25        23   24        0.09352          377.09105      378.28969         0.16148E+01    0.16148E+01    0
   22   28        24   26        0.21710          206.21186      207.87078         0.54963E+01    0.54963E+01    0
   22   36        28   30        2.19928          -33.23765      -19.79281         0.59733E+02    0.40815E+02    1
   22   51        29   40        1.07073            7.48005        7.76473         0.59425E+03    0.58513E+03    1
   23   26        24   25       -0.11389         1137.49906     1135.22612         0.11174E+01    0.11174E+01    0
   23   34        28   29       -1.25773            5.55671      -15.85228         0.27807E+02    0.17995E+02    1
   23   49        29   39        0.12479            2.83245        4.72608         0.88573E+01    0.88573E+01    0
   23   52        30   41       -1.91099           20.43426       11.41946         0.76062E+02    0.32617E+02    1
   24   27        25   26       -0.05473          222.02818      221.40369         0.17793E+01    0.17793E+01    0
   24   47        29   38        2.13171           -7.72958        6.28482         0.49838E+02    0.17109E+02    1
   24   50        30   40       -0.90170            4.81948        3.37484         0.18562E+03    0.82606E+02    1
   25   28        26   27       -0.10550         1026.82963     1025.41805         0.16033E+01    0.16033E+01    0
   25   45        29   37        0.33409           17.35427       17.66559         0.97739E+02    0.97739E+02    0
   25   48        30   39        0.02692           19.69147       20.02496         0.89681E+01    0.89681E+01    0
   25   51        31   41        0.23987           21.60915       21.96034         0.90279E+02    0.90279E+02    0
   26   43        29   36       -0.11997            5.69781        5.16745         0.15450E+02    0.15450E+02    0
   26   46        30   38        0.28930            3.90215        4.50572         0.42569E+02    0.42569E+02    0
   26   49        31   40        0.75278           -6.25689       -5.81262         0.21166E+03    0.18705E+03    1
   27   44        30   37        0.82863           88.51846       90.20646         0.34778E+02    0.32897E+02    1
   27   47        31   39        0.40114           58.84574       63.07102         0.84122E+01    0.84122E+01    0
   28   39        29   34        0.04672           -0.18679        0.07340         0.40091E+01    0.40091E+01    0
   28   42        30   36        0.67362           34.74087       38.34011         0.83414E+01    0.83414E+01    0
   28   45        31   38       -1.97795           47.22546       37.84973         0.21932E+02    0.14123E+02    1
   28   48        32   40       -0.72558            5.88191        4.61632         0.63659E+02    0.50288E+02    1
   28   51        33   42        0.49365            5.83133        7.82915         0.26809E+02    0.26809E+02    0
   29   32        30   31       -0.22581          128.51891      126.42652         0.21114E+01    0.21114E+01    0
   29   35        31   33       -0.38126          192.97520      189.40435         0.63556E+01    0.42708E+01    1
   29   41        33   37        0.26156            6.33585        7.33358         0.21472E+02    0.21472E+02    0
   29   44        34   39       -0.21505          -16.33729      -19.50489         0.67146E+01    0.67146E+01    0
   29   50        36   43        0.23948           34.79593       35.86439         0.30572E+02    0.30572E+02    0
   30   33        31   32       -0.35635          378.34730      375.17264         0.23495E+01    0.23495E+01    0
   30   36        32   34        0.05474           92.12277       92.47454         0.63450E+01    0.63450E+01    0
   30   39        33   36       -0.70711           28.39442       23.92526         0.97716E+01    0.97716E+01    0
   30   42        34   38       -0.40777          -43.44993      -45.47583         0.16328E+02    0.16328E+02    0
   30   48        36   42       -0.24545           13.29259       13.06230         0.12568E+03    0.12466E+03    1
   30   51        37   44        0.57248           11.88538       15.36766         0.22558E+02    0.22558E+02    0
   31   34        32   33       -0.30007          169.48646      166.75686         0.21348E+01    0.21348E+01    0
   31   37        33   35       -1.23057          176.95101      148.28051         0.18446E+01    0.17443E+01    1
   31   40        34   37        0.55443          -17.34878      -15.19727         0.15529E+02    0.15529E+02    0
   31   43        35   39        0.03871          -69.58457      -68.97305         0.50460E+01    0.50460E+01    0
   31   46        36   41       -0.27104          -14.42404      -15.03324         0.43367E+02    0.43367E+02    0
   31   49        37   43       -0.10131           14.96375       13.97576         0.11941E+02    0.11941E+02    0
   31   52        38   45        0.06729           16.93018       17.11488         0.50100E+02    0.50100E+02    0
   32   35        33   34        0.43179          363.67054      368.06114         0.20232E+01    0.20232E+01    0
   32   38        34   36       -0.62119          153.93373      149.88598         0.61256E+01    0.61256E+01    0
   32   41        35   38        0.03015           15.01194       15.24878         0.76602E+01    0.76602E+01    0
   32   44        36   40       -0.92006            5.77581        3.59872         0.57664E+02    0.33361E+02    1
   32   47        37   42       -0.26204           43.08794       41.93353         0.22018E+02    0.22018E+02    0
   32   50        38   44       -0.87253           25.77856       24.69177         0.13765E+03    0.94492E+02    1
   33   39        35   37        0.14116           90.44299       91.46924         0.55428E+01    0.55428E+01    0
   33   42        36   39       -1.09556          100.93977       89.91568         0.63678E+01    0.59482E+01    1
   33   45        37   41        0.61976           40.64286       44.46178         0.12625E+02    0.12625E+02    0
   33   48        38   43        0.02477           54.06626       54.17967         0.21189E+02    0.21189E+02    0
   33   51        39   45       -0.10424           30.67295       30.19638         0.25940E+02    0.25940E+02    0
   34   37        35   36       -1.80494          363.34828      323.85277         0.18021E+01    0.90891E+00    1
   34   40        36   38       -0.15661          162.09210      161.23607         0.73951E+01    0.73951E+01    0
   34   43        37   40       -0.05350           -0.79191       -1.04882         0.12592E+02    0.12592E+02    0
   34   46        38   42       -1.09853           38.01870       37.10939         0.10270E+03    0.94210E+02    1
   34   49        39   44        0.01837           12.32770       12.37637         0.37506E+02    0.37506E+02    0
   34   52        40   46       -0.13792           22.51366       22.33828         0.93748E+02    0.93748E+02    0
   35   38        36   37        0.08537          359.25971      360.07530         0.21399E+01    0.21399E+01    0
   35   47        39   43       -1.99623          109.62547       79.68117         0.14343E+02    0.52520E+01    1
   36   39        37   38        0.19814          279.77958      281.01547         0.32698E+01    0.32698E+01    0
   36   42        38   40       -0.13715           90.75384       90.30662         0.16370E+02    0.12505E+02    1
   36   45        39   42       -0.15524           98.44523       98.08433         0.28771E+02    0.25396E+02    1
   36   48        40   44       -2.09836           77.42437       67.50983         0.55323E+02    0.16788E+02    1
   36   51        41   46       -0.22544           30.80229       30.40770         0.57087E+02    0.57087E+02    0
   37   40        38   39       -0.40534          195.93476      192.97116         0.27089E+01    0.27089E+01    0
   37   43        39   41       -0.49284          119.32556      117.57558         0.11619E+02    0.11619E+02    0
   37   46        40   43       -0.14900          101.47830      100.89800         0.15133E+02    0.15133E+02    0
   37   49        41   45       -0.34397           31.88396       30.79584         0.25473E+02    0.25473E+02    0
   37   52        42   47        0.11009          -10.16593      -10.09946         0.31957E+03    0.16691E+03    1
   38   41        39   40       -0.21225           77.09383       76.52809         0.78528E+01    0.78528E+01    0
   38   44        40   42       -0.13421          215.29122      215.02101         0.19414E+02    0.19414E+02    0
   38   47        41   44       -0.02560           66.35275       66.30148         0.30815E+02    0.29899E+02    1
   38   50        42   46       -0.10320           33.06901       32.84138         0.39919E+02    0.36754E+02    1
   39   42        40   41        0.28586          270.05644      271.61252         0.78676E+01    0.37291E+01    1
   39   45        41   43        0.78803          148.15711      152.08442         0.10841E+02    0.78333E+01    1
   39   48        42   45       -0.06239           65.64146       65.45532         0.20350E+02    0.20350E+02    0
   39   51        43   47       -0.30538           -6.63789       -7.13908         0.63673E+02    0.48933E+02    1
   40   43        41   42       -0.11112          180.68659      180.42723         0.89593E+01    0.85248E+01    1
   40   46        42   44       -0.12847           25.21367       24.89679         0.22471E+02    0.16463E+02    1
   40   49        43   46        0.39585          -22.88304      -21.87509         0.24121E+02    0.24121E+02    0
   40   52        44   48       -0.22827           23.24477       22.90768         0.63011E+02    0.53287E+02    1
   41   44        42   43       -3.06860          510.84759      389.72687         0.54991E+01    0.51000E+00    1
   41   47        43   45       -0.01705           99.11364       99.06038         0.13040E+02    0.13040E+02    0
   41   50        44   47       -0.10689           60.74358       60.59647         0.42760E+02    0.42760E+02    0
   42   45        43   44       -0.30124          160.35189      159.26349         0.98206E+01    0.55374E+01    1
   42   48        44   46        0.10960          183.66854      183.96311         0.14538E+02    0.14538E+02    0
   42   51        45   48       -0.27550           98.73351       98.10363         0.25360E+02    0.25360E+02    0
   43   46        44   45        0.03340          175.57533      175.73101         0.64495E+01    0.41468E+01    1
   43   49        45   47       -0.40989           79.62004       78.73214         0.18025E+02    0.18025E+02    0
   43   52        46   49        0.01557           53.18285       53.20963         0.33660E+02    0.33660E+02    0
   44   47        45   46        0.12789          155.66597      156.12089         0.74500E+01    0.54719E+01    1
   44   50        46   48        0.12968           43.75394       43.98155         0.22006E+02    0.22006E+02    0
   45   48        46   47        0.05526           46.14870       46.26337         0.93933E+01    0.93933E+01    0
   45   51        47   49       -0.06653          114.79708      114.64175         0.18979E+02    0.16729E+02    1
   46   49        47   48       -0.20592          189.84617      189.25604         0.68501E+01    0.68501E+01    0
   46   52        48   50       -0.39915           64.17621       63.23881         0.16585E+02    0.16585E+02    0
   47   50        48   49       -0.19061          168.60247      168.06802         0.69904E+01    0.69904E+01    0
   48   51        49   50        0.14181          127.77350      128.25682         0.58080E+01    0.58080E+01    0
   49   52        50   51       -0.13089          143.44592      142.82302         0.40711E+01    0.40711E+01    0
    6    4         8    2       -0.05614          729.75512      728.51883         0.22741E+01    0.22741E+01    0
   14    8        20    2        2.09498          119.35832      167.69797         0.11602E+02    0.59577E+01    1
   16    9        23    2       -0.03372          164.12619      163.70184         0.12600E+02    0.12600E+02    0
   18   10        26    2       -0.56362          156.15221      150.18371         0.16929E+02    0.16929E+02    0
   24   13        31    2       -0.78818           46.35915       44.06372         0.54345E+02    0.54345E+02    0
   26   14        34    2        1.07948           -0.93507        9.81573         0.17734E+02    0.17708E+02    1
   28   15        37    2        0.71937           23.51495       32.83450         0.15688E+02    0.15208E+02    1
    5    4         6    3       -0.09320          747.31480      745.18701         0.10464E+01    0.93357E+00    1
    7    5         9    3        0.03716          500.07847      500.64672         0.27769E+01    0.27769E+01    0
    9    6        12    3       -0.15411          179.15078      177.14511         0.47941E+01    0.47941E+01    0
   11    7        15    3       -1.91687           11.60660      -44.27831         0.60308E+01    0.30109E+01    1
   13    8        18    3        0.19444           46.90961       50.73333         0.56244E+01    0.56244E+01    0
   15    9        21    3       -0.01757           43.41492       43.22958         0.12556E+02    0.12556E+02    0
   17   10        24    3        0.37727           27.38551       31.25139         0.15046E+02    0.15046E+02    0
   19   11        27    3        0.04452           40.86902       41.33606         0.16540E+02    0.16540E+02    0
   23   13        29    3       -0.09234            9.99588        9.54702         0.28072E+02    0.28072E+02    0
   25   14        32    3       -0.47732           10.81973        8.64338         0.34117E+02    0.34117E+02    0
    6    5         7    4       -0.00486         1137.09815     1136.97773         0.95302E+00    0.95302E+00    0
    8    6        10    4       -0.07197          149.54072      148.20126         0.22367E+01    0.22367E+01    0
   10    7        13    4        0.26264          -74.60028      -69.62500         0.34406E+01    0.34406E+01    0
   12    8        16    4       -0.29474           -2.20706      -11.59405         0.28050E+01    0.28050E+01    0
   14    9        19    4       -0.04909           46.57721       45.54333         0.52340E+01    0.52340E+01    0
   16   10        22    4       -0.02587           13.92309       13.34998         0.59701E+01    0.59701E+01    0
   20   12        28    4       -0.05033           16.28456       14.94875         0.64286E+01    0.64286E+01    0
   24   14        30    4       -0.26017            8.38775        3.70705         0.74723E+01    0.74723E+01    0
   26   15        33    4       -0.01065          -18.99987      -19.28048         0.58589E+01    0.58589E+01    0
   28   16        36    4       -0.47078          -12.71601      -22.79603         0.81340E+01    0.81340E+01    0
   30   19        45    4       -0.07461           43.54762       39.89411         0.74039E+01    0.74039E+01    0
    7    6         8    5        0.02527          888.06335      888.50789         0.11654E+01    0.11654E+01    0
   11    8        14    5       -2.23786            4.47417      -95.01020         0.42626E+01    0.14849E+01    1
   13    9        17    5       -0.35342          108.30376      102.24254         0.51388E+01    0.51388E+01    0
   15   10        20    5       -0.01560            0.71048        0.45760         0.67851E+01    0.67851E+01    0
   17   11        23    5       -1.38361           38.39332        8.37476         0.72227E+01    0.60416E+01    1
   19   12        26    5       -0.03309            2.14912        1.61092         0.92909E+01    0.92909E+01    0
   25   15        31    5       -0.25410           11.44608        8.75613         0.12719E+02    0.12719E+02    0
   27   16        34    5       -1.27159           -9.88732      -31.98676         0.88090E+01    0.88090E+01    0
   29   19        43    5        0.26255           21.93870       29.18452         0.12491E+02    0.12491E+02    0
   31   20        46    5        0.91645            4.26345       28.06040         0.13970E+02    0.13970E+02    0
    8    7         9    6       -0.04545          602.90392      602.15394         0.13848E+01    0.13848E+01    0
   12    9        15    6        1.36654           83.71561      109.23184         0.62092E+01    0.36014E+01    1
   14   10        18    6        0.77668           63.21691       73.11714         0.69798E+01    0.69489E+01    1
   18   12        24    6        2.64073           -2.95249       21.69124         0.56251E+02    0.13915E+02    1
   20   13        27    6       -0.73771          -23.73925      -25.35320         0.68619E+02    0.68619E+02    0
   24   15        29    6       -0.21323            6.85952        6.76247         0.41958E+03    0.24929E+03    1
   26   16        32    6       -0.75674           -9.91555      -11.62526         0.85580E+02    0.58854E+02    1
   30   20        44    6        1.46553           23.19126       38.61474         0.35532E+02    0.32883E+02    1
   32   21        47    6        1.58947           19.50287       40.85601         0.34966E+02    0.27141E+02    1
   13   10        16    7       -0.32072          237.63942      232.77133         0.42924E+01    0.42924E+01    0
   17   12        22    7       -1.36527           30.11216       27.60911         0.58554E+02    0.58554E+02    0
   19   13        25    7        1.22519          -33.47634      -27.83704         0.70849E+02    0.27915E+02    1
   21   14        28    7        0.25710            2.00307        2.74018         0.64928E+02    0.51408E+02    1
   25   16        30    7        0.48525           22.74146       22.93369         0.28358E+03    0.28358E+03    0
   27   17        33    7       -2.96140           46.81111       17.10294         0.34525E+02    0.13166E+02    1
   29   20        42    7       -0.39190           44.53967       42.07182         0.51774E+02    0.51774E+02    0
   31   21        45    7       -3.09531           63.61875       46.41064         0.12066E+03    0.61838E+02    1
   33   22        48    7        0.02291           30.67250       30.83294         0.52071E+02    0.52071E+02    0
   12   10        14    8        0.26374           68.22909       70.84272         0.43904E+01    0.43904E+01    0
   16   12        20    8       -0.89939           45.23653       44.05493         0.72307E+02    0.64367E+02    1
   20   14        26    8       -0.10835          -31.01770      -31.17703         0.86615E+02    0.86615E+02    0
   26   17        31    8       -2.09640           14.80222        3.03122         0.23222E+02    0.19809E+02    1
   30   21        43    8        0.94139           18.77918       33.09736         0.21569E+02    0.21569E+02    0
   15   12        18    9       -0.12505          107.60255      106.00450         0.49500E+01    0.49500E+01    0
   17   13        21    9       -0.12691          -21.42976      -22.64683         0.89286E+01    0.89286E+01    0
   19   14        24    9       -0.06304          -53.46274      -54.09139         0.10766E+02    0.10766E+02    0
   21   15        27    9       -1.09703            1.38148      -10.77172         0.11447E+02    0.11447E+02    0
   25   17        29    9        0.66799           12.20163       16.43596         0.14363E+02    0.14363E+02    0
   27   18        32    9       -2.75678           72.48082       25.41383         0.17701E+02    0.64799E+01    1
   29   21        41    9        1.29437            7.04225       27.36813         0.26081E+02    0.19613E+02    1
   31   22        44    9        0.81787           12.49500       21.79380         0.28856E+02    0.28856E+02    0
   33   23        47    9        1.12398           19.45588       32.40849         0.30029E+02    0.30029E+02    0
   14   12        16   10       -0.65879          221.92963      216.96183         0.55892E+01    0.55892E+01    0
   16   13        19   10       -3.87069           29.17010       28.30728         0.53592E+03    0.28365E+03    1
   20   15        25   10        0.69363          -22.98956      -20.42869         0.28770E+02    0.28770E+02    0
   22   16        28   10       -1.96398           -4.82210      -20.07260         0.23840E+02    0.16188E+02    1
   26   18        30   10       -2.78576           50.66202       -0.38387         0.16658E+02    0.48717E+01    1
   28   19        33   10       -0.08423           10.75779       10.44109         0.29389E+02    0.29389E+02    0
   30   22        42   10       -0.13145           19.11603       15.59791         0.11670E+02    0.11670E+02    0
   34   24        48   10       -0.52304           34.24400       18.66613         0.11716E+02    0.11716E+02    0
   13   12        14   11       -0.12470          581.19582      579.99273         0.21305E+01    0.21305E+01    0
   15   13        17   11       -0.09128          109.13803      108.43108         0.55029E+01    0.55029E+01    0
   17   14        20   11       -1.38460           39.29145       -0.88917         0.81966E+01    0.22173E+01    1
   19   15        23   11       -2.52979           23.96551      -28.06701         0.10173E+02    0.42157E+01    1
   21   16        26   11       -1.64476           13.74374      -13.34550         0.17501E+02    0.64976E+01    1
   27   19        31   11        1.28128           63.07674       67.23878         0.46466E+02    0.27546E+02    1
   29   22        40   11       -2.39158            9.73324        8.88203         0.10000E+04    0.82349E+03    1
   31   23        43   11       -0.28530           23.05055       22.39201         0.13545E+03    0.13545E+03    0
   33   24        46   11       -1.55729           28.94216       28.23165         0.76890E+03    0.72244E+03    1
   14   13        15   12       -0.26031         1238.50383     1234.57951         0.18136E+01    0.14601E+01    1
   16   14        18   12       -0.10910          117.60312      116.73676         0.53936E+01    0.53936E+01    0
   20   16        24   12       -0.52095           20.40884       19.78803         0.17859E+03    0.72985E+02    1
   22   17        27   12        1.40480           17.21499       27.79317         0.32262E+02    0.14046E+02    1
   26   19        29   12        0.25270           12.56764       13.29970         0.23436E+02    0.23436E+02    0
   28   20        32   12        0.88359           20.17069       25.19712         0.15692E+02    0.15692E+02    0
   30   23        41   12       -0.01784           25.33234       24.85016         0.10945E+02    0.10945E+02    0
   32   24        44   12       -0.06394           37.24280       35.34364         0.10574E+02    0.10574E+02    0
   34   25        47   12       -0.27884           32.21410       23.33410         0.10409E+02    0.10409E+02    0
   36   26        50   12       -0.59327           34.76845       14.08478         0.10051E+02    0.10051E+02    0
   15   14        16   13       -0.05746          257.99802      257.44264         0.22190E+01    0.22190E+01    0
   17   15        19   13       -0.06991          197.14650      196.64012         0.59317E+01    0.59317E+01    0
   19   16        22   13        0.57499           27.47523       29.69033         0.17436E+02    0.17210E+02    1
   21   17        25   13       -1.52042           82.92925       69.42457         0.55085E+02    0.96189E+01    1
   27   20        30   13       -0.40034          107.14106      107.04533         0.90785E+03    0.28126E+03    1
   29   23        39   13       -1.29772           43.98844       31.81724         0.29565E+02    0.29565E+02    0
   31   24        42   13       -0.08591           41.29505       40.11349         0.21576E+02    0.21576E+02    0
   33   25        45   13       -1.33802           54.66260       39.40132         0.27350E+02    0.27350E+02    0
   16   15        17   14        0.06227          230.69438      231.35132         0.22345E+01    0.20203E+01    1
   20   17        23   14        0.12922           56.46554       57.14074         0.12433E+02    0.12433E+02    0
   28   21        31   14       -0.78796           54.89031       54.35637         0.10244E+03    0.99826E+02    1
   30   24        40   14       -0.40935           41.08697       37.01049         0.28123E+02    0.28123E+02    0
   32   25        43   14        0.84482           25.03970       31.97496         0.36254E+02    0.36254E+02    0
   34   26        46   14        0.03366           34.92474       35.30445         0.27931E+02    0.27931E+02    0
   38   28        52   14        0.58748          -38.97874      -32.92437         0.33756E+02    0.33756E+02    0
   17   16        18   15        0.13942          402.40727      404.31619         0.16139E+01    0.16139E+01    0
   19   17        21   15       -0.16580           42.55289       41.36651         0.72042E+01    0.61263E+01    1
   21   18        24   15       -0.18035           61.78536       61.14587         0.18322E+02    0.18322E+02    0
   23   19        27   15       -0.05645          -10.00254      -10.10113         0.59419E+02    0.48356E+02    1
   27   21        29   15       -0.14752          153.16938      152.77719         0.17043E+02    0.17043E+02    0
   29   24        38   15       -1.37862           43.95752       25.81883         0.20879E+02    0.19971E+02    1
   31   25        41   15       -0.03528           25.44377       25.01443         0.22894E+02    0.22894E+02    0
   37   28        50   15        0.00966          -23.34489      -23.18135         0.19540E+02    0.19540E+02    0
   18   17        19   16       -0.04735          239.42981      238.98705         0.22455E+01    0.22455E+01    0
   22   19        25   16       -0.06756           65.01550       64.75353         0.20425E+02    0.16197E+02    1
   24   20        28   16        0.32218            3.25448        4.31270         0.54512E+02    0.25665E+02    1
   28   22        30   16        0.10420           38.72034       39.02559         0.15265E+02    0.15265E+02    0
   30   25        39   16       -0.46822           26.23950       23.41420         0.43722E+02    0.43722E+02    0
   34   27        45   16       -0.36181           14.73140       12.14223         0.41560E+02    0.41560E+02    0
   36   28        48   16       -1.11115           -6.87914      -18.86362         0.29036E+02    0.29036E+02    0
   19   18        20   17       -0.10596          413.53537      411.41304         0.11227E+01    0.11227E+01    0
   21   19        23   17       -0.04730          194.87404      193.96507         0.22356E+01    0.22356E+01    0
   23   20        26   17       -0.01513           65.01214       64.67913         0.29272E+01    0.29272E+01    0
   29   25        37   17       -0.42506           36.29425        6.89183         0.35976E+01    0.35976E+01    0
   20   19        21   18       -0.08958          448.08593      446.39902         0.11243E+01    0.11243E+01    0
   22   20        24   18       -0.17100          271.10777      267.83398         0.22326E+01    0.22326E+01    0
   21   20        22   19       -0.23475          420.48972      417.63373         0.18775E+01    0.18618E+01    1
   23   21        25   19       -0.06708           63.82753       63.24707         0.49747E+01    0.49747E+01    0
   25   22        28   19       -0.57758           -4.68464       -7.05907         0.15904E+02    0.15904E+02    0
   33   28        42   19        0.02658            4.71519        4.90437         0.37400E+02    0.37400E+02    0
   22   21        23   20       -0.13589          497.80142      495.77191         0.14837E+01    0.14141E+01    1
   24   22        26   20       -0.38903          146.04754      142.85249         0.53034E+01    0.53034E+01    0
   30   27        37   20        0.81463          -19.20148      -13.53517         0.35189E+02    0.35189E+02    0
   32   28        40   20        0.35589            7.29225        8.19592         0.10737E+03    0.99240E+02    1
   23   22        24   21       -0.27283          629.74256      624.61385         0.11958E+01    0.11958E+01    0
   25   23        27   21        0.15221          192.50771      193.62159         0.59300E+01    0.59300E+01    0
   31   28        38   21       -0.09068           -6.93168       -7.52354         0.37122E+02    0.37122E+02    0
   24   23        25   22        0.08857          377.09105      378.28969         0.15293E+01    0.15293E+01    0
   26   24        28   22        0.13135          206.21186      207.87078         0.33254E+01    0.33254E+01    0
   30   28        36   22        0.66094          -33.23765      -19.79281         0.12266E+02    0.12266E+02    0
   40   29        51   22        0.01679            7.48005        7.76473         0.91764E+01    0.91764E+01    0
   25   24        26   23       -0.11151         1137.49906     1135.22612         0.10941E+01    0.10941E+01    0
   29   28        34   23       -1.30068            5.55671      -15.85228         0.36376E+02    0.18610E+02    1
   39   29        49   23        0.89638            2.83245        4.72608         0.63624E+02    0.63624E+02    0
   41   30        52   23       -1.79543           20.43426       11.41946         0.57109E+02    0.30645E+02    1
   26   25        27   24       -0.04823          222.02818      221.40369         0.15680E+01    0.15680E+01    0
   38   29        47   24        1.69440           -7.72958        6.28482         0.17868E+02    0.13599E+02    1
   40   30        50   24       -0.22111            4.81948        3.37484         0.20256E+02    0.20256E+02    0
   27   26        28   25       -0.10536         1026.82963     1025.41805         0.16013E+01    0.16013E+01    0
   37   29        45   25        0.16508           17.35427       17.66559         0.48295E+02    0.48295E+02    0
   39   30        48   25        0.74096           19.69147       20.02496         0.24688E+03    0.24688E+03    0
   41   31        51   25        0.88454           21.60915       21.96034         0.41543E+03    0.33291E+03    1
   36   29        43   26       -0.29922            5.69781        5.16745         0.38536E+02    0.38536E+02    0
   38   30        46   26        1.06927            3.90215        4.50572         0.22025E+03    0.15734E+03    1
   40   31        49   26        1.14871           -6.25689       -5.81262         0.50012E+03    0.28543E+03    1
   37   30        44   27        0.73187           88.51846       90.20646         0.29055E+02    0.29055E+02    0
   39   31        47   27        1.58300           58.84574       63.07102         0.71770E+02    0.33197E+02    1
   34   29        39   28        0.03305           -0.18679        0.07340         0.28364E+01    0.28364E+01    0
   36   30        42   28        0.47922           34.74087       38.34011         0.59341E+01    0.59341E+01    0
   38   31        45   28       -1.06945           47.22546       37.84973         0.76360E+01    0.76360E+01    0
   40   32        48   28       -0.15163            5.88191        4.61632         0.10509E+02    0.10509E+02    0
   42   33        51   28        0.21117            5.83133        7.82915         0.11469E+02    0.11469E+02    0
   31   30        32   29       -0.20897          128.51891      126.42652         0.19539E+01    0.19539E+01    0
   33   31        35   29       -0.32669          192.97520      189.40435         0.37308E+01    0.36595E+01    1
   37   33        41   29        0.22761            6.33585        7.33358         0.18685E+02    0.18685E+02    0
   39   34        44   29       -0.75501          -16.33729      -19.50489         0.23574E+02    0.23574E+02    0
   43   36        50   29        0.24837           34.79593       35.86439         0.31707E+02    0.31707E+02    0
   32   31        33   30       -0.30231          378.34730      375.17264         0.19932E+01    0.19932E+01    0
   34   32        36   30        0.04880           92.12277       92.47454         0.56567E+01    0.56567E+01    0
   36   33        39   30       -1.13720           28.39442       23.92526         0.16215E+02    0.15715E+02    1
   38   34        42   30       -0.73470          -43.44993      -45.47583         0.29419E+02    0.29419E+02    0
   42   36        48   30       -0.08819           13.29259       13.06230         0.44790E+02    0.44790E+02    0
   44   37        51   30        1.05810           11.88538       15.36766         0.51519E+02    0.41694E+02    1
   33   32        34   31       -0.28054          169.48646      166.75686         0.19959E+01    0.19959E+01    0
   35   33        37   31       -1.78988          176.95101      148.28051         0.62606E+01    0.25371E+01    1
   37   34        40   31        0.70108          -17.34878      -15.19727         0.24594E+02    0.19637E+02    1
   39   35        43   31        0.23270          -69.58457      -68.97305         0.30335E+02    0.30335E+02    0
   41   36        46   31       -0.43792          -14.42404      -15.03324         0.74753E+02    0.70066E+02    1
   43   37        49   31       -1.09431           14.96375       13.97576         0.13684E+03    0.12898E+03    1
   45   38        52   31        0.15944           16.93018       17.11488         0.14271E+03    0.11870E+03    1
   34   33        35   32        0.40917          363.67054      368.06114         0.19172E+01    0.19172E+01    0
   36   34        38   32       -1.23762          153.93373      149.88598         0.12204E+02    0.12204E+02    0
   38   35        41   32        0.09213           15.01194       15.24878         0.24754E+02    0.23412E+02    1
   40   36        44   32       -0.96261            5.77581        3.59872         0.82793E+02    0.34904E+02    1
   42   37        47   32       -0.82874           43.08794       41.93353         0.17533E+03    0.69637E+02    1
   44   38        50   32       -0.53039           25.77856       24.69177         0.57440E+02    0.57440E+02    0
   37   35        39   33        0.18842           90.44299       91.46924         0.73985E+01    0.73985E+01    0
   39   36        42   33       -1.45666          100.93977       89.91568         0.17335E+02    0.79088E+01    1
   41   37        45   33        1.17305           40.64286       44.46178         0.31072E+02    0.23896E+02    1
   43   38        48   33        0.12036           54.06626       54.17967         0.10297E+03    0.10297E+03    0
   45   39        51   33       -0.36119           30.67295       30.19638         0.13017E+03    0.89882E+02    1
   36   35        37   34       -1.87084          363.34828      323.85277         0.20800E+01    0.94209E+00    1
   38   36        40   34       -0.17951          162.09210      161.23607         0.84765E+01    0.84765E+01    0
   40   37        43   34       -0.10176           -0.79191       -1.04882         0.27228E+02    0.23950E+02    1
   42   38        46   34       -1.62509           38.01870       37.10939         0.59990E+03    0.13937E+03    1
   44   39        49   34        0.06315           12.32770       12.37637         0.15998E+03    0.12895E+03    1
   46   40        52   34       -0.35198           22.51366       22.33828         0.23925E+03    0.23925E+03    0
   37   36        38   35        0.04599          359.25971      360.07530         0.11528E+01    0.11528E+01    0
   43   39        47   35       -0.94935          109.62547       79.68117         0.24977E+01    0.24977E+01    0
   38   37        39   36        0.19949          279.77958      281.01547         0.32920E+01    0.32920E+01    0
   40   38        42   36       -0.10681           90.75384       90.30662         0.99295E+01    0.97394E+01    1
   42   39        45   36       -0.08514           98.44523       98.08433         0.13928E+02    0.13928E+02    0
   44   40        48   36       -1.77809           77.42437       67.50983         0.20135E+02    0.14226E+02    1
   46   41        51   36       -0.08100           30.80229       30.40770         0.20511E+02    0.20511E+02    0
   39   38        40   37       -0.56164          195.93476      192.97116         0.39064E+01    0.37534E+01    1
   41   39        43   37       -0.77216          119.32556      117.57558         0.18205E+02    0.18205E+02    0
   43   40        46   37       -0.43067          101.47830      100.89800         0.46996E+02    0.43740E+02    1
   45   41        49   37       -0.71473           31.88396       30.79584         0.77045E+02    0.52931E+02    1
   47   42        52   37        0.05954          -10.16593      -10.09946         0.93466E+02    0.90267E+02    1
   40   39        41   38       -0.20714           77.09383       76.52809         0.76636E+01    0.76636E+01    0
   42   40        44   38       -0.09991          215.29122      215.02101         0.14453E+02    0.14453E+02    0
   44   41        47   38       -0.02356           66.35275       66.30148         0.27508E+02    0.27508E+02    0
   46   42        50   38       -0.10088           33.06901       32.84138         0.38147E+02    0.35929E+02    1
   41   40        42   39        0.24940          270.05644      271.61252         0.45586E+01    0.32535E+01    1
   43   41        45   39        0.58460          148.15711      152.08442         0.58111E+01    0.58111E+01    0
   45   42        48   39       -0.02194           65.64146       65.45532         0.71548E+01    0.71548E+01    0
   47   43        51   39       -0.04725           -6.63789       -7.13908         0.75708E+01    0.75708E+01    0
   42   41        43   40       -0.10704          180.68659      180.42723         0.83136E+01    0.82118E+01    1
   44   42        46   40       -0.14317           25.21367       24.89679         0.27908E+02    0.18347E+02    1
   46   43        49   40        0.58244          -22.88304      -21.87509         0.36311E+02    0.35491E+02    1
   48   44        52   40       -0.15865           23.24477       22.90768         0.37035E+02    0.37035E+02    0
   43   42        44   41       -3.11951          510.84759      389.72687         0.62729E+01    0.51846E+00    1
   45   43        47   41       -0.01951           99.11364       99.06038         0.14918E+02    0.14918E+02    0
   47   44        50   41       -0.05193           60.74358       60.59647         0.20773E+02    0.20773E+02    0
   44   43        45   42       -0.30566          160.35189      159.26349         0.10410E+02    0.56187E+01    1
   46   44        48   42        0.12344          183.66854      183.96311         0.16375E+02    0.16375E+02    0
   48   45        51   42       -0.31557           98.73351       98.10363         0.29233E+02    0.29048E+02    1
   45   44        46   43        0.03141          175.57533      175.73101         0.57042E+01    0.38998E+01    1
   47   45        49   43       -0.24409           79.62004       78.73214         0.10734E+02    0.10734E+02    0
   49   46        52   43        0.00587           53.18285       53.20963         0.12698E+02    0.12698E+02    0
   46   45        47   44        0.13537          155.66597      156.12089         0.83468E+01    0.57919E+01    1
   48   46        50   44        0.11180           43.75394       43.98155         0.18973E+02    0.18973E+02    0
   47   46        48   45        0.04272           46.14870       46.26337         0.72605E+01    0.72605E+01    0
   49   47        51   45       -0.04784          114.79708      114.64175         0.12029E+02    0.12029E+02    0
   48   47        49   46       -0.18664          189.84617      189.25604         0.62087E+01    0.62087E+01    0
   50   48        52   46       -0.28456           64.17621       63.23881         0.11824E+02    0.11824E+02    0
   49   48        50   47       -0.20827          168.60247      168.06802         0.76382E+01    0.76382E+01    0
   50   49        51   48        0.13189          127.77350      128.25682         0.54016E+01    0.54016E+01    0
   51   50        52   49       -0.11277          143.44592      142.82302         0.35075E+01    0.35075E+01    0
