    P+   P-        C+   C-  Normalised_Error  Observed_Rho_a  Calculated_Rho_a  Original_Weight  Final_Weight    C
    2    8         4    6        0.01728          827.34625      827.89674         0.15715E+01    0.15715E+01    0
    2   20         8   14        0.28395          175.30494      198.18368         0.17061E+01    0.17061E+01    0
    2   23         9   16       -1.59305          183.26111      148.71625         0.38131E+02    0.73113E+01    1
    2   26        10   18       -1.12826          162.79772      129.87408         0.76240E+01    0.61433E+01    1
    2   31        13   24       -1.20700           46.51445       20.59074         0.10456E+02    0.73690E+01    1
    2   34        14   26        1.69418          -14.38882        3.48251         0.82942E+02    0.16719E+02    1
    2   37        15   28        0.25805           23.17472       34.47886         0.44975E+01    0.44975E+01    0
    3    6         4    5       -0.17402          963.31148      957.15840         0.60278E+00    0.60278E+00    0
    3    9         5    7        0.02117          534.19197      534.45547         0.34116E+01    0.34116E+01    0
    3   12         6    9        0.21535          208.35733      210.70723         0.57178E+01    0.57178E+01    0
    3   15         7   11       -1.38436          193.44674      121.86909         0.30428E+01    0.16978E+01    1
    3   18         8   13        0.63566           84.13615      113.49923         0.23944E+01    0.23944E+01    0
    3   21         9   15       -0.44156           53.25075       44.24519         0.64946E+01    0.64946E+01    0
    3   24        10   17        1.48768            9.22316       30.07427         0.50074E+02    0.11000E+02    1
    3   27        11   19        0.43474           39.40316       46.12664         0.11219E+02    0.11219E+02    0
    3   29        13   23       -0.39648            7.89967        1.53886         0.85054E+01    0.85054E+01    0
    3   32        14   25       -1.05610            8.22560        1.21225         0.26248E+02    0.23425E+02    1
    4    7         5    6       -0.21086         1365.83358     1360.08416         0.86563E+00    0.86563E+00    0
    4   10         6    8       -0.09403          176.81129      175.44005         0.28543E+01    0.28543E+01    0
    4   13         7   10        1.62777          -35.72881       91.41243         0.23747E+01    0.83444E+00    1
    4   16         8   12       -0.46160           44.07006       34.65628         0.43805E+01    0.43805E+01    0
    4   19         9   14       -0.20196           57.52237       55.98006         0.14434E+02    0.14434E+02    0
    4   22        10   16       -0.35414           12.45290        8.10226         0.10764E+02    0.10764E+02    0
    4   28        12   20       -0.62741            8.93723        7.27909         0.64558E+02    0.64558E+02    0
    4   30        14   24       -1.29291            5.83069       -2.35529         0.58488E+02    0.21233E+02    1
    4   33        15   26        1.64209          -27.68220       -5.96510         0.51841E+02    0.11667E+02    1
    4   36        16   28        0.40401          -14.12830        7.17044         0.33036E+01    0.33036E+01    0
    4   45        19   30       -0.52399           46.53687       27.51472         0.99863E+01    0.99863E+01    0
    5    8         6    7        0.16407         1004.66381     1008.46437         0.88492E+00    0.88492E+00    0
    5   14         8   11       -1.22997           39.44752      -14.93496         0.23754E+01    0.14930E+01    1
    5   17         9   13       -0.27492          128.46159      126.94325         0.15958E+02    0.15958E+02    0
    5   20        10   15       -0.00358           -3.89799       -4.12420         0.17429E+01    0.17429E+01    0
    5   23        11   17       -1.17762           36.05559       15.64907         0.94511E+01    0.75642E+01    1
    5   26        12   19        1.16716          -10.36011       15.26055         0.90789E+01    0.68833E+01    1
    5   31        15   25        0.97917            9.47947       19.61772         0.13510E+02    0.13004E+02    1
    5   34        16   27        0.23547          -13.31263       -2.19608         0.32428E+01    0.32428E+01    0
    5   43        19   29        0.07724           22.03970       23.35034         0.20316E+02    0.20316E+02    0
    5   46        20   31        0.93732           11.71417       29.42189         0.19202E+02    0.19202E+02    0
    6    9         7    8       -0.01647          762.64360      762.23067         0.91119E+00    0.91119E+00    0
    6   15         9   12        0.88100           80.20200      105.17098         0.26340E+01    0.23727E+01    1
    6   18        10   14       -0.46401           41.09678       24.48818         0.24746E+01    0.24746E+01    0
    6   24        12   18        0.55619          -10.43984        4.97323         0.46860E+01    0.46860E+01    0
    6   27        13   20       -0.64494          -35.47013      -48.01485         0.77180E+01    0.77180E+01    0
    6   29        15   24       -0.25174            4.19138        1.33184         0.99888E+01    0.99888E+01    0
    6   32        16   26        0.11504          -17.35844      -13.35008         0.38162E+01    0.38162E+01    0
    6   44        20   30        0.07709           29.37115       30.27333         0.29572E+02    0.29572E+02    0
    6   47        21   32       -0.86397           22.62574       22.16795         0.10000E+04    0.68813E+03    1
    7   16        10   13       -0.26749          260.48317      255.70589         0.40617E+01    0.36481E+01    1
    7   22        12   17       -0.08367           21.18085       19.67333         0.59581E+01    0.59581E+01    0
    7   25        13   19        1.40910          -48.45274      -12.13542         0.10696E+02    0.49853E+01    1
    7   28        14   21        0.92474           -3.54993        6.66673         0.13341E+02    0.13341E+02    0
    7   30        16   25        0.27087           21.00370       30.72422         0.31305E+01    0.31305E+01    0
    7   33        17   27       -1.63171           68.13582       28.91814         0.18315E+02    0.54954E+01    1
    7   42        20   29       -1.39268           63.52590       44.36252         0.54680E+02    0.23694E+02    1
    7   45        21   31       -1.51242           74.83134       30.02435         0.34526E+02    0.11604E+02    1
    7   48        22   33       -1.44437           42.14622       31.30408         0.15694E+03    0.48579E+02    1
    8   14        10   12       -0.00304           75.22447       75.14605         0.16858E+01    0.16858E+01    0
    8   20        12   16        0.03550           34.47566       36.89269         0.12420E+01    0.12420E+01    0
    8   26        14   20        1.08776          -26.21501      -18.14272         0.19922E+02    0.17163E+02    1
    8   31        17   26       -0.72762           15.06704       14.51575         0.19317E+03    0.14680E+03    1
    8   43        21   30        0.09571           22.55494       23.24948         0.45209E+02    0.45209E+02    0
    9   18        12   15        0.13655           75.22285       80.76205         0.15595E+01    0.15595E+01    0
    9   21        13   17       -1.18229           -5.34091      -49.47984         0.33340E+01    0.22935E+01    1
    9   24        14   19        0.90827          -54.75328      -37.50904         0.56549E+01    0.56549E+01    0
    9   27        15   21       -1.43239           63.47377       17.73194         0.88522E+01    0.39711E+01    1
    9   29        17   25       -0.83888           32.57248       29.57340         0.25467E+02    0.25467E+02    0
    9   32        18   27       -1.22571           88.47571       25.89027         0.28177E+01    0.21667E+01    1
    9   41        21   29        0.15550           14.20407       20.16378         0.80358E+01    0.80358E+01    0
    9   44        22   31        1.23194           17.22162       23.90825         0.90971E+02    0.60445E+02    1
    9   47        23   33        1.44044           24.19610       37.44307         0.79693E+02    0.37629E+02    1
   10   16        12   14       -0.53317          216.86330      205.59805         0.19948E+01    0.19948E+01    0
   10   19        13   16       -0.62534           24.04541       16.32847         0.51238E+01    0.51238E+01    0
   10   25        15   20        1.08123           -9.33480        1.31061         0.12376E+02    0.10789E+02    1
   10   28        16   22       -0.82325           22.78809       -1.42409         0.42740E+01    0.42740E+01    0
   10   30        18   26       -1.05027           45.05958        1.21214         0.23827E+01    0.21382E+01    1
   10   33        19   28       -0.03791            6.33665        6.30488         0.13182E+03    0.13182E+03    0
   10   42        22   30       -0.03310           22.30005       22.02588         0.37706E+02    0.37706E+02    0
   10   48        24   34       -1.32585           35.12250       28.36622         0.10030E+03    0.68476E+02    1
   11   14        12   13        0.00505          646.58996      646.71023         0.86299E+00    0.86299E+00    0
   11   17        13   15        0.56318          103.22512      109.08544         0.40956E+01    0.40956E+01    0
   11   20        14   17       -1.30742           92.67895      -33.66951         0.11622E+01    0.66583E+00    1
   11   23        15   19       -1.41164           67.53594       17.61101         0.56715E+01    0.24517E+01    1
   11   26        16   21       -0.31709           43.85903       31.51546         0.27491E+01    0.27491E+01    0
   11   31        19   27        0.78744           55.55651       60.91815         0.13141E+02    0.13141E+02    0
   11   40        22   29        1.30453           14.43524       21.65056         0.12134E+03    0.52992E+02    1
   11   43        23   31       -0.06340           23.22607       22.97846         0.80058E+02    0.80058E+02    0
   11   46        24   33       -0.31374           35.32876       35.04005         0.35818E+03    0.35818E+03    0
   12   15        13   14       -1.05946         1204.03837     1141.37416         0.82896E+00    0.37217E+00    1
   12   18        14   16       -0.24704           83.92042       75.89935         0.13191E+01    0.13191E+01    0
   12   24        16   20       -0.49502           32.99726       11.06906         0.19634E+01    0.19634E+01    0
   12   27        17   22        0.21334           26.14870       27.37049         0.18468E+02    0.18468E+02    0
   12   29        19   26       -0.51768            2.86281       -1.38733         0.82698E+01    0.82698E+01    0
   12   32        20   28        0.89676           13.01361       15.04767         0.39355E+02    0.39355E+02    0
   12   41        23   30       -0.01438           24.82574       24.25451         0.74488E+01    0.74488E+01    0
   12   44        24   32       -0.02126           35.64422       35.48620         0.42259E+02    0.42259E+02    0
   12   47        25   34       -1.15561           31.21208       24.11588         0.66189E+02    0.53983E+02    1
   12   50        26   36       -1.67605           55.79953       23.13418         0.85071E+02    0.17981E+02    1
   13   16        14   15       -0.06213          268.53321      267.44731         0.12273E+01    0.12273E+01    0
   13   19        15   17        0.59559          200.60384      210.73011         0.25271E+01    0.25271E+01    0
   13   22        16   19        0.58214           35.76064       55.22977         0.19824E+01    0.19824E+01    0
   13   25        17   21       -0.86396           98.38219       96.02852         0.44146E+02    0.31361E+02    1
   13   30        20   27       -0.18925           99.43204       98.71243         0.17687E+02    0.17687E+02    0
   13   39        23   29       -0.70463           45.00721       36.85987         0.23982E+02    0.23982E+02    0
   13   42        24   31       -0.07130           39.44694       38.56112         0.23886E+02    0.23886E+02    0
   13   45        25   33       -1.01523           50.72839       34.95305         0.21625E+02    0.20076E+02    1
   14   17        15   16        0.12853          243.13241      245.12296         0.14374E+01    0.13762E+01    1
   14   23        17   20       -0.07772           42.38130       41.81228         0.88736E+01    0.88736E+01    0
   14   31        21   28       -1.09056           47.34537       42.69475         0.22524E+02    0.15862E+02    1
   14   40        24   30        0.28963           38.35930       40.37374         0.40267E+02    0.40267E+02    0
   14   43        25   32        0.70970           23.13746       24.98978         0.11994E+03    0.11403E+03    1
   14   46        26   34       -1.72917           48.08308       32.99784         0.15252E+03    0.36120E+02    1
   14   52        28   38        0.08551          -36.44461      -36.40138         0.10000E+04    0.68822E+03    1
   15   18        16   17        0.22525          386.93018      395.37543         0.58938E+00    0.58938E+00    0
   15   21        17   19       -0.14062           10.70992        8.50529         0.27960E+01    0.27960E+01    0
   15   24        18   21        1.19485           29.78156       94.10008         0.16526E+01    0.12069E+01    1
   15   27        19   23       -0.39221          -14.61987      -18.14126         0.94072E+01    0.94072E+01    0
   15   29        21   27       -0.83572          144.00577      138.11233         0.74991E+01    0.64251E+01    1
   15   38        24   29       -0.37197           39.63957       35.20105         0.22021E+02    0.22021E+02    0
   15   41        25   31       -0.13336           24.13325       19.11988         0.74111E+01    0.74111E+01    0
   15   50        28   37       -0.56838          -17.42811      -20.21660         0.67405E+02    0.67405E+02    0
   16   19        17   18       -0.14393          352.76675      350.48845         0.13264E+01    0.13264E+01    0
   16   25        19   22        0.11137           33.08796       33.82262         0.95217E+01    0.95217E+01    0
   16   28        20   24        0.19463           -3.57566       -2.50402         0.15311E+02    0.15311E+02    0
   16   30        22   28        0.11969           32.36284       32.89022         0.10149E+02    0.10149E+02    0
   16   39        25   30        0.37293           21.62303       25.66870         0.24319E+02    0.24319E+02    0
   16   45        27   34       -0.04814            6.77213        5.61585         0.12382E+02    0.12382E+02    0
   16   48        28   36       -0.70119           -6.77276      -15.49093         0.25188E+02    0.25188E+02    0
   17   20        18   19       -0.33185          391.38738      375.90341         0.48193E+00    0.48193E+00    0
   17   23        19   21       -0.02923          143.67098      143.28686         0.32688E+01    0.32688E+01    0
   17   26        20   23        0.31183           68.47945       70.86834         0.84082E+01    0.84082E+01    0
   17   37        25   29       -0.22944           27.40531       19.69646         0.74066E+01    0.74066E+01    0
   18   21        19   20        0.17264          565.10463      569.49666         0.83217E+00    0.83217E+00    0
   18   24        20   22       -0.31242          287.32950      281.79188         0.24114E+01    0.24114E+01    0
   19   22        20   21        0.29582          467.81723      474.62612         0.10930E+01    0.98411E+00    1
   19   25        21   23        0.39546           21.52488       26.03234         0.37768E+01    0.37768E+01    0
   19   28        22   25       -0.57562          -29.28094      -31.24286         0.19182E+02    0.19182E+02    0
   19   42        28   33       -0.73611            5.04852        4.82711         0.88482E+03    0.88482E+03    0
   20   23        21   22       -0.43396          556.47238      547.15375         0.98350E+00    0.98350E+00    0
   20   26        22   24       -0.16244          126.52415      124.90096         0.43588E+01    0.43588E+01    0
   20   37        27   30        0.41182          -22.95633       -5.73662         0.58538E+01    0.58538E+01    0
   20   40        28   32        0.79219            6.57905        9.82813         0.66420E+02    0.61441E+02    1
   21   24        22   23       -0.19985          784.27335      777.92290         0.70740E+00    0.70740E+00    0
   21   27        23   25        0.38951          170.47926      174.78644         0.39245E+01    0.39245E+01    0
   21   38        28   31        0.49553          -11.15811       -1.22839         0.12092E+02    0.12092E+02    0
   22   25        23   24        0.09125          435.39555      436.95436         0.12116E+01    0.12116E+01    0
   22   28        24   26       -0.32331          162.02649      160.38878         0.82912E+01    0.82912E+01    0
   22   36        28   30        1.17785          -40.58258      -23.51784         0.23728E+02    0.17222E+02    1
   22   51        29   40       -1.46333            6.07558       -0.75175         0.19109E+03    0.33344E+02    1
   23   26        24   25        0.07420         1306.44891     1308.75943         0.71617E+00    0.71617E+00    0
   23   34        28   29       -1.21691          -10.94835      -36.88732         0.25852E+02    0.14371E+02    1
   23   49        29   39        0.12188            1.83562        1.93125         0.18684E+03    0.17131E+03    1
   23   52        30   41       -1.16057           19.60331        5.22371         0.16391E+02    0.12418E+02    1
   24   27        25   26       -0.31249          282.29684      276.42506         0.10805E+01    0.10805E+01    0
   24   47        29   38        1.31727           -9.69203        4.36041         0.16569E+02    0.10544E+02    1
   24   50        30   40       -0.81511            3.22741       -1.34762         0.23579E+02    0.23579E+02    0
   25   28        26   27       -0.28566         1087.84693     1082.67018         0.11838E+01    0.11838E+01    0
   25   45        29   37        0.15035           17.93601       19.35091         0.96777E+01    0.96777E+01    0
   25   48        30   39       -0.05917           16.45881       16.41969         0.27259E+03    0.16807E+03    1
   25   51        31   41        0.00555           19.47656       19.51157         0.20937E+02    0.20937E+02    0
   26   43        29   36        0.66659           -3.63407       -0.12352         0.12969E+02    0.12969E+02    0
   26   46        30   38        0.15999           -3.51886       -3.40372         0.12341E+03    0.12341E+03    0
   26   49        31   40        0.04868           -9.31237       -9.02188         0.18501E+02    0.18501E+02    0
   27   44        30   37       -0.05732           81.49474       81.39455         0.38336E+02    0.38336E+02    0
   27   47        31   39        1.20198           51.48557       57.58753         0.26418E+02    0.17454E+02    1
   28   39        29   34        0.35222            9.65421       12.92342         0.24057E+01    0.24057E+01    0
   28   42        30   36        0.64357           29.22654       31.96493         0.10475E+02    0.10475E+02    0
   28   45        31   38       -1.00810           42.42735       35.27043         0.10086E+02    0.94294E+01    1
   28   48        32   40       -1.14331           -0.48913       -6.42429         0.34693E+02    0.16897E+02    1
   28   51        33   42        0.18877           -0.56829       -0.16947         0.51353E+02    0.51353E+02    0
   29   32        30   31       -0.39681          147.27624      142.44630         0.16073E+01    0.16073E+01    0
   29   35        31   33        0.31416          196.10922      199.82338         0.35529E+01    0.33833E+01    1
   29   41        33   37       -0.00147            1.85910        1.83852         0.58660E+01    0.58660E+01    0
   29   44        34   39       -1.05203          -20.97427      -26.20625         0.40226E+02    0.19888E+02    1
   29   50        36   43       -0.43312           33.34027       32.00742         0.44325E+02    0.44325E+02    0
   30   33        31   32       -0.08926          394.91347      393.72568         0.15729E+01    0.15729E+01    0
   30   36        32   34        0.08182           91.56210       92.22810         0.50092E+01    0.50092E+01    0
   30   39        33   36       -1.01360           12.23683       10.72738         0.44600E+02    0.41472E+02    1
   30   42        34   38       -0.10995          -50.74342      -50.91236         0.59179E+02    0.52797E+02    1
   30   48        36   42       -0.99497           11.47423        5.15691         0.20970E+02    0.18421E+02    1
   30   51        37   44        0.17693            4.41050        6.78560         0.10222E+02    0.10222E+02    0
   31   34        32   33       -0.33586          206.65993      202.14921         0.14459E+01    0.14459E+01    0
   31   37        33   35       -0.61574          176.63793      168.29580         0.29996E+01    0.29996E+01    0
   31   40        34   37       -0.27840          -17.99666      -19.11016         0.15067E+02    0.15067E+02    0
   31   43        35   39       -0.39617          -55.69870      -65.63406         0.31788E+01    0.31788E+01    0
   31   46        36   41       -0.50930          -14.40069      -17.47366         0.16154E+02    0.16154E+02    0
   31   49        37   43        0.37576            7.51433       11.52267         0.10917E+02    0.10917E+02    0
   31   52        38   45       -1.13844            4.32704        0.50688         0.79885E+02    0.40980E+02    1
   32   35        33   34        0.83123          332.51323      347.32254         0.12745E+01    0.11547E+01    1
   32   38        34   36       -1.01931          125.81098      115.17604         0.42983E+01    0.38257E+01    1
   32   41        35   38        0.04365           27.20954       28.52629         0.19949E+01    0.19949E+01    0
   32   44        36   40       -0.18423            6.01066        5.05784         0.15263E+02    0.15263E+02    0
   32   47        37   42        0.32604           32.06490       37.23402         0.61183E+01    0.61183E+01    0
   32   50        38   44       -0.17233           21.82071       21.61071         0.12621E+03    0.96582E+02    1
   33   39        35   37        0.13010          115.70089      117.98171         0.22985E+01    0.22985E+01    0
   33   42        36   39       -0.22269          105.54001      104.19455         0.99064E+01    0.99064E+01    0
   33   45        37   41        1.15476           37.77794       60.67400         0.48072E+01    0.39236E+01    1
   33   48        38   43        1.22474           49.98894       57.85117         0.26153E+02    0.15113E+02    1
   33   51        39   45       -0.29255           21.95320       21.03943         0.37969E+02    0.37969E+02    0
   34   37        35   36       -1.53343          292.50968      200.18938         0.87893E+00    0.33035E+00    1
   34   40        36   38       -0.33278          168.40081      165.27039         0.42971E+01    0.42971E+01    0
   34   43        37   40        1.36022          -18.39466       15.64450         0.53316E+01    0.24162E+01    1
   34   46        38   42       -0.43999           34.27046       32.54630         0.19900E+02    0.19900E+02    0
   34   49        39   44        1.44611            9.65544       16.55875         0.52795E+02    0.20818E+02    1
   34   52        40   46       -0.04709           21.66976       21.53802         0.42618E+02    0.42618E+02    0
   35   38        36   37        0.30273          425.87433      431.29791         0.11412E+01    0.11412E+01    0
   35   47        39   43       -1.61198          121.14985       92.12637         0.10268E+02    0.43756E+01    1
   36   39        37   38        0.76478          221.35478      228.99266         0.20422E+01    0.20422E+01    0
   36   42        38   40        1.34582           73.12447       90.02009         0.11284E+02    0.32481E+01    1
   36   45        39   42       -0.13099          110.13787      109.06140         0.71842E+01    0.71842E+01    0
   36   48        40   44       -0.93437           72.61665       70.35826         0.32819E+02    0.32819E+02    0
   36   51        41   46        0.74059           28.86947       29.84997         0.10597E+03    0.75474E+02    1
   37   40        38   39       -0.63070          201.41006      196.01308         0.23145E+01    0.23145E+01    0
   37   43        39   41       -0.26931          128.23550      126.77063         0.75852E+01    0.75852E+01    0
   37   46        40   43        0.32282          104.31028      105.77158         0.17464E+02    0.13020E+02    1
   37   49        41   45       -1.32052           22.43195       16.81083         0.83466E+02    0.18931E+02    1
   37   52        42   47       -0.04758           -6.02729       -6.09805         0.10946E+03    0.67771E+02    1
   38   41        39   40        0.06267           72.22381       72.71335         0.26797E+01    0.26797E+01    0
   38   44        40   42       -0.50470          216.88127      215.27983         0.12319E+02    0.12319E+02    0
   38   47        41   44        0.42256           61.00598       63.26827         0.11184E+02    0.11184E+02    0
   38   50        42   46       -0.32461           32.80377       32.11710         0.62959E+02    0.38324E+02    1
   39   42        40   41        0.79115          276.71027      283.83328         0.67387E+01    0.22546E+01    1
   39   45        41   43        1.09689          169.05386      183.58841         0.62159E+01    0.29462E+01    1
   39   48        42   45        0.23656           44.74637       45.54129         0.18068E+02    0.18068E+02    0
   39   51        43   47       -0.71320           -4.28185      -10.04000         0.11079E+02    0.99472E+01    1
   40   43        41   42       -0.37717          188.05559      186.26939         0.48266E+01    0.42016E+01    1
   40   46        42   44       -0.08162           23.40016       22.98801         0.13022E+02    0.80417E+01    1
   40   49        43   46       -0.13733          -20.49306      -21.28184         0.10693E+02    0.10693E+02    0
   40   52        44   48        0.03864           27.57101       27.67495         0.40159E+02    0.29250E+02    1
   41   44        42   43       -2.04219          523.86810      435.49562         0.44498E+01    0.46519E+00    1
   41   47        43   45        0.07803           78.05158       78.66529         0.51781E+01    0.51781E+01    0
   41   50        44   47        0.05629           66.86386       67.05849         0.17019E+02    0.17019E+02    0
   42   45        43   44       -1.23825          196.20463      168.70060         0.34063E+01    0.90073E+00    1
   42   48        44   46        0.58195          186.80457      189.71076         0.78246E+01    0.78246E+01    0
   42   51        45   48       -1.17502          122.45487      115.66370         0.21611E+02    0.10032E+02    1
   43   46        44   45        0.98623          150.83358      163.18683         0.40596E+01    0.15432E+01    1
   43   49        45   47        0.03675          119.81038      119.93198         0.14820E+02    0.11801E+02    1
   43   52        46   49        0.05285           52.39465       52.56499         0.17965E+02    0.17965E+02    0
   44   47        45   46        0.36734          223.07798      225.20676         0.41434E+01    0.33586E+01    1
   44   50        46   48        0.42336           44.34957       45.98270         0.10013E+02    0.10013E+02    0
   45   48        46   47       -0.20086           44.93434       44.05005         0.44273E+01    0.44273E+01    0
   45   51        47   49        0.28632           99.24455      100.24796         0.12085E+02    0.11146E+02    1
   46   49        47   48       -0.29066          201.64141      200.23365         0.44070E+01    0.40532E+01    1
   46   52        48   50       -0.35493           60.60863       59.40618         0.11497E+02    0.11497E+02    0
   47   50        48   49       -0.12611          174.62867      174.08387         0.45371E+01    0.45371E+01    0
   48   51        49   50        0.23102          138.08563      139.37176         0.35556E+01    0.35556E+01    0
   49   52        50   51       -0.11963          148.00189      147.03291         0.23919E+01    0.23919E+01    0
    6    4         8    2        0.01892          827.34625      827.89674         0.17208E+01    0.17208E+01    0
   14    8        20    2        1.33750          175.30494      198.18368         0.14440E+02    0.80364E+01    1
   16    9        23    2       -1.33036          183.26111      148.71625         0.10644E+02    0.61057E+01    1
   18   10        26    2       -1.28423          162.79772      129.87408         0.12878E+02    0.69926E+01    1
   24   13        31    2       -1.19434           46.51445       20.59074         0.10024E+02    0.72917E+01    1
   26   14        34    2        0.39738          -14.38882        3.48251         0.39215E+01    0.39215E+01    0
   28   15        37    2        0.26708           23.17472       34.47886         0.46548E+01    0.46548E+01    0
    5    4         6    3       -0.19288          963.31148      957.15840         0.66813E+00    0.66813E+00    0
    7    5         9    3        0.01046          534.19197      534.45547         0.16859E+01    0.16859E+01    0
    9    6        12    3        0.07487          208.35733      210.70723         0.19878E+01    0.19878E+01    0
   11    7        15    3       -1.73386          193.44674      121.86909         0.14001E+02    0.21264E+01    1
   13    8        18    3        0.51679           84.13615      113.49923         0.19466E+01    0.19466E+01    0
   15    9        21    3       -0.80321           53.25075       44.24519         0.11814E+02    0.11814E+02    0
   17   10        24    3        1.20912            9.22316       30.07427         0.13025E+02    0.89402E+01    1
   19   11        27    3        0.95356           39.40316       46.12664         0.24897E+02    0.24609E+02    1
   23   13        29    3       -0.29546            7.89967        1.53886         0.63383E+01    0.63383E+01    0
   25   14        32    3       -0.18639            8.22560        1.21225         0.41342E+01    0.41342E+01    0
    6    5         7    4       -0.15690         1365.83358     1360.08416         0.64410E+00    0.64410E+00    0
    8    6        10    4       -0.06723          176.81129      175.44005         0.20408E+01    0.20408E+01    0
   10    7        13    4        1.82502          -35.72881       91.41243         0.59290E+01    0.93555E+00    1
   12    8        16    4       -0.20798           44.07006       34.65628         0.19737E+01    0.19737E+01    0
   14    9        19    4       -0.67789           57.52237       55.98006         0.48449E+02    0.48449E+02    0
   16   10        22    4       -0.76094           12.45290        8.10226         0.23130E+02    0.23130E+02    0
   20   12        28    4       -1.01918            8.93723        7.27909         0.15225E+03    0.10487E+03    1
   24   14        30    4       -0.26948            5.83069       -2.35529         0.44255E+01    0.44255E+01    0
   26   15        33    4        1.15844          -27.68220       -5.96510         0.10117E+02    0.82309E+01    1
   28   16        36    4        0.82690          -14.12830        7.17044         0.67616E+01    0.67616E+01    0
   30   19        45    4       -1.14972           46.53687       27.51472         0.29765E+02    0.21912E+02    1
    7    6         8    5        0.15042         1004.66381     1008.46437         0.81131E+00    0.81131E+00    0
   11    8        14    5       -1.36021           39.44752      -14.93496         0.35529E+01    0.16511E+01    1
   13    9        17    5       -0.52819          128.46159      126.94325         0.38194E+02    0.30659E+02    1
   15   10        20    5       -0.08277           -3.89799       -4.12420         0.40246E+02    0.40246E+02    0
   17   11        23    5       -1.60891           36.05559       15.64907         0.38217E+02    0.10334E+02    1
   19   12        26    5        1.47496          -10.36011       15.26055         0.35358E+02    0.86985E+01    1
   25   15        31    5        0.87768            9.47947       19.61772         0.11657E+02    0.11657E+02    0
   27   16        34    5        0.54147          -13.31263       -2.19608         0.74570E+01    0.74570E+01    0
   29   19        43    5        0.10038           22.03970       23.35034         0.26401E+02    0.26401E+02    0
   31   20        46    5        0.07872           11.71417       29.42189         0.16127E+01    0.16127E+01    0
    8    7         9    6       -0.01799          762.64360      762.23067         0.99579E+00    0.99579E+00    0
   12    9        15    6        0.98318           80.20200      105.17098         0.48380E+01    0.26479E+01    1
   14   10        18    6       -0.40118           41.09678       24.48818         0.21395E+01    0.21395E+01    0
   18   12        24    6        1.22099          -10.43984        4.97323         0.28301E+02    0.10287E+02    1
   20   13        27    6       -0.45744          -35.47013      -48.01485         0.54742E+01    0.54742E+01    0
   24   15        29    6       -0.18293            4.19138        1.33184         0.72586E+01    0.72586E+01    0
   26   16        32    6        0.26375          -17.35844      -13.35008         0.87495E+01    0.87495E+01    0
   30   20        44    6        0.00434           29.37115       30.27333         0.16632E+01    0.16632E+01    0
   32   21        47    6       -0.01584           22.62574       22.16795         0.12617E+02    0.12617E+02    0
   13   10        16    7       -0.15120          260.48317      255.70589         0.20620E+01    0.20620E+01    0
   17   12        22    7       -1.78333           21.18085       19.67333         0.96949E+03    0.12699E+03    1
   19   13        25    7        1.23368          -48.45274      -12.13542         0.62847E+01    0.43647E+01    1
   21   14        28    7        0.22674           -3.54993        6.66673         0.32710E+01    0.32710E+01    0
   25   16        30    7        0.80308           21.00370       30.72422         0.92812E+01    0.92812E+01    0
   27   17        33    7       -1.40716           68.13582       28.91814         0.92685E+01    0.47391E+01    1
   29   20        42    7       -0.09953           63.52590       44.36252         0.16933E+01    0.16933E+01    0
   31   21        45    7       -1.19875           74.83134       30.02435         0.11703E+02    0.91975E+01    1
   33   22        48    7       -0.59027           42.14622       31.30408         0.19853E+02    0.19853E+02    0
   12   10        14    8       -0.00438           75.22447       75.14605         0.24298E+01    0.24298E+01    0
   16   12        20    8        0.45720           34.47566       36.89269         0.15996E+02    0.15996E+02    0
   20   14        26    8        0.22267          -26.21501      -18.14272         0.35134E+01    0.35134E+01    0
   26   17        31    8       -0.04004           15.06704       14.51575         0.80776E+01    0.80776E+01    0
   30   21        43    8        0.01388           22.55494       23.24948         0.65581E+01    0.65581E+01    0
   15   12        18    9        0.16922           75.22285       80.76205         0.19325E+01    0.19325E+01    0
   17   13        21    9       -1.30470           -5.34091      -49.47984         0.49443E+01    0.25309E+01    1
   19   14        24    9        0.53350          -54.75328      -37.50904         0.33216E+01    0.33216E+01    0
   21   15        27    9       -1.31881           63.47377       17.73194         0.55584E+01    0.36562E+01    1
   25   17        29    9       -0.65293           32.57248       29.57340         0.19822E+02    0.19822E+02    0
   27   18        32    9       -1.16620           88.47571       25.89027         0.25508E+01    0.20615E+01    1
   29   21        41    9        0.21419           14.20407       20.16378         0.11069E+02    0.11069E+02    0
   31   22        44    9        0.63334           17.22162       23.90825         0.31075E+02    0.31075E+02    0
   33   23        47    9        1.29579           24.19610       37.44307         0.52190E+02    0.33850E+02    1
   14   12        16   10       -0.48210          216.86330      205.59805         0.18037E+01    0.18037E+01    0
   16   13        19   10       -0.39083           24.04541       16.32847         0.32023E+01    0.32023E+01    0
   20   15        25   10        0.62290           -9.33480        1.31061         0.62153E+01    0.62153E+01    0
   22   16        28   10       -0.97135           22.78809       -1.42409         0.51972E+01    0.50428E+01    1
   26   18        30   10       -1.09722           45.05958        1.21214         0.26005E+01    0.22338E+01    1
   28   19        33   10       -0.00962            6.33665        6.30488         0.33464E+02    0.33464E+02    0
   30   22        42   10       -0.01843           22.30005       22.02588         0.20996E+02    0.20996E+02    0
   34   24        48   10       -1.02030           35.12250       28.36622         0.57045E+02    0.52695E+02    1
   13   12        14   11        0.00747          646.58996      646.71023         0.12761E+01    0.12761E+01    0
   15   13        17   11        0.36690          103.22512      109.08544         0.26682E+01    0.26682E+01    0
   17   14        20   11       -1.46418           92.67895      -33.66951         0.21488E+01    0.74566E+00    1
   19   15        23   11       -1.38726           67.53594       17.61101         0.49336E+01    0.24094E+01    1
   21   16        26   11       -0.62349           43.85903       31.51546         0.54055E+01    0.54055E+01    0
   27   19        31   11        1.25792           55.55651       60.91815         0.34761E+02    0.20993E+02    1
   29   22        40   11        0.48974           14.43524       21.65056         0.19894E+02    0.19894E+02    0
   31   23        43   11       -0.01506           23.22607       22.97846         0.19010E+02    0.19010E+02    0
   33   24        46   11       -0.01826           35.32876       35.04005         0.20850E+02    0.20850E+02    0
   14   13        15   12       -1.05965         1204.03837     1141.37416         0.83017E+00    0.37223E+00    1
   16   14        18   12       -0.18551           83.92042       75.89935         0.99054E+00    0.99054E+00    0
   20   16        24   12       -1.02925           32.99726       11.06906         0.44581E+01    0.40824E+01    1
   22   17        27   12        0.94153           26.14870       27.37049         0.81505E+02    0.81505E+02    0
   26   19        29   12       -0.99016            2.86281       -1.38733         0.19884E+02    0.15817E+02    1
   28   20        32   12        0.03613           13.01361       15.04767         0.15856E+01    0.15856E+01    0
   30   23        41   12       -0.17946           24.82574       24.25451         0.92944E+02    0.92944E+02    0
   32   24        44   12       -0.01313           35.64422       35.48620         0.26100E+02    0.26100E+02    0
   34   25        47   12       -0.38464           31.21208       24.11588         0.17968E+02    0.17968E+02    0
   36   26        50   12       -1.04687           55.79953       23.13418         0.12474E+02    0.11231E+02    1
   15   14        16   13       -0.04071          268.53321      267.44731         0.80419E+00    0.80419E+00    0
   17   15        19   13        0.47228          200.60384      210.73011         0.20039E+01    0.20039E+01    0
   19   16        22   13        0.96814           35.76064       55.22977         0.33866E+01    0.32969E+01    1
   21   17        25   13       -0.88387           98.38219       96.02852         0.48358E+02    0.32084E+02    1
   27   20        30   13       -0.01647           99.43204       98.71243         0.15396E+01    0.15396E+01    0
   29   23        39   13       -1.33429           45.00721       36.85987         0.64289E+02    0.45412E+02    1
   31   24        42   13       -0.11576           39.44694       38.56112         0.38780E+02    0.38780E+02    0
   33   25        45   13       -0.97008           50.72839       34.95305         0.19744E+02    0.19183E+02    1
   16   15        17   14        0.11185          243.13241      245.12296         0.11976E+01    0.11976E+01    0
   20   17        23   14       -0.60920           42.38130       41.81228         0.69552E+02    0.69552E+02    0
   28   21        31   14       -0.54309           47.34537       42.69475         0.78994E+01    0.78994E+01    0
   30   24        40   14        0.42982           38.35930       40.37374         0.65476E+02    0.59757E+02    1
   32   25        43   14        0.50672           23.13746       24.98978         0.81416E+02    0.81416E+02    0
   34   26        46   14       -1.00378           48.08308       32.99784         0.22331E+02    0.20967E+02    1
   38   28        52   14        0.00080          -36.44461      -36.40138         0.64601E+01    0.64601E+01    0
   17   16        18   15        0.25495          386.93018      395.37543         0.66709E+00    0.66709E+00    0
   19   17        21   15       -0.37331           10.70992        8.50529         0.74228E+01    0.74228E+01    0
   21   18        24   15        1.25416           29.78156       94.10008         0.20061E+01    0.12668E+01    1
   23   19        27   15       -0.75522          -14.61987      -18.14126         0.18114E+02    0.18114E+02    0
   27   21        29   15       -0.51684          144.00577      138.11233         0.39735E+01    0.39735E+01    0
   29   24        38   15       -0.60741           39.63957       35.20105         0.35958E+02    0.35958E+02    0
   31   25        41   15       -0.31998           24.13325       19.11988         0.17782E+02    0.17782E+02    0
   37   28        50   15       -0.04398          -17.42811      -20.21660         0.52159E+01    0.52159E+01    0
   18   17        19   16       -0.15128          352.76675      350.48845         0.13942E+01    0.13942E+01    0
   22   19        25   16        0.17641           33.08796       33.82262         0.15082E+02    0.15082E+02    0
   24   20        28   16        0.01861           -3.57566       -2.50402         0.14637E+01    0.14637E+01    0
   28   22        30   16        0.14431           32.36284       32.89022         0.12237E+02    0.12237E+02    0
   30   25        39   16        0.39623           21.62303       25.66870         0.25839E+02    0.25839E+02    0
   34   27        45   16       -0.46427            6.77213        5.61585         0.12035E+03    0.11942E+03    1
   36   28        48   16       -0.14749           -6.77276      -15.49093         0.52983E+01    0.52983E+01    0
   19   18        20   17       -0.47130          391.38738      375.90341         0.68445E+00    0.68445E+00    0
   21   19        23   17       -0.03584          143.67098      143.28686         0.40082E+01    0.40082E+01    0
   23   20        26   17        0.04910           68.47945       70.86834         0.13240E+01    0.13240E+01    0
   29   25        37   17       -0.51154           27.40531       19.69646         0.16513E+02    0.16513E+02    0
   20   19        21   18        0.20329          565.10463      569.49666         0.97990E+00    0.97990E+00    0
   22   20        24   18       -0.13783          287.32950      281.79188         0.10639E+01    0.10639E+01    0
   21   20        22   19        0.19728          467.81723      474.62612         0.65629E+00    0.65629E+00    0
   23   21        25   19        0.24030           21.52488       26.03234         0.22950E+01    0.22950E+01    0
   25   22        28   19       -0.24570          -29.28094      -31.24286         0.81877E+01    0.81877E+01    0
   33   28        42   19       -0.00492            5.04852        4.82711         0.59106E+01    0.59106E+01    0
   22   21        23   20       -0.38918          556.47238      547.15375         0.88203E+00    0.88203E+00    0
   24   22        26   20       -0.14672          126.52415      124.90096         0.39371E+01    0.39371E+01    0
   30   27        37   20        0.70602          -22.95633       -5.73662         0.10036E+02    0.10036E+02    0
   32   28        40   20        0.07053            6.57905        9.82813         0.54705E+01    0.54705E+01    0
   23   22        24   21       -0.21221          784.27335      777.92290         0.75115E+00    0.75115E+00    0
   25   23        27   21        0.35438          170.47926      174.78644         0.35705E+01    0.35705E+01    0
   31   28        38   21        0.23428          -11.15811       -1.22839         0.57167E+01    0.57167E+01    0
   24   23        25   22        0.08677          435.39555      436.95436         0.11521E+01    0.11521E+01    0
   26   24        28   22       -0.10760          162.02649      160.38878         0.27593E+01    0.27593E+01    0
   30   28        36   22        0.43509          -40.58258      -23.51784         0.63617E+01    0.63617E+01    0
   40   29        51   22       -1.09817            6.07558       -0.75175         0.31314E+02    0.25024E+02    1
   25   24        26   23        0.06905         1306.44891     1308.75943         0.66644E+00    0.66644E+00    0
   29   28        34   23       -0.47469          -10.94835      -36.88732         0.56057E+01    0.56057E+01    0
   39   29        49   23        0.09312            1.83562        1.93125         0.13089E+03    0.13089E+03    0
   41   30        52   23       -1.25935           19.60331        5.22371         0.22725E+02    0.13475E+02    1
   26   25        27   24       -0.31840          282.29684      276.42506         0.11009E+01    0.11009E+01    0
   38   29        47   24        1.59415           -9.69203        4.36041         0.41051E+02    0.12760E+02    1
   40   30        50   24       -0.46850            3.22741       -1.34762         0.13553E+02    0.13553E+02    0
   27   26        28   25       -0.24521         1087.84693     1082.67018         0.10162E+01    0.10162E+01    0
   37   29        45   25        0.40427           17.93601       19.35091         0.26022E+02    0.26022E+02    0
   39   30        48   25       -0.00611           16.45881       16.41969         0.17343E+02    0.17343E+02    0
   41   31        51   25        0.01224           19.47656       19.51157         0.46203E+02    0.46203E+02    0
   36   29        43   26        0.38780           -3.63407       -0.12352         0.75451E+01    0.75451E+01    0
   38   30        46   26        0.09875           -3.51886       -3.40372         0.76174E+02    0.76174E+02    0
   40   31        49   26        0.60872           -9.31237       -9.02188         0.50263E+03    0.23133E+03    1
   37   30        44   27       -0.14693           81.49474       81.39455         0.98268E+02    0.98268E+02    0
   39   31        47   27        1.29378           51.48557       57.58753         0.35462E+02    0.18787E+02    1
   34   29        39   28        0.31366            9.65421       12.92342         0.21423E+01    0.21423E+01    0
   36   30        42   28        0.77066           29.22654       31.96493         0.12543E+02    0.12543E+02    0
   38   31        45   28       -1.08163           42.42735       35.27043         0.14314E+02    0.10117E+02    1
   40   32        48   28       -0.78773           -0.48913       -6.42429         0.11642E+02    0.11642E+02    0
   42   33        51   28        0.21407           -0.56829       -0.16947         0.58238E+02    0.58238E+02    0
   31   30        32   29       -0.35548          147.27624      142.44630         0.14399E+01    0.14399E+01    0
   33   31        35   29        0.17811          196.10922      199.82338         0.19182E+01    0.19182E+01    0
   37   33        41   29       -0.01222            1.85910        1.83852         0.67569E+02    0.48652E+02    1
   39   34        44   29       -1.04379          -20.97427      -26.20625         0.37774E+02    0.19732E+02    1
   43   36        50   29       -0.14439           33.34027       32.00742         0.14777E+02    0.14777E+02    0
   32   31        33   30       -0.08033          394.91347      393.72568         0.14155E+01    0.14155E+01    0
   34   32        36   30        0.08644           91.56210       92.22810         0.52920E+01    0.52920E+01    0
   36   33        39   30       -0.77705           12.23683       10.72738         0.31793E+02    0.31793E+02    0
   38   34        42   30       -0.07155          -50.74342      -50.91236         0.34356E+02    0.34356E+02    0
   42   36        48   30       -0.96369           11.47423        5.15691         0.18454E+02    0.17842E+02    1
   44   37        51   30        0.09438            4.41050        6.78560         0.54524E+01    0.54524E+01    0
   33   32        34   31       -0.35506          206.65993      202.14921         0.15286E+01    0.15286E+01    0
   35   33        37   31       -0.84380          176.63793      168.29580         0.41107E+01    0.41107E+01    0
   37   34        40   31       -2.00981          -17.99666      -19.11016         0.10000E+04    0.10877E+03    1
   39   35        43   31       -0.76434          -55.69870      -65.63406         0.61329E+01    0.61329E+01    0
   41   36        46   31       -1.02055          -14.40069      -17.47366         0.62890E+02    0.32371E+02    1
   43   37        49   31        0.21480            7.51433       11.52267         0.62404E+01    0.62404E+01    0
   45   38        52   31       -0.31159            4.32704        0.50688         0.11216E+02    0.11216E+02    0
   34   33        35   32        0.75334          332.51323      347.32254         0.10469E+01    0.10465E+01    1
   36   34        38   32       -1.12446          125.81098      115.17604         0.93356E+01    0.42203E+01    1
   38   35        41   32        0.15193           27.20954       28.52629         0.69443E+01    0.69443E+01    0
   40   36        44   32       -0.70537            6.01066        5.05784         0.30368E+03    0.58440E+02    1
   42   37        47   32        0.29687           32.06490       37.23402         0.55709E+01    0.55709E+01    0
   44   38        50   32       -0.03099           21.82071       21.61071         0.17370E+02    0.17370E+02    0
   37   35        39   33        0.20282          115.70089      117.98171         0.35834E+01    0.35834E+01    0
   39   36        42   33       -0.62289          105.54001      104.19455         0.36357E+02    0.27710E+02    1
   41   37        45   33        1.18528           37.77794       60.67400         0.50733E+01    0.40273E+01    1
   43   38        48   33        1.00020           49.98894       57.85117         0.13098E+02    0.12342E+02    1
   45   39        51   33       -0.45899           21.95320       21.03943         0.75393E+02    0.59570E+02    1
   36   35        37   34       -1.58458          292.50968      200.18938         0.11428E+01    0.34137E+00    1
   38   36        40   34       -0.54361          168.40081      165.27039         0.70194E+01    0.70194E+01    0
   40   37        43   34        1.24065          -18.39466       15.64450         0.33523E+01    0.22038E+01    1
   42   38        46   34       -0.19233           34.27046       32.54630         0.86990E+01    0.86990E+01    0
   44   39        49   34        1.50562            9.65544       16.55875         0.72897E+02    0.21675E+02    1
   46   40        52   34       -0.04616           21.66976       21.53802         0.41769E+02    0.41769E+02    0
   37   36        38   35        0.36063          425.87433      431.29791         0.13594E+01    0.13594E+01    0
   43   39        47   35       -2.12162          121.14985       92.12637         0.70854E+02    0.57590E+01    1
   38   37        39   36        0.63111          221.35478      228.99266         0.16852E+01    0.16852E+01    0
   40   38        42   36        1.24101           73.12447       90.02009         0.58988E+01    0.29952E+01    1
   42   39        45   36       -0.45475          110.13787      109.06140         0.29781E+02    0.24941E+02    1
   44   40        48   36       -1.10537           72.61665       70.35826         0.58580E+02    0.38825E+02    1
   46   41        51   36        0.04847           28.86947       29.84997         0.49400E+01    0.49400E+01    0
   39   38        40   37       -0.56511          201.41006      196.01308         0.20739E+01    0.20739E+01    0
   41   39        43   37       -0.24609          128.23550      126.77063         0.69310E+01    0.69310E+01    0
   43   40        46   37        0.29940          104.31028      105.77158         0.15022E+02    0.12075E+02    1
   45   41        49   37       -0.38152           22.43195       16.81083         0.54694E+01    0.54694E+01    0
   47   42        52   37       -0.03190           -6.02729       -6.09805         0.49185E+02    0.45430E+02    1
   40   39        41   38        0.09295           72.22381       72.71335         0.56782E+01    0.39743E+01    1
   42   40        44   38       -0.40513          216.88127      215.27983         0.98887E+01    0.98887E+01    0
   44   41        47   38        0.18533           61.00598       63.26827         0.49051E+01    0.49051E+01    0
   46   42        50   38       -0.65321           32.80377       32.11710         0.25495E+03    0.77121E+02    1
   41   40        42   39        0.76040          276.71027      283.83328         0.57505E+01    0.21670E+01    1
   43   41        45   39        1.03639          169.05386      183.58841         0.39478E+01    0.27837E+01    1
   45   42        48   39        0.52140           44.74637       45.54129         0.39822E+02    0.39822E+02    0
   47   43        51   39       -0.77688           -4.28185      -10.04000         0.13914E+02    0.10835E+02    1
   42   41        43   40       -0.21476          188.05559      186.26939         0.23924E+01    0.23924E+01    0
   44   42        46   40       -0.08912           23.40016       22.98801         0.15526E+02    0.87808E+01    1
   46   43        49   40       -0.24063          -20.49306      -21.28184         0.18736E+02    0.18736E+02    0
   48   44        52   40        0.02404           27.57101       27.67495         0.18201E+02    0.18201E+02    0
   43   42        44   41       -2.04601          523.86810      435.49562         0.45167E+01    0.46605E+00    1
   45   43        47   41        0.13475           78.05158       78.66529         0.10382E+02    0.89423E+01    1
   47   44        50   41        0.08813           66.86386       67.05849         0.26647E+02    0.26647E+02    0
   44   43        45   42       -1.32837          196.20463      168.70060         0.59755E+01    0.96629E+00    1
   46   44        48   42        0.79132          186.80457      189.71076         0.10640E+02    0.10640E+02    0
   48   45        51   42       -0.80819          122.45487      115.66370         0.69002E+01    0.69002E+01    0
   45   44        46   43        0.98968          150.83358      163.18683         0.41745E+01    0.15486E+01    1
   47   45        49   43        0.02051          119.81038      119.93198         0.65868E+01    0.65868E+01    0
   49   46        52   43        0.03078           52.39465       52.56499         0.10463E+02    0.10463E+02    0
   46   45        47   44        0.34602          223.07798      225.20676         0.36765E+01    0.31637E+01    1
   48   46        50   44        0.45417           44.34957       45.98270         0.11166E+02    0.10742E+02    1
   47   46        48   45       -0.22684           44.93434       44.05005         0.50000E+01    0.50000E+01    0
   49   47        51   45        0.16531           99.24455      100.24796         0.64350E+01    0.64350E+01    0
   48   47        49   46       -0.25414          201.64141      200.23365         0.35439E+01    0.35439E+01    0
   50   48        52   46       -0.20402           60.60863       59.40618         0.66088E+01    0.66088E+01    0
   49   48        50   47       -0.11868          174.62867      174.08387         0.42697E+01    0.42697E+01    0
   50   49        51   48        0.21850          138.08563      139.37176         0.33628E+01    0.33628E+01    0
   51   50        52   49       -0.10640          148.00189      147.03291         0.21273E+01    0.21273E+01    0
