    P+   P-        C+   C-  Normalised_Error  Observed_Rho_a  Calculated_Rho_a  Original_Weight  Final_Weight    C
    2    8         4    6        0.03754          812.42938      813.11732         0.27328E+01    0.27328E+01    0
    2   20         8   14        0.54604          148.47263      154.43816         0.12583E+02    0.12583E+02    0
    2   23         9   16       -1.88134          175.74910      140.88269         0.24065E+02    0.85547E+01    1
    2   26        10   18       -0.48037          173.37165      132.56247         0.21102E+01    0.21102E+01    0
    2   31        13   24       -0.85052           47.89117       33.79752         0.95513E+01    0.95513E+01    0
    2   34        14   26        2.09231          -15.80202       27.03464         0.21915E+02    0.86143E+01    1
    2   37        15   28        1.39818           23.51543       56.26661         0.90643E+01    0.84109E+01    1
    3    6         4    5       -0.21812          947.65687      943.43077         0.11001E+01    0.11001E+01    0
    3    9         5    7        0.11430          568.16544      569.64808         0.32735E+01    0.32735E+01    0
    3   12         6    9       -0.19716          211.70181      207.99049         0.33144E+01    0.33144E+01    0
    3   15         7   11       -2.02181          148.26253       24.97519         0.41751E+01    0.14395E+01    1
    3   18         8   13        1.30523           92.85626       99.76513         0.23755E+02    0.20896E+02    1
    3   21         9   15       -0.60048           58.32858       56.83482         0.53246E+02    0.53246E+02    0
    3   24        10   17        0.37136           23.28982       36.32624         0.43918E+01    0.43918E+01    0
    3   27        11   19       -1.23345           45.73066       34.34630         0.20857E+02    0.18800E+02    1
    3   29        13   23       -0.71609            9.40965        4.24716         0.18928E+02    0.18928E+02    0
    3   32        14   25        2.11841            8.49959       20.12278         0.12477E+03    0.28352E+02    1
    4    7         5    6       -0.21998         1358.47007     1354.79535         0.14129E+01    0.14129E+01    0
    4   10         6    8        0.24985          195.33403      197.58799         0.46966E+01    0.46141E+01    1
    4   13         7   10        0.22204          -31.31820      -30.68025         0.22685E+02    0.22685E+02    0
    4   16         8   12       -0.39465           40.04387       39.54714         0.13699E+03    0.70976E+02    1
    4   19         9   14       -0.87008           69.87493       67.62533         0.43520E+02    0.42633E+02    1
    4   22        10   16        1.38483           18.47053       26.60388         0.26699E+02    0.22517E+02    1
    4   28        12   20        1.73479           15.16783       22.42177         0.86866E+02    0.40803E+02    1
    4   30        14   24       -1.00673            6.37998        6.18434         0.10000E+04    0.69178E+03    1
    4   33        15   26        2.23777          -27.37402       12.48526         0.45711E+02    0.86629E+01    1
    4   36        16   28        1.88044          -12.05797       28.89790         0.16170E+02    0.79964E+01    1
    4   45        19   30       -1.09432           44.10181       32.38654         0.33864E+02    0.33864E+02    0
    5    8         6    7        0.23509         1038.99730     1042.18263         0.15129E+01    0.15129E+01    0
    5   14         8   11       -1.76225           51.20116        4.47510         0.40837E+01    0.24896E+01    1
    5   17         9   13       -0.88578          150.60442      143.19277         0.14955E+02    0.10533E+02    1
    5   20        10   15        0.23945            1.50614        1.94141         0.60509E+02    0.60509E+02    0
    5   23        11   17       -1.54590           42.02895      -16.28264         0.42813E+01    0.34750E+01    1
    5   26        12   19        1.91674            0.17423       25.65993         0.23359E+02    0.11364E+02    1
    5   31        15   25        1.59668            8.04236       21.67477         0.22231E+02    0.15770E+02    1
    5   34        16   27        1.28167          -13.94289       15.09024         0.67584E+01    0.67584E+01    0
    5   43        19   29        1.08158           20.66142       28.67920         0.46502E+02    0.46502E+02    0
    5   46        20   31        1.87590            8.39156       25.05100         0.68049E+02    0.40848E+02    1
    6    9         7    8       -0.20207          756.53809      753.70233         0.16284E+01    0.16284E+01    0
    6   15         9   12        2.19649          104.66047      134.17150         0.16198E+02    0.50051E+01    1
    6   18        10   14       -0.39692           52.25894       50.79613         0.24035E+02    0.24035E+02    0
    6   24        12   18        0.41937            4.33611       26.70746         0.24343E+01    0.24343E+01    0
    6   27        13   20       -1.04217          -31.08813      -43.06264         0.13066E+02    0.13066E+02    0
    6   29        15   24       -0.04344            3.61276        3.29528         0.15525E+02    0.15525E+02    0
    6   32        16   26        1.40151          -19.57444       -7.05993         0.16260E+02    0.14892E+02    1
    6   44        20   30        0.55885           26.51329       31.05168         0.42613E+02    0.42613E+02    0
    6   47        21   32        0.50999           19.00088       27.86195         0.20985E+02    0.20985E+02    0
    7   16        10   13       -0.96469          268.05902      257.46449         0.10751E+02    0.59325E+01    1
    7   22        12   17       -0.16849           32.24632       28.09382         0.43559E+01    0.43559E+01    0
    7   25        13   19        1.77819          -42.90825      -13.59146         0.10258E+02    0.77933E+01    1
    7   28        14   21        0.33004            1.90903        5.30933         0.14306E+02    0.14306E+02    0
    7   30        16   25        0.04726           17.66825       18.06512         0.13376E+02    0.13376E+02    0
    7   33        17   27       -0.06147           47.53749       46.86952         0.12154E+02    0.12154E+02    0
    7   42        20   29       -1.40260           50.74576       42.12433         0.60948E+02    0.53041E+02    1
    7   45        21   31       -2.14056           68.19666       31.39195         0.76186E+02    0.19995E+02    1
    7   48        22   33       -0.86280           33.49598       32.63366         0.36487E+03    0.36487E+03    0
    8   14        10   12        0.30264           78.44975       81.64875         0.44419E+01    0.41162E+01    1
    8   20        12   16       -1.06981           38.34863       32.42631         0.16772E+02    0.15276E+02    1
    8   26        14   20       -0.18744          -26.29294      -29.38646         0.77176E+01    0.77176E+01    0
    8   31        17   26       -0.00379            6.30948        6.27616         0.12643E+02    0.12643E+02    0
    8   43        21   30       -0.07203           19.00758       17.62186         0.17053E+02    0.17053E+02    0
    9   18        12   15       -0.23479           89.23383       88.38089         0.17414E+02    0.17414E+02    0
    9   21        13   17       -1.52137          -16.60237      -65.86911         0.31254E+01    0.26440E+01    1
    9   24        14   19        1.22537          -54.10195      -41.06357         0.10205E+02    0.10090E+02    1
    9   27        15   21       -1.60974           36.07121       -1.51624         0.67269E+01    0.54309E+01    1
    9   29        17   25        0.94449           14.96452       17.95366         0.28769E+02    0.28769E+02    0
    9   32        18   27       -1.49912           66.94415       23.03836         0.43397E+01    0.37774E+01    1
    9   41        21   29        0.88139            8.28032       18.66513         0.26140E+02    0.26140E+02    0
    9   44        22   31        0.41463           13.30103       17.00034         0.36772E+02    0.36772E+02    0
    9   47        23   33        1.04087           20.00485       32.44590         0.28952E+02    0.28952E+02    0
   10   16        12   14       -0.54569          233.86575      231.45417         0.10010E+02    0.95370E+01    1
   10   19        13   16       -0.17032           22.28764       21.64259         0.16695E+02    0.16695E+02    0
   10   25        15   20        1.32165           -9.36774        7.50627         0.88326E+01    0.83197E+01    1
   10   28        16   22       -1.35077           14.41497       -5.55362         0.89387E+01    0.85029E+01    1
   10   30        18   26       -2.02564           35.63958      -13.51999         0.76241E+01    0.36783E+01    1
   10   33        19   28        1.44917            4.91461       13.17277         0.22447E+02    0.19391E+02    1
   10   42        22   30       -0.75409           19.69627       19.46075         0.10000E+04    0.10000E+04    0
   10   48        24   34       -0.40840           35.36402       24.53558         0.13161E+02    0.13161E+02    0
   11   14        12   13        0.16675          701.22712      702.39904         0.29247E+01    0.29247E+01    0
   11   17        13   15        0.36722           89.52162       91.70345         0.82432E+01    0.71730E+01    1
   11   20        14   17       -1.97298           53.64250      -31.96042         0.36024E+01    0.14830E+01    1
   11   23        15   19       -1.90949           74.48007       29.88878         0.80057E+01    0.37131E+01    1
   11   26        16   21       -0.16799           38.77003       36.29725         0.72700E+01    0.72700E+01    0
   11   31        19   27        1.58282           50.84691       68.71636         0.98069E+01    0.79257E+01    1
   11   40        22   29        2.03010           11.41244       28.98886         0.80788E+02    0.33853E+02    1
   11   43        23   31        0.56487           24.51421       25.83312         0.13390E+03    0.13390E+03    0
   11   46        24   33        0.13215           33.96168       34.39815         0.99795E+02    0.99795E+02    0
   12   15        13   14       -1.16065         1218.35710     1192.55636         0.17180E+01    0.99025E+00    1
   12   18        14   16       -0.00992           84.22732       84.15522         0.58955E+01    0.58955E+01    0
   12   24        16   20       -0.89929           25.99120        9.13370         0.46398E+01    0.46398E+01    0
   12   27        17   22        1.84413           23.50383       51.36393         0.93898E+01    0.70010E+01    1
   12   29        19   26       -0.09866           -2.32127       -3.02822         0.94753E+01    0.94753E+01    0
   12   32        20   28       -0.20740           16.16386       14.26117         0.97304E+01    0.97304E+01    0
   12   41        23   30        0.30491           24.01255       29.81838         0.15537E+02    0.15537E+02    0
   12   44        24   32       -0.19743           39.03439       36.53180         0.24778E+02    0.24778E+02    0
   12   47        25   34        0.21377           31.82945       33.29221         0.48444E+02    0.48444E+02    0
   12   50        26   36       -1.55816           58.00355       25.55817         0.20421E+02    0.16829E+02    1
   13   16        14   15       -0.01472          289.31677      289.24592         0.44568E+01    0.44568E+01    0
   13   19        15   17        0.15445          181.49542      183.86670         0.27986E+01    0.27986E+01    0
   13   22        16   19       -0.00871           28.02130       27.95097         0.82148E+01    0.82148E+01    0
   13   25        17   21       -1.23873          102.13390       96.59018         0.39817E+02    0.19091E+02    1
   13   30        20   27       -0.90657           98.75215       95.17096         0.17025E+02    0.17025E+02    0
   13   39        23   29       -0.05620           44.46294       43.95649         0.30771E+02    0.30771E+02    0
   13   42        24   31       -0.49498           44.17119       35.04339         0.16092E+02    0.16092E+02    0
   13   45        25   33       -0.80415           59.30641       43.45226         0.15823E+02    0.15823E+02    0
   14   17        15   16        0.12002          258.68810      260.00300         0.20414E+01    0.19455E+01    1
   14   23        17   20       -0.03749           48.04342       47.52404         0.46889E+01    0.46889E+01    0
   14   31        21   28       -0.03920           46.91716       46.44197         0.55795E+01    0.55795E+01    0
   14   40        24   30       -0.09976           40.64914       37.28321         0.83003E+01    0.83003E+01    0
   14   43        25   32        0.23852           25.99708       32.94150         0.10222E+02    0.10222E+02    0
   14   46        26   34        0.00098           46.56338       46.58319         0.15558E+02    0.15558E+02    0
   14   52        28   38        0.47661          -37.79142      -15.94093         0.75879E+01    0.75879E+01    0
   15   18        16   17        0.24189          325.73837      330.04847         0.12402E+01    0.12402E+01    0
   15   21        17   19       -0.08486            0.99695        0.13973         0.43396E+01    0.43396E+01    0
   15   24        18   21        0.29986           40.90687       46.65682         0.33881E+01    0.33881E+01    0
   15   27        19   23       -0.01983          -15.24815      -15.44648         0.84442E+01    0.84442E+01    0
   15   29        21   27       -0.02968          144.47337      144.17085         0.44456E+01    0.44456E+01    0
   15   38        24   29       -0.34462           43.29829       34.70726         0.10540E+02    0.10540E+02    0
   15   41        25   31       -0.30746           28.73266       23.04201         0.15053E+02    0.15053E+02    0
   15   50        28   37        0.46539          -18.51232       -4.71861         0.11157E+02    0.11157E+02    0
   16   19        17   18        0.13742          398.65218      401.06902         0.11939E+01    0.11939E+01    0
   16   25        19   22       -0.07966           45.41068       44.74506         0.75171E+01    0.75171E+01    0
   16   28        20   24        0.24274          -11.04096       -9.37799         0.12305E+02    0.12305E+02    0
   16   30        22   28        0.12203           36.26378       37.11329         0.64234E+01    0.64234E+01    0
   16   39        25   30        0.23362           26.17323       28.45344         0.27030E+02    0.27030E+02    0
   16   45        27   34       -0.20557           18.20445       16.25158         0.31306E+02    0.31306E+02    0
   16   48        28   36        0.25941           -7.14804       -7.03942         0.10000E+04    0.74793E+03    1
   17   20        18   19       -0.53592          353.22155      344.23747         0.13414E+01    0.13414E+01    0
   17   23        19   21       -0.31204          155.04404      151.08250         0.33840E+01    0.33840E+01    0
   17   26        20   23        0.97621           56.36910       66.84077         0.60049E+01    0.60049E+01    0
   17   37        25   29       -0.42980           34.82851       22.54932         0.87105E+01    0.87105E+01    0
   18   21        19   20       -0.03286          632.25441      631.70329         0.12624E+01    0.12624E+01    0
   18   24        20   22        0.24288          297.61112      301.74140         0.25135E+01    0.25135E+01    0
   19   22        20   21        0.33374          511.11617      514.81805         0.20421E+01    0.20421E+01    0
   19   25        21   23        0.71595           20.56602       25.80087         0.64702E+01    0.58876E+01    1
   19   28        22   25       -0.41557          -40.16731      -41.06306         0.30332E+02    0.30332E+02    0
   19   42        28   33        1.09708            3.74018       12.19565         0.34532E+02    0.34532E+02    0
   20   23        21   22       -0.19835          595.77538      593.67000         0.19897E+01    0.19897E+01    0
   20   26        22   24        0.29180          124.09787      125.95286         0.88925E+01    0.68516E+01    1
   20   37        27   30        0.06402          -23.05681      -22.26585         0.19812E+02    0.19812E+02    0
   20   40        28   32        0.12835            6.61489        9.30130         0.12040E+02    0.12040E+02    0
   21   24        22   23       -0.68766          860.16601      848.54494         0.13301E+01    0.13301E+01    0
   21   27        23   25        0.07161          188.46652      189.00096         0.58152E+01    0.58152E+01    0
   21   38        28   31       -0.95787          -10.06239      -15.11191         0.45963E+02    0.45963E+02    0
   22   25        23   24        0.27239          445.06377      447.74740         0.21007E+01    0.21007E+01    0
   22   28        24   26       -0.44758          191.51519      188.61119         0.64730E+01    0.64730E+01    0
   22   36        28   30        0.13368          -40.46382      -40.00782         0.73149E+02    0.73149E+02    0
   22   51        29   40       -1.49568            6.89590       -3.91999         0.38596E+02    0.21513E+02    1
   23   26        24   25        0.15541         1394.90031     1397.46947         0.13490E+01    0.13490E+01    0
   23   34        28   29       -2.64244          -14.72573      -47.97686         0.13010E+03    0.24343E+02    1
   23   49        29   39       -0.01558            0.47905        0.01850         0.45457E+01    0.45457E+01    0
   23   52        30   41       -1.82989           18.69271        4.01450         0.38155E+02    0.19182E+02    1
   24   27        25   26       -0.40132          279.99665      275.83591         0.19583E+01    0.19583E+01    0
   24   47        29   38        2.13357          -12.35656        6.12818         0.26953E+02    0.12982E+02    1
   24   50        30   40       -1.51242            1.04611       -4.56678         0.10507E+03    0.35661E+02    1
   25   28        26   27       -0.38367         1128.72005     1123.69104         0.16367E+01    0.16367E+01    0
   25   45        29   37       -1.35484           16.53483       15.36054         0.19795E+03    0.10508E+03    1
   25   48        30   39       -0.15295           13.74677       10.14439         0.47177E+01    0.47177E+01    0
   25   51        31   41        0.09884           16.97255       17.23021         0.50703E+02    0.50703E+02    0
   26   43        29   36       -0.21592           -7.74321       -7.90182         0.10284E+03    0.92986E+02    1
   26   46        30   38       -0.03209           -6.82491       -6.94909         0.22952E+02    0.22952E+02    0
   26   49        31   40        1.90835          -15.10100      -10.20382         0.63122E+02    0.43018E+02    1
   27   44        30   37        0.60650           81.23705       81.36389         0.46414E+03    0.32043E+03    1
   27   47        31   39        0.78114           48.60258       62.59101         0.49481E+01    0.49481E+01    0
   28   39        29   34        1.18386           22.06733       28.63548         0.76415E+01    0.40245E+01    1
   28   42        30   36       -1.03507           32.69698       31.36771         0.34705E+02    0.34705E+02    0
   28   45        31   38       -1.28621           43.23942       39.61029         0.26590E+02    0.23726E+02    1
   28   48        32   40       -2.10675            0.00149       -8.86757         0.87283E+02    0.20836E+02    1
   28   51        33   42        1.92605           -1.43400        6.88500         0.68048E+02    0.25120E+02    1
   29   32        30   31       -0.36541          199.84855      197.14483         0.26442E+01    0.26442E+01    0
   29   35        31   33       -1.20958          189.26627      180.92180         0.84088E+01    0.57982E+01    1
   29   41        33   37        1.12034            2.49224        5.96961         0.26388E+02    0.26388E+02    0
   29   44        34   39       -0.02004          -22.25401      -22.80894         0.35724E+01    0.35724E+01    0
   29   50        36   43       -0.48090           31.37799       31.19988         0.10000E+04    0.36828E+03    1
   30   33        31   32       -0.14394          404.79134      403.84610         0.31874E+01    0.31874E+01    0
   30   36        32   34       -0.23402          102.29102      101.92340         0.25956E+02    0.25956E+02    0
   30   39        33   36       -1.55684           11.57598        6.33888         0.38867E+02    0.18359E+02    1
   30   42        34   38        0.27489          -51.95209      -51.00289         0.23493E+02    0.23493E+02    0
   30   48        36   42       -1.02924           10.47803        7.39490         0.40144E+02    0.39044E+02    1
   30   51        37   44        0.12521            1.86498        2.50124         0.27003E+02    0.27003E+02    0
   31   34        32   33        0.03220          262.36320      262.63671         0.22864E+01    0.22864E+01    0
   31   37        33   35       -1.68058          215.02596      121.84303         0.98369E+00    0.73295E+00    1
   31   40        34   37        1.89927          -15.22056       10.37958         0.72454E+01    0.44708E+01    1
   31   43        35   39        0.10633          -75.20407      -72.10050         0.27313E+01    0.27313E+01    0
   31   46        36   41       -0.03101          -15.14952      -15.45948         0.97514E+01    0.97514E+01    0
   31   49        37   43       -0.04092            4.04119        3.52184         0.91750E+01    0.91750E+01    0
   31   52        38   45       -0.07331            9.67262        9.07219         0.16789E+02    0.16789E+02    0
   32   35        33   34        1.45053          273.68698      292.10163         0.28174E+01    0.16205E+01    1
   32   38        34   36       -0.11891          119.83872      119.21913         0.76601E+01    0.76601E+01    0
   32   41        35   38        0.10443           -1.13593       -0.08634         0.59880E+01    0.59880E+01    0
   32   44        36   40       -0.26550            4.19539        2.94155         0.16716E+02    0.16716E+02    0
   32   47        37   42        0.03270           26.58791       26.92752         0.93397E+01    0.93397E+01    0
   32   50        38   44       -0.66666           19.47768       15.75028         0.21050E+02    0.21050E+02    0
   33   39        35   37        0.06134          100.24598      100.89635         0.38008E+01    0.38008E+01    0
   33   42        36   39       -0.79678          103.33748       86.18540         0.27804E+01    0.27804E+01    0
   33   45        37   41        0.57520           28.12471       37.01563         0.50330E+01    0.50330E+01    0
   33   48        38   43        0.03208           46.53838       46.79290         0.12227E+02    0.12227E+02    0
   33   51        39   45       -0.00033           25.65159       25.64701         0.85902E+01    0.85902E+01    0
   34   37        35   36       -1.71127          211.59264      189.74107         0.26953E+01    0.15575E+01    1
   34   40        36   38       -0.05449          168.48374      168.26142         0.99063E+01    0.99063E+01    0
   34   43        37   40        0.05412          -26.81871      -26.61305         0.15910E+02    0.15910E+02    0
   34   46        38   42       -1.36036           31.91051       27.10604         0.59533E+02    0.22080E+02    1
   34   49        39   44        1.71466            8.90870       11.92396         0.13288E+03    0.56512E+02    1
   34   52        40   46        1.72909           21.43900       33.41016         0.35267E+02    0.17219E+02    1
   35   38        36   37        0.40444          493.29816      500.65237         0.11243E+01    0.11243E+01    0
   35   47        39   43       -1.34186          124.80495       70.49042         0.20126E+01    0.19464E+01    1
   36   39        37   38        0.59733          204.72750      207.86031         0.38887E+01    0.38887E+01    0
   36   42        38   40        0.21758           69.27762       69.48466         0.42854E+02    0.42854E+02    0
   36   45        39   42       -0.98146          104.47584      101.21134         0.53758E+02    0.17750E+02    1
   36   48        40   44       -2.45069           72.01288       60.76636         0.73599E+02    0.17285E+02    1
   36   51        41   46       -0.17737           28.49028       27.76905         0.24574E+02    0.24574E+02    0
   37   40        38   39       -0.29312          210.31110      208.09923         0.26247E+01    0.26247E+01    0
   37   43        39   41       -0.93335          132.98446      131.24798         0.23073E+02    0.22176E+02    1
   37   46        40   43        0.07666          106.73354      106.89885         0.37342E+02    0.27328E+02    1
   37   49        41   45       -0.84026           27.54280       25.75260         0.65816E+02    0.37823E+02    1
   37   52        42   47        1.45423           -3.81857       -0.05006         0.42925E+02    0.38890E+02    1
   38   41        39   40        0.29864           71.90389       72.58306         0.11436E+02    0.92035E+01    1
   38   44        40   42       -0.01878          218.20657      218.17703         0.24848E+02    0.24848E+02    0
   38   47        41   44       -1.76475           59.78712       52.33573         0.37145E+02    0.14181E+02    1
   38   50        42   46       -1.49151           32.35513       25.08934         0.19099E+02    0.16642E+02    1
   39   42        40   41        1.31246          281.59373      297.39986         0.73868E+01    0.16856E+01    1
   39   45        41   43        1.58947          160.11431      166.22388         0.21395E+02    0.10156E+02    1
   39   48        42   45       -1.45675           51.57695       46.85961         0.20752E+02    0.18748E+02    1
   39   51        43   47       -1.54605           -2.10539      -14.13541         0.26993E+02    0.10321E+02    1
   40   43        41   42       -0.56243          192.87839      191.36933         0.10348E+02    0.74160E+01    1
   40   46        42   44        0.88799           24.82761       29.30589         0.21194E+02    0.80520E+01    1
   40   49        43   46        0.57805          -19.29942      -16.79324         0.14166E+02    0.14166E+02    0
   40   52        44   48       -1.02032           29.59088       26.48639         0.41243E+02    0.25862E+02    1
   41   44        42   43       -3.53409          530.40000      376.72063         0.81318E+01    0.46292E+00    1
   41   47        43   45        0.84938           87.37973       89.80849         0.14917E+02    0.14243E+02    1
   41   50        44   47       -0.82738           69.53134       67.64030         0.25748E+02    0.25748E+02    0
   42   45        43   44       -1.75115          186.65059      167.97142         0.73623E+01    0.18756E+01    1
   42   48        44   46        1.22274          187.10960      194.28684         0.76081E+01    0.66570E+01    1
   42   51        45   48       -1.59164          116.21374      105.99771         0.18931E+02    0.90334E+01    1
   43   46        44   45        0.17720          169.86716      171.05329         0.81865E+01    0.28876E+01    1
   43   49        45   47       -0.41793          108.70887      107.46532         0.13122E+02    0.13122E+02    0
   43   52        46   49        0.21575           53.19113       53.46044         0.46388E+02    0.46388E+02    0
   44   47        45   46        0.55424          205.24217      208.12260         0.39342E+01    0.37451E+01    1
   44   50        46   48        1.33131           46.59042       52.22009         0.10587E+02    0.91341E+01    1
   45   48        46   47        0.21822           58.30561       58.80236         0.85622E+01    0.85622E+01    0
   45   51        47   49        0.21483          102.21373      102.64006         0.19684E+02    0.19684E+02    0
   46   49        47   48       -0.61706          208.54162      207.30661         0.10907E+02    0.98084E+01    1
   46   52        48   50       -0.70825           62.38496       60.94144         0.19111E+02    0.19111E+02    0
   47   50        48   49       -0.29980          179.79567      178.98192         0.72211E+01    0.72211E+01    0
   48   51        49   50        0.29434          154.03959      154.97254         0.62451E+01    0.62451E+01    0
   49   52        50   51       -0.17251          157.63340      156.98078         0.51214E+01    0.51214E+01    0
    6    4         8    2        0.03733          812.42938      813.11732         0.27172E+01    0.27172E+01    0
   14    8        20    2        0.22513          148.47263      154.43816         0.51879E+01    0.51879E+01    0
   16    9        23    2       -1.56136          175.74910      140.88269         0.87900E+01    0.70997E+01    1
   18   10        26    2       -0.78722          173.37165      132.56247         0.34581E+01    0.34581E+01    0
   24   13        31    2       -1.39181           47.89117       33.79752         0.17765E+02    0.15630E+02    1
   26   14        34    2        1.68991          -15.80202       27.03464         0.92188E+01    0.69576E+01    1
   28   15        37    2        1.53044           23.51543       56.26661         0.10860E+02    0.92065E+01    1
    5    4         6    3       -0.23657          947.65687      943.43077         0.11931E+01    0.11931E+01    0
    7    5         9    3        0.09763          568.16544      569.64808         0.27961E+01    0.27961E+01    0
    9    6        12    3       -0.26027          211.70181      207.99049         0.43755E+01    0.43755E+01    0
   11    7        15    3       -2.07362          148.26253       24.97519         0.51119E+01    0.14764E+01    1
   13    8        18    3        0.37696           92.85626       99.76513         0.60349E+01    0.60349E+01    0
   15    9        21    3       -0.07198           58.32858       56.83482         0.63828E+01    0.63828E+01    0
   17   10        24    3        0.45271           23.28982       36.32624         0.53539E+01    0.53539E+01    0
   19   11        27    3       -0.94680           45.73066       34.34630         0.14431E+02    0.14431E+02    0
   23   13        29    3       -0.75325            9.40965        4.24716         0.19910E+02    0.19910E+02    0
   25   14        32    3        1.43673            8.49959       20.12278         0.21113E+02    0.19228E+02    1
    6    5         7    4       -0.15224         1358.47007     1354.79535         0.97781E+00    0.97781E+00    0
    8    6        10    4        0.09330          195.33403      197.58799         0.17230E+01    0.17230E+01    0
   10    7        13    4        0.02363          -31.31820      -30.68025         0.24142E+01    0.24142E+01    0
   12    8        16    4       -0.01213           40.04387       39.54714         0.21808E+01    0.21808E+01    0
   14    9        19    4       -0.04923           69.87493       67.62533         0.24124E+01    0.24124E+01    0
   16   10        22    4        0.19386           18.47053       26.60388         0.31521E+01    0.31521E+01    0
   20   12        28    4        0.21661           15.16783       22.42177         0.50947E+01    0.50947E+01    0
   24   14        30    4       -0.00554            6.37998        6.18434         0.38071E+01    0.38071E+01    0
   26   15        33    4        0.91633          -27.37402       12.48526         0.35473E+01    0.35473E+01    0
   28   16        36    4        0.98223          -12.05797       28.89790         0.41768E+01    0.41768E+01    0
   30   19        45    4       -0.13853           44.10181       32.38654         0.42869E+01    0.42869E+01    0
    7    6         8    5        0.20238         1038.99730     1042.18263         0.13024E+01    0.13024E+01    0
   11    8        14    5       -1.77155           51.20116        4.47510         0.42594E+01    0.25028E+01    1
   13    9        17    5       -0.70272          150.60442      143.19277         0.83562E+01    0.83562E+01    0
   15   10        20    5        0.01760            1.50614        1.94141         0.44472E+01    0.44472E+01    0
   17   11        23    5       -1.49931           42.02895      -16.28264         0.40271E+01    0.33702E+01    1
   19   12        26    5        1.22469            0.17423       25.65993         0.72608E+01    0.72608E+01    0
   25   15        31    5        1.10651            8.04236       21.67477         0.10929E+02    0.10929E+02    0
   27   16        34    5        1.42664          -13.94289       15.09024         0.83557E+01    0.75228E+01    1
   29   19        43    5        0.20495           20.66142       28.67920         0.88118E+01    0.88118E+01    0
   31   20        46    5        0.29323            8.39156       25.05100         0.63852E+01    0.63852E+01    0
    8    7         9    6       -0.18373          756.53809      753.70233         0.14806E+01    0.14806E+01    0
   12    9        15    6        1.72327          104.66047      134.17150         0.49362E+01    0.39267E+01    1
   14   10        18    6       -0.06341           52.25894       50.79613         0.38396E+01    0.38396E+01    0
   18   12        24    6        0.86365            4.33611       26.70746         0.50132E+01    0.50132E+01    0
   20   13        27    6       -1.29561          -31.08813      -43.06264         0.17006E+02    0.16243E+02    1
   24   15        29    6       -0.84226            3.61276        3.29528         0.37828E+03    0.30101E+03    1
   26   16        32    6        2.10463          -19.57444       -7.05993         0.12635E+03    0.22362E+02    1
   30   20        44    6        0.20709           26.51329       31.05168         0.15791E+02    0.15791E+02    0
   32   21        47    6        1.64753           19.00088       27.86195         0.89053E+02    0.67793E+02    1
   13   10        16    7       -0.87368          268.05902      257.46449         0.72329E+01    0.53728E+01    1
   17   12        22    7       -0.26064           32.24632       28.09382         0.67381E+01    0.67381E+01    0
   19   13        25    7        2.36629          -42.90825      -13.59146         0.41817E+02    0.10371E+02    1
   21   14        28    7        0.33366            1.90903        5.30933         0.14463E+02    0.14463E+02    0
   25   16        30    7        0.84484           17.66825       18.06512         0.23914E+03    0.23914E+03    0
   27   17        33    7       -1.62905           47.53749       46.86952         0.61333E+03    0.32211E+03    1
   29   20        42    7       -1.35749           50.74576       42.12433         0.57091E+02    0.51335E+02    1
   31   21        45    7       -1.23500           68.19666       31.39195         0.11536E+02    0.11536E+02    0
   33   22        48    7       -0.02339           33.49598       32.63366         0.98906E+01    0.98906E+01    0
   12   10        14    8        0.28533           78.44975       81.64875         0.39482E+01    0.38807E+01    1
   16   12        20    8       -1.17947           38.34863       32.42631         0.24138E+02    0.16842E+02    1
   20   14        26    8       -0.61469          -26.29294      -29.38646         0.26293E+02    0.25309E+02    1
   26   17        31    8       -0.16202            6.30948        6.27616         0.54080E+03    0.54080E+03    0
   30   21        43    8       -0.07984           19.00758       17.62186         0.18902E+02    0.18902E+02    0
   15   12        18    9       -0.03452           89.23383       88.38089         0.25605E+01    0.25605E+01    0
   17   13        21    9       -1.61746          -16.60237      -65.86911         0.35326E+01    0.28111E+01    1
   19   14        24    9        0.71570          -54.10195      -41.06357         0.58934E+01    0.58934E+01    0
   21   15        27    9       -1.32094           36.07121       -1.51624         0.45297E+01    0.44566E+01    1
   25   17        29    9        0.22250           14.96452       17.95366         0.67773E+01    0.67773E+01    0
   27   18        32    9       -1.87172           66.94415       23.03836         0.78129E+01    0.47163E+01    1
   29   21        41    9        0.23121            8.28032       18.66513         0.68571E+01    0.68571E+01    0
   31   22        44    9        0.05913           13.30103       17.00034         0.52443E+01    0.52443E+01    0
   33   23        47    9        0.15877           20.00485       32.44590         0.44163E+01    0.44163E+01    0
   14   12        16   10       -0.29397          233.86575      231.45417         0.51377E+01    0.51377E+01    0
   16   13        19   10       -1.61208           22.28764       21.64259         0.10000E+04    0.15802E+03    1
   20   15        25   10        1.22974           -9.36774        7.50627         0.77411E+01    0.77411E+01    0
   22   16        28   10       -1.46558           14.41497       -5.55362         0.10523E+02    0.92256E+01    1
   26   18        30   10       -2.29107           35.63958      -13.51999         0.14071E+02    0.41603E+01    1
   28   19        33   10        0.82685            4.91461       13.17277         0.11064E+02    0.11064E+02    0
   30   22        42   10       -0.00559           19.69627       19.46075         0.74143E+01    0.74143E+01    0
   34   24        48   10       -0.24544           35.36402       24.53558         0.79093E+01    0.79093E+01    0
   13   12        14   11        0.13455          701.22712      702.39904         0.23600E+01    0.23600E+01    0
   15   13        17   11        0.18511           89.52162       91.70345         0.36158E+01    0.36158E+01    0
   17   14        20   11       -1.98227           53.64250      -31.96042         0.37404E+01    0.14900E+01    1
   19   15        23   11       -1.88155           74.48007       29.88878         0.71152E+01    0.36587E+01    1
   21   16        26   11       -0.12240           38.77003       36.29725         0.52971E+01    0.52971E+01    0
   27   19        31   11        1.83372           50.84691       68.71636         0.15160E+02    0.91821E+01    1
   29   22        40   11        0.68672           11.41244       28.98886         0.11451E+02    0.11451E+02    0
   31   23        43   11        0.02918           24.51421       25.83312         0.69180E+01    0.69180E+01    0
   33   24        46   11        0.00772           33.96168       34.39815         0.58290E+01    0.58290E+01    0
   14   13        15   12       -1.16022         1218.35710     1192.55636         0.17129E+01    0.98988E+00    1
   16   14        18   12       -0.00772           84.22732       84.15522         0.45860E+01    0.45860E+01    0
   20   16        24   12       -1.67902           25.99120        9.13370         0.13714E+02    0.86628E+01    1
   22   17        27   12        2.41164           23.50383       51.36393         0.23464E+02    0.91555E+01    1
   26   19        29   12       -0.46835           -2.32127       -3.02822         0.44980E+02    0.44980E+02    0
   28   20        32   12       -0.37963           16.16386       14.26117         0.17811E+02    0.17811E+02    0
   30   23        41   12        0.18339           24.01255       29.81838         0.93446E+01    0.93446E+01    0
   32   24        44   12       -0.20118           39.03439       36.53180         0.25249E+02    0.25249E+02    0
   34   25        47   12        0.04348           31.82945       33.29221         0.98534E+01    0.98534E+01    0
   36   26        50   12       -0.98807           58.00355       25.55817         0.10672E+02    0.10672E+02    0
   15   14        16   13       -0.00793          289.31677      289.24592         0.24018E+01    0.24018E+01    0
   17   15        19   13        0.23203          181.49542      183.86670         0.42041E+01    0.42041E+01    0
   19   16        22   13       -0.02869           28.02130       27.95097         0.28491E+02    0.27050E+02    1
   21   17        25   13       -1.13838          102.13390       96.59018         0.20257E+02    0.17544E+02    1
   27   20        30   13       -1.25433           98.75215       95.17096         0.24318E+02    0.23555E+02    1
   29   23        39   13       -0.05547           44.46294       43.95649         0.30369E+02    0.30369E+02    0
   31   24        42   13       -1.55464           44.17119       35.04339         0.64069E+02    0.50542E+02    1
   33   25        45   13       -0.74920           59.30641       43.45226         0.14741E+02    0.14741E+02    0
   16   15        17   14        0.13610          258.68810      260.00300         0.26249E+01    0.22061E+01    1
   20   17        23   14       -0.91806           48.04342       47.52404         0.19959E+03    0.11483E+03    1
   28   21        31   14       -0.54170           46.91716       46.44197         0.77112E+02    0.77112E+02    0
   30   24        40   14       -0.26386           40.64914       37.28321         0.21955E+02    0.21955E+02    0
   32   25        43   14        0.69058           25.99708       32.94150         0.29596E+02    0.29596E+02    0
   34   26        46   14        0.00173           46.56338       46.58319         0.27555E+02    0.27555E+02    0
   38   28        52   14        1.72918          -37.79142      -15.94093         0.46983E+02    0.27530E+02    1
   17   16        18   15        0.30701          325.73837      330.04847         0.15740E+01    0.15740E+01    0
   19   17        21   15       -0.26422            0.99695        0.13973         0.13512E+02    0.13512E+02    0
   21   18        24   15        1.10328           40.90687       46.65682         0.13076E+02    0.12466E+02    1
   23   19        27   15       -0.26404          -15.24815      -15.44648         0.11244E+03    0.11244E+03    0
   27   21        29   15       -0.90379          144.47337      144.17085         0.16047E+03    0.13536E+03    1
   29   24        38   15       -0.65059           43.29829       34.70726         0.19898E+02    0.19898E+02    0
   31   25        41   15       -1.19598           28.73266       23.04201         0.62366E+02    0.58554E+02    1
   37   28        50   15        0.46398          -18.51232       -4.71861         0.11123E+02    0.11123E+02    0
   18   17        19   16        0.20416          398.65218      401.06902         0.17737E+01    0.17737E+01    0
   22   19        25   16       -0.67865           45.41068       44.74506         0.75317E+02    0.64038E+02    1
   24   20        28   16        1.00926          -11.04096       -9.37799         0.54523E+02    0.51161E+02    1
   28   22        30   16        0.60072           36.26378       37.11329         0.31622E+02    0.31622E+02    0
   30   25        39   16        0.13327           26.17323       28.45344         0.15420E+02    0.15420E+02    0
   34   27        45   16       -0.17196           18.20445       16.25158         0.26188E+02    0.26188E+02    0
   36   28        48   16        0.00689           -7.14804       -7.03942         0.19871E+02    0.19871E+02    0
   19   18        20   17       -0.57861          353.22155      344.23747         0.14482E+01    0.14482E+01    0
   21   19        23   17       -0.23550          155.04404      151.08250         0.25540E+01    0.25540E+01    0
   23   20        26   17        0.54783           56.36910       66.84077         0.33698E+01    0.33698E+01    0
   29   25        37   17       -0.19712           34.82851       22.54932         0.39949E+01    0.39949E+01    0
   20   19        21   18       -0.02919          632.25441      631.70329         0.11214E+01    0.11214E+01    0
   22   20        24   18        0.16553          297.61112      301.74140         0.17130E+01    0.17130E+01    0
   21   20        22   19        0.30403          511.11617      514.81805         0.18603E+01    0.18603E+01    0
   23   21        25   19        0.57359           20.56602       25.80087         0.47169E+01    0.47169E+01    0
   25   22        28   19       -0.16195          -40.16731      -41.06306         0.11820E+02    0.11820E+02    0
   33   28        42   19        0.26025            3.74018       12.19565         0.81917E+01    0.81917E+01    0
   22   21        23   20       -0.17114          595.77538      593.67000         0.17167E+01    0.17167E+01    0
   24   22        26   20        0.17321          124.09787      125.95286         0.40670E+01    0.40670E+01    0
   30   27        37   20        0.05151          -23.05681      -22.26585         0.15941E+02    0.15941E+02    0
   32   28        40   20        0.12430            6.61489        9.30130         0.11660E+02    0.11660E+02    0
   23   22        24   21       -0.68079          860.16601      848.54494         0.13168E+01    0.13168E+01    0
   25   23        27   21        0.06393          188.46652      189.00096         0.51915E+01    0.51915E+01    0
   31   28        38   21       -0.24557          -10.06239      -15.11191         0.11784E+02    0.11784E+02    0
   24   23        25   22        0.24942          445.06377      447.74740         0.19236E+01    0.19236E+01    0
   26   24        28   22       -0.31333          191.51519      188.61119         0.45315E+01    0.45315E+01    0
   30   28        36   22        0.79494          -40.46382      -40.00782         0.47288E+03    0.43498E+03    1
   40   29        51   22       -1.33362            6.89590       -3.91999         0.22528E+02    0.19182E+02    1
   25   24        26   23        0.14842         1394.90031     1397.46947         0.12883E+01    0.12883E+01    0
   29   28        34   23       -1.89411          -14.72573      -47.97686         0.23987E+02    0.17449E+02    1
   39   29        49   23       -0.16025            0.47905        0.01850         0.52904E+02    0.46767E+02    1
   41   30        52   23       -1.96985           18.69271        4.01450         0.53864E+02    0.20649E+02    1
   26   25        27   24       -0.37859          279.99665      275.83591         0.18474E+01    0.18474E+01    0
   38   29        47   24        2.34618          -12.35656        6.12818         0.39412E+02    0.14276E+02    1
   40   30        50   24       -1.24417            1.04611       -4.56678         0.33180E+02    0.29336E+02    1
   27   26        28   25       -0.49055         1128.72005     1123.69104         0.20926E+01    0.20926E+01    0
   37   29        45   25       -0.59191           16.53483       15.36054         0.45908E+02    0.45908E+02    0
   39   30        48   25       -1.73218           13.74677       10.14439         0.16851E+03    0.53428E+02    1
   41   31        51   25        0.59494           16.97255       17.23021         0.42233E+03    0.30519E+03    1
   36   29        43   26       -0.06957           -7.74321       -7.90182         0.29962E+02    0.29962E+02    0
   38   30        46   26       -0.07755           -6.82491       -6.94909         0.55465E+02    0.55465E+02    0
   40   31        49   26        1.67644          -15.10100      -10.20382         0.48127E+02    0.37790E+02    1
   37   30        44   27        0.03118           81.23705       81.36389         0.16476E+02    0.16476E+02    0
   39   31        47   27        1.43442           48.60258       62.59101         0.10114E+02    0.90861E+01    1
   34   29        39   28        1.07022           22.06733       28.63548         0.41676E+01    0.36382E+01    1
   36   30        42   28       -0.28722           32.69698       31.36771         0.96302E+01    0.96302E+01    0
   38   31        45   28       -0.63529           43.23942       39.61029         0.11719E+02    0.11719E+02    0
   40   32        48   28       -1.60301            0.00149       -8.86757         0.19181E+02    0.15854E+02    1
   42   33        51   28        0.88620           -1.43400        6.88500         0.11558E+02    0.11558E+02    0
   31   30        32   29       -0.29493          199.84855      197.14483         0.21341E+01    0.21341E+01    0
   33   31        35   29       -0.68199          189.26627      180.92180         0.32691E+01    0.32691E+01    0
   37   33        41   29        1.53825            2.49224        5.96961         0.59749E+02    0.36231E+02    1
   39   34        44   29       -0.23242          -22.25401      -22.80894         0.41424E+02    0.41424E+02    0
   43   36        50   29       -0.09120           31.37799       31.19988         0.69840E+02    0.69840E+02    0
   32   31        33   30       -0.10531          404.79134      403.84610         0.23320E+01    0.23320E+01    0
   34   32        36   30       -0.07368          102.29102      101.92340         0.81717E+01    0.81717E+01    0
   36   33        39   30       -1.54898           11.57598        6.33888         0.37325E+02    0.18267E+02    1
   38   34        42   30        0.52806          -51.95209      -51.00289         0.65749E+02    0.45130E+02    1
   42   36        48   30       -0.49133           10.47803        7.39490         0.18639E+02    0.18639E+02    0
   44   37        51   30        0.04649            1.86498        2.50124         0.10026E+02    0.10026E+02    0
   33   32        34   31        0.02769          262.36320      262.63671         0.19658E+01    0.19658E+01    0
   35   33        37   31       -1.90386          215.02596      121.84303         0.16202E+01    0.83033E+00    1
   37   34        40   31        2.45157          -15.22056       10.37958         0.37936E+02    0.57709E+01    1
   39   35        43   31        1.62547          -75.20407      -72.10050         0.50103E+02    0.41752E+02    1
   41   36        46   31       -0.69889          -15.14952      -15.45948         0.38658E+03    0.21977E+03    1
   43   37        49   31       -0.64496            4.04119        3.52184         0.14461E+03    0.14461E+03    0
   45   38        52   31       -0.69857            9.67262        9.07219         0.25011E+03    0.15999E+03    1
   34   33        35   32        1.42641          273.68698      292.10163         0.24637E+01    0.15936E+01    1
   36   34        38   32       -0.29597          119.83872      119.21913         0.26491E+02    0.19067E+02    1
   38   35        41   32        0.61002           -1.13593       -0.08634         0.50853E+02    0.34978E+02    1
   40   36        44   32       -1.44226            4.19539        2.94155         0.63262E+03    0.90804E+02    1
   42   37        47   32        0.11207           26.58791       26.92752         0.32008E+02    0.32008E+02    0
   44   38        50   32       -0.42465           19.47768       15.75028         0.13409E+02    0.13409E+02    0
   37   35        39   33        0.34067          100.24598      100.89635         0.21108E+02    0.21108E+02    0
   39   36        42   33       -2.19304          103.33748       86.18540         0.22388E+02    0.76528E+01    1
   41   37        45   33        1.89645           28.12471       37.01563         0.31070E+02    0.16594E+02    1
   43   38        48   33        0.52437           46.53838       46.79290         0.41611E+03    0.19989E+03    1
   45   39        51   33       -0.00468           25.65159       25.64701         0.15054E+03    0.12104E+03    1
   36   35        37   34       -1.77256          211.59264      189.74107         0.31027E+01    0.16133E+01    1
   38   36        40   34       -0.21719          168.48374      168.26142         0.42873E+02    0.39487E+02    1
   40   37        43   34        0.09308          -26.81871      -26.61305         0.27366E+02    0.27366E+02    0
   42   38        46   34       -1.30867           31.91051       27.10604         0.43669E+02    0.21241E+02    1
   44   39        49   34        1.30694            8.90870       11.92396         0.46968E+02    0.43075E+02    1
   46   40        52   34        1.42403           21.43900       33.41016         0.15816E+02    0.14181E+02    1
   37   36        38   35        0.30062          493.29816      500.65237         0.83572E+00    0.83572E+00    0
   43   39        47   35       -0.79883          124.80495       70.49042         0.11587E+01    0.11587E+01    0
   38   37        39   36        0.92013          204.72750      207.86031         0.59902E+01    0.59902E+01    0
   40   38        42   36        0.22888           69.27762       69.48466         0.45080E+02    0.45080E+02    0
   42   39        45   36       -0.76571          104.47584      101.21134         0.19426E+02    0.13848E+02    1
   44   40        48   36       -1.64820           72.01288       60.76636         0.13945E+02    0.11625E+02    1
   46   41        51   36       -0.46107           28.49028       27.76905         0.63880E+02    0.63880E+02    0
   39   38        40   37       -0.48389          210.31110      208.09923         0.43329E+01    0.43329E+01    0
   41   39        43   37       -0.64479          132.98446      131.24798         0.15320E+02    0.15320E+02    0
   43   40        46   37        0.07041          106.73354      106.89885         0.31502E+02    0.25101E+02    1
   45   41        49   37       -0.59419           27.54280       25.75260         0.26746E+02    0.26746E+02    0
   47   42        52   37        0.82097           -3.81857       -0.05006         0.21955E+02    0.21955E+02    0
   40   39        41   38        0.26619           71.90389       72.58306         0.90858E+01    0.82034E+01    1
   42   40        44   38       -0.00755          218.20657      218.17703         0.99910E+01    0.99910E+01    0
   44   41        47   38       -0.99486           59.78712       52.33573         0.79944E+01    0.79944E+01    0
   46   42        50   38       -1.71479           32.35513       25.08934         0.29052E+02    0.19133E+02    1
   41   40        42   39        1.17615          281.59373      297.39986         0.30724E+01    0.15105E+01    1
   43   41        45   39        0.53786          160.11431      166.22388         0.34368E+01    0.34368E+01    0
   45   42        48   39       -0.29394           51.57695       46.85961         0.37829E+01    0.37829E+01    0
   47   43        51   39       -0.55905           -2.10539      -14.13541         0.37321E+01    0.37321E+01    0
   42   41        43   40       -0.51427          192.87839      191.36933         0.72333E+01    0.67810E+01    1
   44   42        46   40        0.70672           24.82761       29.30589         0.85029E+01    0.64083E+01    1
   46   43        49   40        1.48010          -19.29942      -16.79324         0.38056E+02    0.36272E+02    1
   48   44        52   40       -0.90062           29.59088       26.48639         0.25037E+02    0.22828E+02    1
   43   42        44   41       -3.43949          530.40000      376.72063         0.65450E+01    0.45053E+00    1
   45   43        47   41        0.66661           87.37973       89.80849         0.11178E+02    0.11178E+02    0
   47   44        50   41       -0.36393           69.53134       67.64030         0.11325E+02    0.11325E+02    0
   44   43        45   42       -1.67945          186.65059      167.97142         0.52693E+01    0.17988E+01    1
   46   44        48   42        1.45069          187.10960      194.28684         0.16012E+02    0.78981E+01    1
   48   45        51   42       -1.58534          116.21374      105.99771         0.18340E+02    0.89976E+01    1
   45   44        46   43        0.17829          169.86716      171.05329         0.83904E+01    0.29054E+01    1
   47   45        49   43       -0.48734          108.70887      107.46532         0.15302E+02    0.15302E+02    0
   49   46        52   43        0.19576           53.19113       53.46044         0.42089E+02    0.42089E+02    0
   46   45        47   44        0.82175          205.24217      208.12260         0.86485E+01    0.55526E+01    1
   48   46        50   44        1.40776           46.59042       52.22009         0.13440E+02    0.96586E+01    1
   47   46        48   45        0.18709           58.30561       58.80236         0.73409E+01    0.73409E+01    0
   49   47        51   45        0.17875          102.21373      102.64006         0.16378E+02    0.16378E+02    0
   48   47        49   46       -0.32965          208.54162      207.30661         0.52399E+01    0.52399E+01    0
   50   48        52   46       -0.26176           62.38496       60.94144         0.70630E+01    0.70630E+01    0
   49   48        50   47       -0.34153          179.79567      178.98192         0.82262E+01    0.82262E+01    0
   50   49        51   48        0.30340          154.03959      154.97254         0.64372E+01    0.64372E+01    0
   51   50        52   49       -0.13072          157.63340      156.98078         0.38806E+01    0.38806E+01    0
