    P+   P-        C+   C-  Normalised_Error  Observed_Rho_a  Calculated_Rho_a  Original_Weight  Final_Weight    C
    2    8         4    6       -0.46592          863.80138      854.72207         0.26106E+01    0.25697E+01    1
    2   20         8   14        1.29340          203.81226      264.14117         0.29472E+01    0.29472E+01    0
    2   23         9   16       -1.79542          190.77127      176.02197         0.10034E+03    0.19299E+02    1
    2   26        10   18        0.01378          162.69039      163.06696         0.65599E+01    0.65599E+01    0
    2   31        13   24       -0.54705           51.01634       45.05164         0.14516E+02    0.14516E+02    0
    2   34        14   26        2.41306          -24.42811       36.89061         0.69025E+02    0.69404E+01    1
    2   37        15   28        1.38314           26.09327       87.56368         0.45282E+01    0.44331E+01    1
    3    6         4    5       -0.19110         1042.57212     1037.74022         0.84293E+00    0.84293E+00    0
    3    9         5    7       -0.13431          582.73100      581.51511         0.46904E+01    0.46904E+01    0
    3   12         6    9        0.80766          240.64810      250.33124         0.69260E+01    0.52040E+01    1
    3   15         7   11       -2.58273          223.50272       86.42203         0.82095E+01    0.16539E+01    1
    3   18         8   13        1.64835          114.65189      187.76820         0.31355E+01    0.24935E+01    1
    3   21         9   15       -1.02055           62.65377       58.08099         0.37877E+02    0.29561E+02    1
    3   24        10   17        1.01224            3.48641       25.33899         0.71415E+01    0.71415E+01    0
    3   27        11   19        0.49641           47.55124       70.01406         0.38345E+01    0.38345E+01    0
    3   29        13   23        0.27229           10.52937       12.45400         0.19305E+02    0.19305E+02    0
    3   32        14   25        1.36472            9.13924       19.99486         0.22578E+02    0.19556E+02    1
    4    7         5    6       -0.09904         1457.43590     1455.19265         0.10420E+01    0.10420E+01    0
    4   10         6    8        0.19241          222.35902      224.01536         0.48354E+01    0.48354E+01    0
    4   13         7   10       -0.02940            8.07618        7.61578         0.41618E+01    0.41618E+01    0
    4   16         8   12       -0.99902           79.16308       62.83450         0.69819E+01    0.54657E+01    1
    4   19         9   14        0.45130           72.77281       74.16287         0.37452E+02    0.35787E+02    1
    4   22        10   16       -1.66228           18.83155       -1.07618         0.14619E+02    0.11042E+02    1
    4   28        12   20        0.17943           14.00239       14.89374         0.34577E+02    0.34346E+02    1
    4   30        14   24       -2.02150            5.66677       -9.69924         0.28855E+02    0.17686E+02    1
    4   33        15   26        1.88717          -30.03203       12.67538         0.13270E+02    0.68184E+01    1
    4   36        16   28        0.86486          -13.20827       35.50700         0.30919E+01    0.30919E+01    0
    4   45        19   30       -3.47406           54.30026       34.11722         0.52911E+03    0.62402E+02    1
    5    8         6    7       -0.14778         1116.87300     1114.49440         0.12736E+01    0.12736E+01    0
    5   14         8   11       -1.38271           87.21257       47.30585         0.41904E+01    0.22872E+01    1
    5   17         9   13       -0.30372          154.16798      150.00837         0.64352E+01    0.64352E+01    0
    5   20        10   15       -0.13353           -0.79972       -6.78481         0.24539E+01    0.24539E+01    0
    5   23        11   17       -1.60522           41.49261      -24.14814         0.41146E+01    0.32054E+01    1
    5   26        12   19        1.11048           -6.17448       35.64752         0.40120E+01    0.40120E+01    0
    5   31        15   25        0.72823            9.27408       17.39081         0.12081E+02    0.12081E+02    0
    5   34        16   27        1.15527          -13.23139       19.00336         0.54868E+01    0.54868E+01    0
    5   43        19   29        0.99140           23.95167       26.25939         0.19124E+03    0.14809E+03    1
    5   46        20   31        2.69964           10.29921       27.59134         0.35390E+03    0.56634E+02    1
    6    9         7    8        0.22915          821.92553      825.84574         0.13358E+01    0.13358E+01    0
    6   15         9   12        0.43275          101.44314      107.63136         0.71332E+01    0.47025E+01    1
    6   18        10   14        0.97856           38.65887       62.89090         0.46055E+01    0.35770E+01    1
    6   24        12   18       -0.00797           -6.68536       -6.96751         0.36688E+01    0.36688E+01    0
    6   27        13   20       -0.30845          -37.17501      -42.04674         0.95050E+01    0.95050E+01    0
    6   29        15   24       -0.37846            3.11334       -3.06615         0.69491E+01    0.69491E+01    0
    6   32        16   26        0.28758          -22.18201      -13.81735         0.45716E+01    0.45716E+01    0
    6   44        20   30       -0.10012           25.63702       25.42542         0.16375E+03    0.16375E+03    0
    6   47        21   32       -0.19170           19.37946       15.47063         0.17882E+02    0.17882E+02    0
    7   16        10   13        0.71145          282.88178      293.56797         0.43376E+01    0.43376E+01    0
    7   22        12   17       -0.61020           31.96042       12.37256         0.33442E+01    0.33442E+01    0
    7   25        13   19        1.98801          -47.66449       32.84514         0.45601E+01    0.31727E+01    1
    7   28        14   21        1.61216            0.42682       27.67632         0.10589E+02    0.87199E+01    1
    7   30        16   25        0.05634           21.45904       22.98455         0.41490E+01    0.41490E+01    0
    7   33        17   27       -2.48153           75.24015       68.35130         0.12079E+03    0.47578E+02    1
    7   42        20   29       -1.64808           61.26437       50.54381         0.74456E+02    0.50120E+02    1
    7   45        21   31       -2.10967           71.10243       29.48263         0.68466E+02    0.17426E+02    1
    7   48        22   33       -1.73305           43.03872       31.77138         0.89361E+02    0.56089E+02    1
    8   14        10   12        0.22064           91.87954       95.61731         0.25684E+01    0.25684E+01    0
    8   20        12   16       -0.00927           39.07605       38.68375         0.19989E+01    0.19989E+01    0
    8   26        14   20        1.40143          -15.81964       -8.43228         0.29054E+02    0.24163E+02    1
    8   31        17   26        0.65169           17.79496       22.79486         0.14497E+02    0.14497E+02    0
    8   43        21   30        0.01001           19.75162       19.80839         0.57858E+02    0.57858E+02    0
    9   18        12   15        1.46950           79.65624      120.64194         0.24886E+01    0.22681E+01    1
    9   21        13   17       -1.43152           17.71638      -21.35677         0.35979E+01    0.31369E+01    1
    9   24        14   19        1.91512          -49.19197       10.03053         0.48550E+01    0.34719E+01    1
    9   27        15   21       -0.05015           83.53623       82.57180         0.65945E+01    0.65945E+01    0
    9   29        17   25        0.40615           40.44658       42.89082         0.15129E+02    0.15129E+02    0
    9   32        18   27       -0.95196           97.47095       63.59400         0.31088E+01    0.31088E+01    0
    9   41        21   29        0.36687           12.46784       31.20076         0.60318E+01    0.60318E+01    0
    9   44        22   31        0.86243           17.64241       18.72332         0.26463E+03    0.26176E+03    1
    9   47        23   33        0.96865           20.78399       41.96825         0.15823E+02    0.15823E+02    0
   10   16        12   14       -0.96203          244.02187      230.59952         0.37458E+01    0.30209E+01    1
   10   19        13   16       -0.39886           36.45567       33.47625         0.88007E+01    0.84645E+01    1
   10   25        15   20        0.54812           12.01899       19.23249         0.80712E+01    0.80712E+01    0
   10   28        16   22       -1.14457           40.11962       19.69577         0.70443E+01    0.70443E+01    0
   10   30        18   26       -1.14483           49.71140        6.81140         0.23822E+01    0.23822E+01    0
   10   33        19   28       -0.27029            5.90931        5.75912         0.23955E+03    0.19887E+03    1
   10   42        22   30       -3.26845           23.62780       13.28618         0.32227E+03    0.98709E+02    1
   10   48        24   34       -0.82104           36.16432       34.63624         0.25031E+03    0.18749E+03    1
   11   14        12   13        0.08058          726.38438      727.74078         0.12211E+01    0.12211E+01    0
   11   17        13   15        0.31099          127.14829      129.90272         0.48117E+01    0.48117E+01    0
   11   20        14   17       -2.11246          173.88913      -78.08955         0.13183E+01    0.53944E+00    1
   11   23        15   19       -0.54640           91.18092       74.86163         0.29032E+01    0.29032E+01    0
   11   26        16   21       -0.53334           75.21371       59.46625         0.36244E+01    0.36244E+01    0
   11   31        19   27        0.95665           53.95278       55.24816         0.13733E+03    0.66081E+02    1
   11   40        22   29        0.10934           16.32817       16.72372         0.81018E+02    0.81018E+02    0
   11   43        23   31       -0.56027           22.06454       19.16364         0.60385E+02    0.60385E+02    0
   11   46        24   33       -0.00203           35.71998       35.69789         0.30243E+02    0.30243E+02    0
   12   15        13   14       -0.40612         1260.23170     1253.86375         0.15274E+01    0.14039E+01    1
   12   18        14   16       -0.00658           85.58638       85.46131         0.22526E+01    0.22526E+01    0
   12   24        16   20       -1.63131           54.56405       -1.79949         0.32592E+01    0.25173E+01    1
   12   27        17   22        2.33204           40.61073       89.03580         0.10273E+02    0.50935E+01    1
   12   29        19   26       -1.02783           -3.79181       -9.16855         0.13743E+02    0.12979E+02    1
   12   32        20   28       -0.54260           15.69519       15.39243         0.10000E+04    0.15998E+03    1
   12   41        23   30       -0.00850           23.29886       22.87231         0.58945E+01    0.58945E+01    0
   12   44        24   32       -1.21758           35.15280       31.43132         0.10730E+03    0.10276E+03    1
   12   47        25   34        0.21915           28.70175       31.59488         0.25110E+02    0.25110E+02    0
   12   50        26   36       -0.06201           60.46085       59.64957         0.26783E+02    0.26783E+02    0
   13   16        14   15       -0.18632          310.36193      307.36022         0.18326E+01    0.13314E+01    1
   13   19        15   17        0.01307          253.63207      253.94307         0.18054E+01    0.18054E+01    0
   13   22        16   19       -0.04404           50.57083       48.98432         0.18406E+01    0.18406E+01    0
   13   25        17   21       -1.69407          125.96908      105.98641         0.14297E+02    0.72430E+01    1
   13   30        20   27       -1.65079          100.15920       94.87944         0.36485E+02    0.21027E+02    1
   13   39        23   29       -1.41469           44.34830       36.39119         0.69383E+02    0.49300E+02    1
   13   42        24   31       -1.89684           41.37512       31.06213         0.93260E+02    0.54580E+02    1
   13   45        25   33       -1.69420           53.94224       36.50563         0.38933E+02    0.30310E+02    1
   14   17        15   16       -0.15275          282.48005      280.06760         0.17001E+01    0.13495E+01    1
   14   23        17   20       -0.01542           49.86793       49.72342         0.69319E+01    0.69319E+01    0
   14   31        21   28       -1.61903           46.03165       28.79674         0.10434E+02    0.63544E+01    1
   14   40        24   30       -0.34012           39.12563       37.69097         0.66396E+02    0.66396E+02    0
   14   43        25   32        0.59685           19.67989       23.76702         0.43461E+02    0.43461E+02    0
   14   46        26   34       -0.69911           52.30044       51.82825         0.10000E+04    0.46654E+03    1
   14   52        28   38        1.94027          -35.58200       19.46590         0.26950E+02    0.12262E+02    1
   15   18        16   17        0.37430          485.92907      497.54084         0.71231E+00    0.71231E+00    0
   15   21        17   19        0.11199          -14.50340      -12.43304         0.25139E+01    0.23713E+01    1
   15   24        18   21        1.52203           46.48848       97.79380         0.22099E+01    0.19273E+01    1
   15   27        19   23       -0.51418          -14.59174      -20.53063         0.73124E+01    0.73124E+01    0
   15   29        21   27       -0.64237          148.29883      144.62584         0.79242E+01    0.79242E+01    0
   15   38        24   29       -0.29634           40.61475       31.33683         0.83927E+01    0.83927E+01    0
   15   41        25   31       -0.24033           23.05435       12.13808         0.61336E+01    0.61336E+01    0
   15   50        28   37        1.69586          -14.34307       16.76354         0.24541E+02    0.18028E+02    1
   16   19        17   18        0.04257          442.74253      443.50083         0.11787E+01    0.11787E+01    0
   16   25        19   22       -0.67194           38.97775       37.11154         0.27100E+02    0.22614E+02    1
   16   28        20   24       -0.09031           -8.20767       -8.36272         0.82183E+02    0.49100E+02    1
   16   30        22   28       -0.10957           37.21368       36.52049         0.70687E+01    0.70687E+01    0
   16   39        25   30        0.89104           21.16157       21.95786         0.31609E+03    0.29521E+03    1
   16   45        27   34        0.86708            2.59257        5.18272         0.11313E+03    0.99560E+02    1
   16   48        28   36        0.76370           -3.89869        7.75155         0.20529E+02    0.20529E+02    0
   17   20        18   19       -0.51950          445.28339      424.79273         0.57011E+00    0.57011E+00    0
   17   23        19   21        0.23643          198.18307      200.32872         0.47341E+01    0.47341E+01    0
   17   26        20   23       -0.81396          136.21096      126.17825         0.64339E+01    0.52260E+01    1
   17   37        25   29       -0.28304           24.65406       12.80076         0.59422E+01    0.59422E+01    0
   18   21        19   20       -0.28349          655.58941      650.87433         0.12729E+01    0.12729E+01    0
   18   24        20   22       -0.20004          365.52857      363.69640         0.46668E+01    0.46668E+01    0
   19   22        20   21        0.22889          560.44517      563.93801         0.14844E+01    0.14844E+01    0
   19   25        21   23        0.20630           20.88478       23.44348         0.34709E+01    0.34709E+01    0
   19   28        22   25       -0.80553          -38.96768      -40.91019         0.40173E+02    0.27112E+02    1
   19   42        28   33        0.17036            5.01164        6.28152         0.35706E+02    0.35706E+02    0
   20   23        21   22        0.01722          599.98326      600.26317         0.12996E+01    0.12996E+01    0
   20   26        22   24       -0.10657          137.93430      136.56687         0.33945E+01    0.33945E+01    0
   20   37        27   30        0.12354          -24.89276      -20.56332         0.69841E+01    0.69841E+01    0
   20   40        28   32       -1.70531            8.53865       -2.97436         0.44476E+02    0.37325E+02    1
   21   24        22   23       -0.28089          944.83120      938.08384         0.93577E+00    0.93577E+00    0
   21   27        23   25        0.08258          181.87703      182.95894         0.33122E+01    0.33122E+01    0
   21   38        28   31       -0.16652          -10.34152      -13.06693         0.14805E+02    0.14805E+02    0
   22   25        23   24       -0.23301          481.59419      478.01756         0.13484E+01    0.13484E+01    0
   22   28        24   26        0.25905          181.86641      183.94333         0.52385E+01    0.52385E+01    0
   22   36        28   30        0.48822          -42.00900      -33.80013         0.14840E+02    0.14840E+02    0
   22   51        29   40       -0.15241            6.17272        6.06810         0.22662E+03    0.22662E+03    0
   23   26        24   25        0.11579         1474.66499     1477.62851         0.87137E+00    0.87137E+00    0
   23   34        28   29       -0.58623          -15.63808      -21.95074         0.28446E+02    0.28446E+02    0
   23   49        29   39        0.26228            0.33329        4.06689         0.94419E+01    0.94419E+01    0
   23   52        30   41       -1.28073           18.62210       12.91189         0.35982E+02    0.34510E+02    1
   24   27        25   26       -0.11360          323.96187      322.08618         0.12296E+01    0.12296E+01    0
   24   47        29   38        1.07911          -12.72542        1.49034         0.85381E+01    0.85381E+01    0
   24   50        30   40       -0.21859            1.02934       -0.41450         0.20037E+02    0.20037E+02    0
   25   28        26   27       -0.33716         1194.08310     1189.31033         0.15155E+01    0.15155E+01    0
   25   45        29   37       -1.61729           14.33316       -2.92955         0.10793E+02    0.85327E+01    1
   25   48        30   39       -0.82948           13.15441        5.87315         0.12658E+02    0.12658E+02    0
   25   51        31   41       -0.01708           17.47115       17.38331         0.25704E+02    0.25704E+02    0
   26   43        29   36        0.13354          -10.78631       -9.79346         0.91869E+01    0.91869E+01    0
   26   46        30   38       -0.66175           -9.19349      -10.72388         0.38403E+02    0.38403E+02    0
   26   49        31   40        0.13582          -13.40678      -12.53998         0.17297E+02    0.17297E+02    0
   27   44        30   37        0.11400           81.37563       81.68499         0.24694E+02    0.24694E+02    0
   27   47        31   39        0.41364           49.35542       55.19736         0.62739E+01    0.62739E+01    0
   28   39        29   34        0.30139           32.60184       34.60818         0.33541E+01    0.33541E+01    0
   28   42        30   36        1.40409           33.99720       41.23483         0.11064E+02    0.86464E+01    1
   28   45        31   38       -1.86609           43.82428       28.04978         0.14501E+02    0.79193E+01    1
   28   48        32   40       -1.59173            2.22203        1.34639         0.30683E+03    0.15945E+03    1
   28   51        33   42        2.13048           -2.28960        3.97922         0.89832E+02    0.36874E+02    1
   29   32        30   31       -0.44996          234.71684      230.64371         0.21613E+01    0.21613E+01    0
   29   35        31   33       -0.20272          212.57532      210.85542         0.47147E+01    0.47147E+01    0
   29   41        33   37       -0.00884            1.84684        1.67049         0.41074E+01    0.41074E+01    0
   29   44        34   39        0.09726          -22.36895      -20.60498         0.54533E+01    0.54533E+01    0
   29   50        36   43        0.60989           32.00844       36.77211         0.17463E+02    0.17463E+02    0
   30   33        31   32        0.03202          422.84121      423.15380         0.21440E+01    0.21440E+01    0
   30   36        32   34        0.10440          117.35339      118.27584         0.46146E+01    0.46146E+01    0
   30   39        33   36       -0.47288           12.24737        9.22624         0.96668E+01    0.96668E+01    0
   30   42        34   38        0.02843          -52.38072      -52.15481         0.10210E+02    0.10210E+02    0
   30   48        36   42       -0.99377           10.92161        6.83835         0.28744E+02    0.28465E+02    1
   30   51        37   44        0.31131            1.63222        6.92170         0.80759E+01    0.80759E+01    0
   31   34        32   33       -0.48532          301.61767      296.22968         0.19867E+01    0.17492E+01    1
   31   37        33   35       -1.64603          215.54450      172.04667         0.19308E+01    0.15379E+01    1
   31   40        34   37        0.03810          -14.84730      -14.52119         0.70408E+01    0.70408E+01    0
   31   43        35   39       -0.53621          -53.83910      -68.92390         0.28338E+01    0.28338E+01    0
   31   46        36   41       -0.58396          -14.83777      -19.93063         0.11176E+02    0.11176E+02    0
   31   49        37   43        0.17498            3.44398        6.31752         0.70910E+01    0.70910E+01    0
   31   52        38   45       -0.35975            8.61164        6.89028         0.28739E+02    0.28739E+02    0
   32   35        33   34        1.08314          302.51446      318.46629         0.16212E+01    0.13969E+01    1
   32   38        34   36       -0.27000          118.63719      115.33066         0.32593E+01    0.32593E+01    0
   32   41        35   38        0.20455           22.46163       27.97149         0.22342E+01    0.22342E+01    0
   32   44        36   40       -0.40839            0.34273       -2.44271         0.15893E+02    0.11574E+02    1
   32   47        37   42        0.10007           23.87217       25.73742         0.52039E+01    0.52039E+01    0
   32   50        38   44       -0.56775           17.47021       16.73305         0.10237E+03    0.90649E+02    1
   33   39        35   37        0.22283          127.32712      130.69863         0.26633E+01    0.26633E+01    0
   33   42        36   39       -1.31760          104.72124       88.51782         0.50022E+01    0.48671E+01    1
   33   45        37   41        1.45523           25.65565       49.07025         0.50556E+01    0.48350E+01    1
   33   48        38   43        1.00987           47.48788       51.95228         0.21946E+02    0.21946E+02    0
   33   51        39   45       -0.27468           28.16938       26.35752         0.17979E+02    0.17979E+02    0
   34   37        35   36       -1.96716          260.07702      206.75260         0.11048E+01    0.73370E+00    1
   34   40        36   38       -0.85027          167.52440      159.93147         0.46616E+01    0.45265E+01    1
   34   43        37   40        1.28424          -24.25740       -5.85961         0.52178E+01    0.42206E+01    1
   34   46        38   42       -1.76536           35.08410       22.71352         0.34917E+02    0.11129E+02    1
   34   49        39   44        0.98974            9.31540       12.48271         0.31374E+02    0.31054E+02    1
   34   52        40   46        0.48705           21.34378       22.98446         0.61152E+02    0.35389E+02    1
   35   38        36   37        0.25054          493.76717      498.04158         0.13177E+01    0.11983E+01    1
   35   47        39   43       -2.06308          130.53092       75.82618         0.64480E+01    0.29711E+01    1
   36   39        37   38        0.71627          220.76321      227.37143         0.22106E+01    0.22106E+01    0
   36   42        38   40        1.20860           71.44523       75.31853         0.17821E+02    0.12724E+02    1
   36   45        39   42       -0.95676          102.40625       93.26822         0.12463E+02    0.61815E+01    1
   36   48        40   44       -0.41171           71.80675       70.94684         0.45045E+02    0.37979E+02    1
   36   51        41   46        0.10664           28.55623       28.72618         0.80011E+02    0.62698E+02    1
   37   40        38   39       -0.28059          214.63644      212.15576         0.24229E+01    0.22402E+01    1
   37   43        39   41       -0.31513          136.24267      134.54243         0.78225E+01    0.76470E+01    1
   37   46        40   43       -0.83756          107.50385      104.29039         0.15468E+02    0.15361E+02    1
   37   49        41   45       -0.63320           30.58050       29.31160         0.53667E+02    0.40212E+02    1
   37   52        42   47        0.11720           -2.18564       -1.95998         0.52342E+02    0.52342E+02    0
   38   41        39   40       -0.04625           76.77507       76.46112         0.30837E+01    0.30837E+01    0
   38   44        40   42       -0.39512          219.53489      218.88723         0.25173E+02    0.23847E+02    1
   38   47        41   44       -0.37725           59.22202       57.07046         0.10499E+02    0.10499E+02    0
   38   50        42   46        0.09460           32.39767       32.61580         0.35160E+02    0.35160E+02    0
   39   42        40   41        0.61445          285.22128      289.85281         0.86419E+01    0.26931E+01    1
   39   45        41   43        0.34672          153.86592      155.46508         0.94374E+01    0.84641E+01    1
   39   48        42   45       -0.13020           57.00375       56.51924         0.16316E+02    0.16316E+02    0
   39   51        43   47       -1.22437           -0.12302       -9.39426         0.20677E+02    0.10606E+02    1
   40   43        41   42       -0.27303          197.83181      196.94993         0.74994E+01    0.61605E+01    1
   40   46        42   44       -0.21545           27.04344       26.44567         0.14636E+02    0.14636E+02    0
   40   49        43   46       -0.09109          -18.34938      -18.68123         0.16859E+02    0.16859E+02    0
   40   52        44   48       -0.96289           31.51262       26.63547         0.28539E+02    0.15536E+02    1
   41   44        42   43       -3.00754          536.84713      449.41990         0.53442E+01    0.69248E+00    1
   41   47        43   45        0.39862           94.53634       97.43022         0.56100E+01    0.56100E+01    0
   41   50        44   47       -0.07897           72.75194       72.52046         0.20076E+02    0.20076E+02    0
   42   45        43   44       -0.75101          177.96066      171.17232         0.56632E+01    0.22134E+01    1
   42   48        44   46        0.21696          189.02296      189.93946         0.92502E+01    0.92502E+01    0
   42   51        45   48       -1.22195          111.15530      100.49966         0.10942E+02    0.66491E+01    1
   43   46        44   45        0.56869          189.31976      195.71338         0.46332E+01    0.17193E+01    1
   43   49        45   47        0.19878           99.31554      100.19114         0.88641E+01    0.88641E+01    0
   43   52        46   49        0.67717           56.23031       58.34099         0.18577E+02    0.18577E+02    0
   44   47        45   46        0.12582          181.46351      182.20913         0.34991E+01    0.32845E+01    1
   44   50        46   48        0.30072           49.19900       49.98934         0.14697E+02    0.14697E+02    0
   45   48        46   47        0.13629           74.22018       74.66210         0.60112E+01    0.60112E+01    0
   45   51        47   49       -0.23552          107.19178      106.52925         0.13885E+02    0.13885E+02    0
   46   49        47   48       -0.39011          211.25483      209.90088         0.56736E+01    0.56563E+01    1
   46   52        48   50       -0.41603           65.27291       63.98543         0.12587E+02    0.12587E+02    0
   47   50        48   49       -0.17040          189.13708      188.57163         0.59067E+01    0.59067E+01    0
   48   51        49   50        0.08068          163.03174      163.37358         0.46719E+01    0.46719E+01    0
   49   52        50   51       -0.08774          172.58480      172.03156         0.30725E+01    0.30725E+01    0
    6    4         8    2       -0.41754          863.80138      854.72207         0.23029E+01    0.23029E+01    0
   14    8        20    2        2.37292          203.81226      264.14117         0.24471E+02    0.54070E+01    1
   16    9        23    2       -1.62351          190.77127      176.02197         0.44852E+02    0.17451E+02    1
   18   10        26    2        0.16840          162.69039      163.06696         0.80165E+02    0.80165E+02    0
   24   13        31    2       -0.83810           51.01634       45.05164         0.22239E+02    0.22239E+02    0
   26   14        34    2        1.49002          -24.42811       36.89061         0.47610E+01    0.42856E+01    1
   28   15        37    2        1.81791           26.09327       87.56368         0.10126E+02    0.58265E+01    1
    5    4         6    3       -0.20154         1042.57212     1037.74022         0.88900E+00    0.88900E+00    0
    7    5         9    3       -0.09274          582.73100      581.51511         0.32386E+01    0.32386E+01    0
    9    6        12    3        0.49433          240.64810      250.33124         0.31851E+01    0.31851E+01    0
   11    7        15    3       -2.43062          223.50272       86.42203         0.50516E+01    0.15565E+01    1
   13    8        18    3        1.50129          114.65189      187.76820         0.22856E+01    0.22710E+01    1
   15    9        21    3       -1.45993           62.65377       58.08099         0.13278E+03    0.42288E+02    1
   17   10        24    3        1.79984            3.48641       25.33899         0.34910E+02    0.12698E+02    1
   19   11        27    3        1.78695           47.55124       70.01406         0.28677E+02    0.13803E+02    1
   23   13        29    3        0.13387           10.52937       12.45400         0.94910E+01    0.94910E+01    0
   25   14        32    3        0.58989            9.13924       19.99486         0.84529E+01    0.84529E+01    0
    6    5         7    4       -0.09892         1457.43590     1455.19265         0.10408E+01    0.10408E+01    0
    8    6        10    4        0.14103          222.35902      224.01536         0.35442E+01    0.35442E+01    0
   10    7        13    4       -0.05702            8.07618        7.61578         0.80716E+01    0.80716E+01    0
   12    8        16    4       -0.66003           79.16308       62.83450         0.36111E+01    0.36111E+01    0
   14    9        19    4        0.15518           72.77281       74.16287         0.12305E+02    0.12305E+02    0
   16   10        22    4       -1.77744           18.83155       -1.07618         0.19110E+02    0.11807E+02    1
   20   12        28    4        0.11569           14.00239       14.89374         0.22144E+02    0.22144E+02    0
   24   14        30    4       -1.97507            5.66677       -9.69924         0.26294E+02    0.17280E+02    1
   26   15        33    4        1.91796          -30.03203       12.67538         0.15105E+02    0.69297E+01    1
   28   16        36    4        1.90404          -13.20827       35.50700         0.16066E+02    0.68071E+01    1
   30   19        45    4       -2.00491           54.30026       34.11722         0.44670E+02    0.36013E+02    1
    7    6         8    5       -0.13028         1116.87300     1114.49440         0.11227E+01    0.11227E+01    0
   11    8        14    5       -1.51433           87.21257       47.30585         0.60286E+01    0.25050E+01    1
   13    9        17    5       -0.49387          154.16798      150.00837         0.16165E+02    0.10464E+02    1
   15   10        20    5       -1.02540           -0.79972       -6.78481         0.31950E+02    0.18844E+02    1
   17   11        23    5       -2.11158           41.49261      -24.14814         0.13000E+02    0.42166E+01    1
   19   12        26    5        2.55388           -6.17448       35.64752         0.24717E+02    0.92268E+01    1
   25   15        31    5        0.99516            9.27408       17.39081         0.16509E+02    0.16509E+02    0
   27   16        34    5        1.24242          -13.23139       19.00336         0.59007E+01    0.59007E+01    0
   29   19        43    5        0.10085           23.95167       26.25939         0.15065E+02    0.15065E+02    0
   31   20        46    5        0.10645           10.29921       27.59134         0.22332E+01    0.22332E+01    0
    8    7         9    6        0.21667          821.92553      825.84574         0.12630E+01    0.12630E+01    0
   12    9        15    6        0.44650          101.44314      107.63136         0.80840E+01    0.48519E+01    1
   14   10        18    6        0.73498           38.65887       62.89090         0.26866E+01    0.26866E+01    0
   18   12        24    6       -0.18781           -6.68536       -6.96751         0.92789E+02    0.86439E+02    1
   20   13        27    6       -0.59029          -37.17501      -42.04674         0.18190E+02    0.18190E+02    0
   24   15        29    6       -0.98227            3.11334       -3.06615         0.18036E+02    0.18036E+02    0
   26   16        32    6        1.24572          -22.18201      -13.81735         0.50205E+02    0.19803E+02    1
   30   20        44    6       -0.00162           25.63702       25.42542         0.26453E+01    0.26453E+01    0
   32   21        47    6       -0.22392           19.37946       15.47063         0.20887E+02    0.20887E+02    0
   13   10        16    7        0.54111          282.88178      293.56797         0.32991E+01    0.32991E+01    0
   17   12        22    7       -1.81456           31.96042       12.37256         0.27564E+02    0.99448E+01    1
   19   13        25    7        2.52108          -47.66449       32.84514         0.14442E+02    0.40235E+01    1
   21   14        28    7        1.45235            0.42682       27.67632         0.85941E+01    0.78556E+01    1
   25   16        30    7        0.80762           21.45904       22.98455         0.80467E+02    0.59475E+02    1
   27   17        33    7       -2.68963           75.24015       68.35130         0.23004E+03    0.51568E+02    1
   29   20        42    7       -0.08773           61.26437       50.54381         0.26680E+01    0.26680E+01    0
   31   21        45    7       -2.16838           71.10243       29.48263         0.85280E+02    0.17911E+02    1
   33   22        48    7       -0.73839           43.03872       31.77138         0.23897E+02    0.23897E+02    0
   12   10        14    8        0.39461           91.87954       95.61731         0.48549E+01    0.45934E+01    1
   16   12        20    8       -0.45985           39.07605       38.68375         0.41348E+03    0.99123E+02    1
   20   14        26    8        0.53325          -15.81964       -8.43228         0.91942E+01    0.91942E+01    0
   26   17        31    8        0.59194           17.79496       22.79486         0.13168E+02    0.13168E+02    0
   30   21        43    8        0.00404           19.75162       19.80839         0.23317E+02    0.23317E+02    0
   15   12        18    9        1.36916           79.65624      120.64194         0.21525E+01    0.21132E+01    1
   17   13        21    9       -1.68802           17.71638      -21.35677         0.65108E+01    0.36990E+01    1
   19   14        24    9        1.94710          -49.19197       10.03053         0.51876E+01    0.35298E+01    1
   21   15        27    9       -1.33352           83.53623       82.57180         0.39656E+03    0.17534E+03    1
   25   17        29    9        0.78664           40.44658       42.89082         0.29302E+02    0.29302E+02    0
   27   18        32    9       -1.28044           97.47095       63.59400         0.41816E+01    0.41816E+01    0
   29   21        41    9        1.70964           12.46784       31.20076         0.30930E+02    0.28108E+02    1
   31   22        44    9        0.99567           17.64241       18.72332         0.35272E+03    0.30220E+03    1
   33   23        47    9        2.07758           20.78399       41.96825         0.99239E+02    0.33938E+02    1
   14   12        16   10       -0.80534          244.02187      230.59952         0.25288E+01    0.25288E+01    0
   16   13        19   10       -0.36856           36.45567       33.47625         0.78216E+01    0.78216E+01    0
   20   15        25   10        2.26186           12.01899       19.23249         0.11960E+03    0.33306E+02    1
   22   16        28   10       -1.50772           40.11962       19.69577         0.10677E+02    0.92793E+01    1
   26   18        30   10       -1.74453           49.71140        6.81140         0.46007E+01    0.36301E+01    1
   28   19        33   10       -0.02871            5.90931        5.75912         0.21125E+02    0.21125E+02    0
   30   22        42   10       -0.95598           23.62780       13.28618         0.28871E+02    0.28871E+02    0
   34   24        48   10       -0.09166           36.16432       34.63624         0.20931E+02    0.20931E+02    0
   13   12        14   11        0.11427          726.38438      727.74078         0.17316E+01    0.17316E+01    0
   15   13        17   11        0.22092          127.14829      129.90272         0.34182E+01    0.34182E+01    0
   17   14        20   11       -2.38023          173.88913      -78.08955         0.34250E+01    0.60782E+00    1
   19   15        23   11       -1.23940           91.18092       74.86163         0.14455E+02    0.65852E+01    1
   21   16        26   11       -0.97191           75.21371       59.46625         0.66049E+01    0.66049E+01    0
   27   19        31   11        0.43059           53.95278       55.24816         0.29743E+02    0.29743E+02    0
   29   22        40   11        0.32339           16.32817       16.72372         0.27332E+03    0.23962E+03    1
   31   23        43   11       -0.17961           22.06454       19.16364         0.19358E+02    0.19358E+02    0
   33   24        46   11       -0.04775           35.71998       35.69789         0.10000E+04    0.71244E+03    1
   14   13        15   12       -0.32471         1260.23170     1253.86375         0.11225E+01    0.11225E+01    0
   16   14        18   12       -0.00392           85.58638       85.46131         0.13421E+01    0.13421E+01    0
   20   16        24   12       -1.81368           54.56405       -1.79949         0.49797E+01    0.27987E+01    1
   22   17        27   12        2.46862           40.61073       89.03580         0.12899E+02    0.53918E+01    1
   26   19        29   12       -0.74547           -3.79181       -9.16855         0.94134E+01    0.94134E+01    0
   28   20        32   12       -0.00768           15.69519       15.39243         0.22629E+01    0.22629E+01    0
   30   23        41   12       -0.17322           23.29886       22.87231         0.12014E+03    0.12014E+03    0
   32   24        44   12       -1.40434           35.15280       31.43132         0.18988E+03    0.11852E+03    1
   34   25        47   12        0.51911           28.70175       31.59488         0.59479E+02    0.59479E+02    0
   36   26        50   12       -1.01795           60.46085       59.64957         0.55987E+03    0.43971E+03    1
   15   14        16   13       -0.14499          310.36193      307.36022         0.11097E+01    0.10360E+01    1
   17   15        19   13        0.02607          253.63207      253.94307         0.36017E+01    0.36017E+01    0
   19   16        22   13       -0.08293           50.57083       48.98432         0.34657E+01    0.34657E+01    0
   21   17        25   13       -1.39363          125.96908      105.98641         0.67827E+01    0.59585E+01    1
   27   20        30   13       -0.15512          100.15920       94.87944         0.19759E+01    0.19759E+01    0
   29   23        39   13       -0.28400           44.34830       36.39119         0.98969E+01    0.98969E+01    0
   31   24        42   13       -0.86145           41.37512       31.06213         0.24788E+02    0.24788E+02    0
   33   25        45   13       -0.47512           53.94224       36.50563         0.85002E+01    0.85002E+01    0
   16   15        17   14       -0.17061          282.48005      280.06760         0.21210E+01    0.15073E+01    1
   20   17        23   14       -0.03098           49.86793       49.72342         0.14999E+02    0.13926E+02    1
   28   21        31   14       -1.81327           46.03165       28.79674         0.23406E+02    0.71168E+01    1
   30   24        40   14       -0.05774           39.12563       37.69097         0.11272E+02    0.11272E+02    0
   32   25        43   14        0.43563           19.67989       23.76702         0.31721E+02    0.31721E+02    0
   34   26        46   14       -0.03331           52.30044       51.82825         0.22232E+02    0.22232E+02    0
   38   28        52   14        1.13900          -35.58200       19.46590         0.71979E+01    0.71979E+01    0
   17   16        18   15        0.44621          485.92907      497.54084         0.84916E+00    0.84916E+00    0
   19   17        21   15        0.14377          -14.50340      -12.43304         0.47249E+01    0.30440E+01    1
   21   18        24   15        1.62069           46.48848       97.79380         0.25898E+01    0.20523E+01    1
   23   19        27   15       -0.71549          -14.59174      -20.53063         0.10175E+02    0.10175E+02    0
   27   21        29   15       -0.63699          148.29883      144.62584         0.78579E+01    0.78579E+01    0
   29   24        38   15       -1.46950           40.61475       31.33683         0.54259E+02    0.41617E+02    1
   31   25        41   15       -2.37359           23.05435       12.13808         0.14366E+03    0.60579E+02    1
   37   28        50   15        0.88479          -14.34307       16.76354         0.94061E+01    0.94061E+01    0
   18   17        19   16        0.06593          442.74253      443.50083         0.18256E+01    0.18256E+01    0
   22   19        25   16       -0.30372           38.97775       37.11154         0.10222E+02    0.10222E+02    0
   24   20        28   16       -0.00414           -8.20767       -8.36272         0.22526E+01    0.22526E+01    0
   28   22        30   16       -0.33633           37.21368       36.52049         0.21697E+02    0.21697E+02    0
   30   25        39   16        0.24032           21.16157       21.95786         0.79620E+02    0.79620E+02    0
   34   27        45   16        0.09680            2.59257        5.18272         0.11115E+02    0.11115E+02    0
   36   28        48   16        0.26978           -3.89869        7.75155         0.72520E+01    0.72520E+01    0
   19   18        20   17       -0.74753          445.28339      424.79273         0.82035E+00    0.82035E+00    0
   21   19        23   17        0.10782          198.18307      200.32872         0.21589E+01    0.21589E+01    0
   23   20        26   17       -0.20900          136.21096      126.17825         0.13419E+01    0.13419E+01    0
   29   25        37   17       -0.14870           24.65406       12.80076         0.31219E+01    0.31219E+01    0
   20   19        21   18       -0.21340          655.58941      650.87433         0.95818E+00    0.95818E+00    0
   22   20        24   18       -0.04657          365.52857      363.69640         0.10864E+01    0.10864E+01    0
   21   20        22   19        0.11780          560.44517      563.93801         0.76392E+00    0.76392E+00    0
   23   21        25   19        0.13388           20.88478       23.44348         0.22524E+01    0.22524E+01    0
   25   22        28   19       -0.10928          -38.96768      -40.91019         0.36780E+01    0.36780E+01    0
   33   28        42   19        0.06484            5.01164        6.28152         0.13590E+02    0.13590E+02    0
   22   21        23   20        0.01650          599.98326      600.26317         0.12453E+01    0.12453E+01    0
   24   22        26   20       -0.13430          137.93430      136.56687         0.42778E+01    0.42778E+01    0
   30   27        37   20        0.09362          -24.89276      -20.56332         0.52929E+01    0.52929E+01    0
   32   28        40   20       -0.40934            8.53865       -2.97436         0.89595E+01    0.89595E+01    0
   23   22        24   21       -0.28492          944.83120      938.08384         0.94920E+00    0.94920E+00    0
   25   23        27   21        0.11881          181.87703      182.95894         0.47657E+01    0.47657E+01    0
   31   28        38   21       -0.09698          -10.34152      -13.06693         0.86223E+01    0.86223E+01    0
   24   23        25   22       -0.26245          481.59419      478.01756         0.15187E+01    0.15187E+01    0
   26   24        28   22        0.27581          181.86641      183.94333         0.55774E+01    0.55774E+01    0
   30   28        36   22        0.30677          -42.00900      -33.80013         0.93246E+01    0.93246E+01    0
   40   29        51   22       -0.05008            6.17272        6.06810         0.74460E+02    0.74460E+02    0
   25   24        26   23        0.11890         1474.66499     1477.62851         0.89474E+00    0.89474E+00    0
   29   28        34   23       -0.80769          -15.63808      -21.95074         0.51057E+02    0.39192E+02    1
   39   29        49   23        0.79749            0.33329        4.06689         0.28709E+02    0.28709E+02    0
   41   30        52   23       -1.71667           18.62210       12.91189         0.96378E+02    0.46257E+02    1
   26   25        27   24       -0.12041          323.96187      322.08618         0.13033E+01    0.13033E+01    0
   38   29        47   24        1.53034          -12.72542        1.49034         0.13096E+02    0.12108E+02    1
   40   30        50   24       -0.43955            1.02934       -0.41450         0.45546E+02    0.40291E+02    1
   27   26        28   25       -0.28369         1194.08310     1189.31033         0.12751E+01    0.12751E+01    0
   37   29        45   25       -1.62244           14.33316       -2.92955         0.10931E+02    0.85598E+01    1
   39   30        48   25       -1.87187           13.15441        5.87315         0.95775E+02    0.28565E+02    1
   41   31        51   25       -0.02102           17.47115       17.38331         0.31633E+02    0.31633E+02    0
   36   29        43   26        0.14318          -10.78631       -9.79346         0.98499E+01    0.98499E+01    0
   38   30        46   26       -0.56352           -9.19349      -10.72388         0.32702E+02    0.32702E+02    0
   40   31        49   26        0.18207          -13.40678      -12.53998         0.23187E+02    0.23187E+02    0
   37   30        44   27        0.38872           81.37563       81.68499         0.84204E+02    0.84204E+02    0
   39   31        47   27        1.77946           49.35542       55.19736         0.55960E+02    0.26990E+02    1
   34   29        39   28        0.23808           32.60184       34.60818         0.26496E+01    0.26496E+01    0
   36   30        42   28        1.36506           33.99720       41.23483         0.98839E+01    0.84060E+01    1
   38   31        45   28       -1.59478           43.82428       28.04978         0.77354E+01    0.67679E+01    1
   40   32        48   28       -0.49495            2.22203        1.34639         0.49580E+02    0.49580E+02    0
   42   33        51   28        1.82226           -2.28960        3.97922         0.38234E+02    0.31539E+02    1
   31   30        32   29       -0.38695          234.71684      230.64371         0.18586E+01    0.18586E+01    0
   33   31        35   29       -0.10714          212.57532      210.85542         0.24918E+01    0.24918E+01    0
   37   33        41   29       -0.20298            1.84684        1.67049         0.14291E+03    0.94270E+02    1
   39   34        44   29        0.94497          -22.36895      -20.60498         0.52984E+02    0.52984E+02    0
   43   36        50   29        0.53807           32.00844       36.77211         0.15407E+02    0.15407E+02    0
   32   31        33   30        0.02629          422.84121      423.15380         0.17605E+01    0.17605E+01    0
   34   32        36   30        0.12047          117.35339      118.27584         0.53250E+01    0.53250E+01    0
   36   33        39   30       -0.80067           12.24737        9.22624         0.20330E+02    0.16368E+02    1
   38   34        42   30        0.04792          -52.38072      -52.15481         0.40326E+02    0.17209E+02    1
   42   36        48   30       -0.49270           10.92161        6.83835         0.14113E+02    0.14113E+02    0
   44   37        51   30        0.24221            1.63222        6.92170         0.62833E+01    0.62833E+01    0
   33   32        34   31       -0.45553          301.61767      296.22968         0.17503E+01    0.16418E+01    1
   35   33        37   31       -1.81571          215.54450      172.04667         0.40475E+01    0.16964E+01    1
   37   34        40   31        0.29229          -14.84730      -14.52119         0.54012E+02    0.54012E+02    0
   39   35        43   31       -1.57652          -53.83910      -68.92390         0.94013E+01    0.83315E+01    1
   41   36        46   31       -0.71363          -14.83777      -19.93063         0.13658E+02    0.13658E+02    0
   43   37        49   31        0.18420            3.44398        6.31752         0.74648E+01    0.74648E+01    0
   45   38        52   31       -0.15140            8.61164        6.89028         0.12095E+02    0.12095E+02    0
   34   33        35   32        1.03655          302.51446      318.46629         0.13931E+01    0.13368E+01    1
   36   34        38   32       -0.92531          118.63719      115.33066         0.13730E+02    0.11170E+02    1
   38   35        41   32        0.82051           22.46163       27.97149         0.89623E+01    0.89623E+01    0
   40   36        44   32       -0.34812            0.34273       -2.44271         0.10202E+02    0.98657E+01    1
   42   37        47   32        0.12342           23.87217       25.73742         0.64185E+01    0.64185E+01    0
   44   38        50   32       -0.08999           17.47021       16.73305         0.14368E+02    0.14368E+02    0
   37   35        39   33        0.35805          127.32712      130.69863         0.42794E+01    0.42794E+01    0
   39   36        42   33       -1.69994          104.72124       88.51782         0.83265E+01    0.62794E+01    1
   41   37        45   33        1.40908           25.65565       49.07025         0.47400E+01    0.46817E+01    1
   43   38        48   33        0.58470           47.48788       51.95228         0.12706E+02    0.12706E+02    0
   45   39        51   33       -0.93264           28.16938       26.35752         0.90079E+02    0.61045E+02    1
   36   35        37   34       -2.10215          260.07702      206.75260         0.14407E+01    0.78405E+00    1
   38   36        40   34       -0.89547          167.52440      159.93147         0.54490E+01    0.47671E+01    1
   40   37        43   34        1.29021          -24.25740       -5.85961         0.53154E+01    0.42402E+01    1
   42   38        46   34       -1.48732           35.08410       22.71352         0.12279E+02    0.93759E+01    1
   44   39        49   34        1.29329            9.31540       12.48271         0.53569E+02    0.40579E+02    1
   46   40        52   34        0.45231           21.34378       22.98446         0.45485E+02    0.32865E+02    1
   37   36        38   35        0.23523          493.76717      498.04158         0.11616E+01    0.11251E+01    1
   43   39        47   35       -1.89513          130.53092       75.82618         0.43752E+01    0.27293E+01    1
   38   37        39   36        0.63713          220.76321      227.37143         0.19664E+01    0.19664E+01    0
   40   38        42   36        0.48765           71.44523       75.31853         0.51339E+01    0.51339E+01    0
   42   39        45   36       -0.90112          102.40625       93.26822         0.77175E+01    0.58220E+01    1
   44   40        48   36       -0.25832           71.80675       70.94684         0.23829E+02    0.23829E+02    0
   46   41        51   36        0.00729           28.55623       28.72618         0.42881E+01    0.42881E+01    0
   39   38        40   37       -0.27787          214.63644      212.15576         0.23762E+01    0.22185E+01    1
   41   39        43   37       -0.31947          136.24267      134.54243         0.80395E+01    0.77522E+01    1
   43   40        46   37       -0.84177          107.50385      104.29039         0.15623E+02    0.15438E+02    1
   45   41        49   37       -0.07091           30.58050       29.31160         0.45031E+01    0.45031E+01    0
   47   42        52   37        0.05049           -2.18564       -1.95998         0.22547E+02    0.22547E+02    0
   40   39        41   38       -0.07785           76.77507       76.46112         0.64346E+01    0.51904E+01    1
   42   40        44   38       -0.18015          219.53489      218.88723         0.10873E+02    0.10873E+02    0
   44   41        47   38       -0.15534           59.22202       57.07046         0.43231E+01    0.43231E+01    0
   46   42        50   38        0.12272           32.39767       32.61580         0.45611E+02    0.45611E+02    0
   41   40        42   39        0.52200          285.22128      289.85281         0.45013E+01    0.22879E+01    1
   43   41        45   39        0.10480          153.86592      155.46508         0.25583E+01    0.25583E+01    0
   45   42        48   39       -0.06617           57.00375       56.51924         0.82916E+01    0.82916E+01    0
   47   43        51   39       -0.69443           -0.12302       -9.39426         0.60153E+01    0.60153E+01    0
   42   41        43   40       -0.13687          197.83181      196.94993         0.30883E+01    0.30883E+01    0
   44   42        46   40       -0.33380           27.04344       26.44567         0.33424E+02    0.22675E+02    1
   46   43        49   40       -0.11224          -18.34938      -18.68123         0.20773E+02    0.20773E+02    0
   48   44        52   40       -0.97557           31.51262       26.63547         0.30072E+02    0.15740E+02    1
   43   42        44   41       -3.03807          536.84713      449.41990         0.57940E+01    0.69951E+00    1
   45   43        47   41        0.70870           94.53634       97.43022         0.10048E+02    0.99740E+01    1
   47   44        50   41       -0.09612           72.75194       72.52046         0.24435E+02    0.24435E+02    0
   44   43        45   42       -0.75661          177.96066      171.17232         0.58338E+01    0.22299E+01    1
   46   44        48   42        0.42431          189.02296      189.93946         0.18091E+02    0.18091E+02    0
   48   45        51   42       -1.25390          111.15530      100.49966         0.13452E+02    0.68230E+01    1
   45   44        46   43        0.58425          189.31976      195.71338         0.51613E+01    0.17663E+01    1
   47   45        49   43        0.18685           99.31554      100.19114         0.83324E+01    0.83324E+01    0
   49   46        52   43        0.37666           56.23031       58.34099         0.10333E+02    0.10333E+02    0
   46   45        47   44        0.15466          181.46351      182.20913         0.52865E+01    0.40371E+01    1
   48   46        50   44        0.25456           49.19900       49.98934         0.12441E+02    0.12441E+02    0
   47   46        48   45        0.12413           74.22018       74.66210         0.54747E+01    0.54747E+01    0
   49   47        51   45       -0.09463          107.19178      106.52925         0.55791E+01    0.55791E+01    0
   48   47        49   46       -0.25223          211.25483      209.90088         0.36570E+01    0.36570E+01    0
   50   48        52   46       -0.26074           65.27291       63.98543         0.78884E+01    0.78884E+01    0
   49   48        50   47       -0.15990          189.13708      188.57163         0.55427E+01    0.55427E+01    0
   50   49        51   48        0.07623          163.03174      163.37358         0.44144E+01    0.44144E+01    0
   51   50        52   49       -0.08063          172.58480      172.03156         0.28238E+01    0.28238E+01    0
