    P+   P-        C+   C-  Normalised_Error  Observed_Rho_a  Calculated_Rho_a  Original_Weight  Final_Weight    C
    2    8         4    6       -0.05493          860.05773      859.62653         0.63786E+01    0.63786E+01    0
    2   20         8   14        0.78740          171.60265      191.87703         0.53388E+01    0.53388E+01    0
    2   23         9   16       -1.80051          173.59079      158.09511         0.34997E+02    0.18422E+02    1
    2   26        10   18        1.71319           66.15516      145.65011         0.54421E+01    0.38634E+01    1
    2   31        13   24       -0.98349           41.96039       35.74759         0.25054E+02    0.25054E+02    0
    2   34        14   26        1.36916           -0.11721       10.37420         0.25911E+02    0.23016E+02    1
    2   37        15   28        0.96670           17.01221       24.54832         0.25273E+02    0.25273E+02    0
    3    6         4    5       -0.15086          990.89853      989.24493         0.19444E+01    0.19444E+01    0
    3    9         5    7        0.01940          612.18027      612.30006         0.68778E+01    0.68778E+01    0
    3   12         6    9       -0.06248          274.07389      273.81046         0.14797E+02    0.14797E+02    0
    3   15         7   11       -1.63342          155.59740      126.18697         0.76923E+01    0.48753E+01    1
    3   18         8   13        2.11460          103.90279      155.07606         0.12019E+02    0.45704E+01    1
    3   21         9   15        0.11622           65.04787       65.33127         0.54318E+02    0.54318E+02    0
    3   24        10   17        1.78059           44.98587       58.88510         0.31543E+02    0.19751E+02    1
    3   27        11   19       -1.22930           74.57517       22.85456         0.41685E+01    0.41241E+01    1
    3   29        13   23       -0.01025            8.39083        8.36713         0.59028E+02    0.59028E+02    0
    3   32        14   25        0.00435           15.08205       15.12153         0.17158E+02    0.17158E+02    0
    4    7         5    6       -0.13964         1396.88489     1395.40516         0.22273E+01    0.22273E+01    0
    4   10         6    8       -0.23688          300.77381      299.43359         0.73572E+01    0.73572E+01    0
    4   13         7   10        1.01920           44.37642       48.48346         0.16174E+02    0.16174E+02    0
    4   16         8   12       -0.16626           85.08645       84.83585         0.73029E+02    0.59268E+02    1
    4   19         9   14       -1.44189           79.79449       77.27316         0.20413E+03    0.63037E+02    1
    4   22        10   16       -0.69755           29.26862       26.68165         0.35658E+02    0.35658E+02    0
    4   28        12   20        0.59449           20.86304       24.52063         0.27731E+02    0.27731E+02    0
    4   30        14   24        0.43426            9.17326        9.23271         0.10000E+04    0.98202E+03    1
    4   33        15   26        1.57947          -16.35840       -8.71923         0.41433E+02    0.31904E+02    1
    4   36        16   28        0.00755          -14.40539      -14.24675         0.82939E+01    0.82939E+01    0
    4   45        19   30       -1.67432           34.01596        9.58937         0.36359E+02    0.24850E+02    1
    5    8         6    7        0.10620         1111.97837     1112.80209         0.26429E+01    0.26429E+01    0
    5   14         8   11       -1.33261          126.49323      116.30950         0.12247E+02    0.86382E+01    1
    5   17         9   13       -0.36452          160.06967      159.56121         0.13003E+03    0.63183E+02    1
    5   20        10   15        0.17435           19.15788       22.83088         0.52209E+01    0.52209E+01    0
    5   23        11   17       -2.13856           56.19178      -22.90569         0.95013E+01    0.35439E+01    1
    5   26        12   19       -0.01383           14.36696       14.03801         0.63525E+01    0.63525E+01    0
    5   31        15   25        0.39906           16.51859       16.69805         0.29942E+03    0.29942E+03    0
    5   34        16   27       -1.86212           -8.30874       -9.58217         0.58644E+03    0.22387E+03    1
    5   43        19   29       -0.79669           11.73416        2.04277         0.28338E+02    0.28338E+02    0
    5   46        20   31        0.95890          -11.59593        5.28839         0.20602E+02    0.20602E+02    0
    6    9         7    8       -0.13929          884.03324      882.49097         0.20638E+01    0.20638E+01    0
    6   15         9   12        1.34465          155.76753      173.52233         0.92439E+01    0.50928E+01    1
    6   18        10   14       -0.82501           78.15790       69.52697         0.84667E+01    0.84667E+01    0
    6   24        12   18        0.26557           12.56589       20.85184         0.41621E+01    0.41621E+01    0
    6   27        13   20       -0.94592          -32.04326      -47.55167         0.91566E+01    0.91566E+01    0
    6   29        15   24       -0.38313            6.66505        1.78783         0.89131E+01    0.89131E+01    0
    6   32        16   26        0.14232          -14.04234      -12.71272         0.14233E+02    0.14233E+02    0
    6   44        20   30        0.07064            5.04201        5.39336         0.69577E+02    0.69577E+02    0
    6   47        21   32        0.54983            1.84917        6.98378         0.39044E+02    0.39044E+02    0
    7   16        10   13       -0.93128          283.44450      277.71687         0.18096E+02    0.10593E+02    1
    7   22        12   17       -0.80599           43.91406       32.50552         0.75842E+01    0.75842E+01    0
    7   25        13   19        0.04398          -30.25658      -28.85823         0.40408E+01    0.40408E+01    0
    7   28        14   21       -0.67408            8.55309        5.71046         0.34951E+02    0.34951E+02    0
    7   30        16   25       -1.45314           27.23077       21.15383         0.32096E+02    0.26863E+02    1
    7   33        17   27       -2.05996           45.09432       25.10552         0.40217E+02    0.13612E+02    1
    7   42        20   29       -1.22099           11.16546       10.65187         0.10000E+04    0.77508E+03    1
    7   45        21   31       -1.28786           21.16632       13.12035         0.58269E+02    0.55027E+02    1
    7   48        22   33       -0.24750           25.33155       21.50401         0.23580E+02    0.23580E+02    0
    8   14        10   12        0.87586          164.80776      173.98873         0.60076E+01    0.41508E+01    1
    8   20        12   16       -0.27824           49.39281       44.14275         0.44817E+01    0.44817E+01    0
    8   26        14   20        0.56119          -29.36828      -27.03505         0.30635E+02    0.30635E+02    0
    8   31        17   26       -0.51489           15.16868       11.79749         0.16988E+02    0.16988E+02    0
    8   43        21   30        0.37379           -3.95805        0.50197         0.27494E+02    0.27494E+02    0
    9   18        12   15        1.41492           98.48012      111.21827         0.11638E+02    0.70265E+01    1
    9   21        13   17       -1.79037           13.01760      -24.80266         0.64657E+01    0.40533E+01    1
    9   24        14   19        0.30128          -34.68123      -28.68324         0.53928E+01    0.53928E+01    0
    9   27        15   21       -1.59951           33.74883        7.03020         0.99842E+01    0.75916E+01    1
    9   29        17   25       -0.37104           25.29563       24.34993         0.35722E+02    0.35722E+02    0
    9   32        18   27       -1.84825          104.13783       30.47197         0.46419E+01    0.27757E+01    1
    9   41        21   29        0.95232          -15.07597        1.51654         0.17677E+02    0.17677E+02    0
    9   44        22   31        0.43573           11.53866       19.61774         0.17694E+02    0.17694E+02    0
    9   47        23   33        1.36557           11.48035       33.63927         0.23945E+02    0.21326E+02    1
   10   16        12   14       -0.88456          272.40118      269.10875         0.11743E+02    0.11324E+02    1
   10   19        13   16       -0.25151           62.18182       61.18569         0.15964E+02    0.15964E+02    0
   10   25        15   20        0.59936           12.74707       16.28578         0.17991E+02    0.17991E+02    0
   10   28        16   22       -0.31014           12.22814        9.09818         0.12455E+02    0.12455E+02    0
   10   30        18   26       -1.58322           60.31390        6.49279         0.34183E+01    0.26259E+01    1
   10   33        19   28        1.34476            4.64248       11.24880         0.24870E+02    0.22493E+02    1
   10   42        22   30        0.12257           17.63893       17.85483         0.17732E+03    0.17732E+03    0
   10   48        24   34       -1.99981           31.71462       19.86324         0.13705E+03    0.58881E+02    1
   11   14        12   13       -0.04686          773.97494      773.68058         0.42976E+01    0.32723E+01    1
   11   17        13   15        0.25416          171.35899      172.47735         0.96852E+01    0.96852E+01    0
   11   20        14   17       -1.50993          139.75128       96.14070         0.30257E+01    0.22278E+01    1
   11   23        15   19       -1.16479           84.18722       52.02191         0.31400E+01    0.31400E+01    0
   11   26        16   21        1.03690           51.58655       57.10273         0.20116E+02    0.20116E+02    0
   11   31        19   27        2.47151           64.15475       86.24713         0.75495E+02    0.10010E+02    1
   11   40        22   29        1.21717            4.54049       25.75238         0.16832E+02    0.16818E+02    1
   11   43        23   31        0.58495           21.34249       31.89588         0.17330E+02    0.17330E+02    0
   11   46        24   33        0.33581           26.67997       34.97682         0.13341E+02    0.13341E+02    0
   12   15        13   14       -0.67127         1426.73202     1416.35014         0.20357E+01    0.14233E+01    1
   12   18        14   16        0.60305          172.76137      178.39994         0.48254E+01    0.45807E+01    1
   12   24        16   20       -0.24085           60.39386       57.70464         0.77896E+01    0.77896E+01    0
   12   27        17   22        0.09575           55.94227       57.15886         0.83242E+01    0.83242E+01    0
   12   29        19   26        0.14300           15.18034       16.35698         0.82517E+01    0.82517E+01    0
   12   32        20   28       -0.22983           25.50283       23.75025         0.11706E+02    0.11706E+02    0
   12   41        23   30        0.20040           21.22560       29.04805         0.75789E+01    0.75789E+01    0
   12   44        24   32       -0.10636           33.30449       32.22556         0.30961E+02    0.30961E+02    0
   12   47        25   34        0.52131            8.93264       22.03158         0.13193E+02    0.13193E+02    0
   12   50        26   36       -1.26050           13.01532       12.45443         0.10000E+04    0.78753E+03    1
   13   16        14   15       -0.25638          387.31215      386.02579         0.42750E+01    0.42750E+01    0
   13   19        15   17       -0.06409          362.05855      361.33098         0.37845E+01    0.37845E+01    0
   13   22        16   19        0.20173           57.84700       62.89550         0.26492E+01    0.26492E+01    0
   13   25        17   21       -0.47644          124.21696      123.17173         0.38944E+02    0.38944E+02    0
   13   30        20   27        1.60372          108.64054      112.52835         0.64998E+02    0.27741E+02    1
   13   39        23   29       -0.62877           39.63838       37.74151         0.91916E+02    0.91916E+02    0
   13   42        24   31       -0.83719           42.81720       31.42910         0.21815E+02    0.21815E+02    0
   13   45        25   33       -1.38100           54.26076       32.34479         0.22321E+02    0.19657E+02    1
   14   17        15   16        0.36601          384.82238      388.20555         0.30275E+01    0.23058E+01    1
   14   23        17   20        0.08048           87.36806       88.14586         0.67222E+01    0.67222E+01    0
   14   31        21   28       -0.25393           58.17156       56.04028         0.80594E+01    0.80594E+01    0
   14   40        24   30       -1.80272           39.73223       29.46998         0.83713E+02    0.49197E+02    1
   14   43        25   32        1.25183            6.99121       17.66119         0.35939E+02    0.34917E+02    1
   14   46        26   34        0.81919           17.66815       31.30569         0.18928E+02    0.18928E+02    0
   14   52        28   38        0.20158          -45.14201      -41.52020         0.19362E+02    0.19362E+02    0
   15   18        16   17        0.16142         1105.46501     1108.48139         0.16551E+01    0.11825E+01    1
   15   21        17   19       -0.23086           43.92719       40.50128         0.29540E+01    0.29540E+01    0
   15   24        18   21        1.42314           80.37001      114.96137         0.31727E+01    0.26729E+01    1
   15   27        19   23       -0.15898           -3.23291       -3.54641         0.42830E+02    0.42830E+02    0
   15   29        21   27       -1.34184          166.83145      160.95311         0.12785E+02    0.10343E+02    1
   15   38        24   29       -1.50167           41.78861       20.21573         0.22583E+02    0.18290E+02    1
   15   41        25   31        0.68137            0.86208        9.39274         0.22253E+02    0.22253E+02    0
   15   50        28   37        0.00780          -25.13030      -25.02206         0.23838E+02    0.23838E+02    0
   16   19        17   18       -0.06040          437.97024      437.22241         0.16957E+01    0.16957E+01    0
   16   25        19   22        0.03310           99.23510       99.40044         0.12574E+02    0.12574E+02    0
   16   28        20   24        0.64299           -0.82737        4.58678         0.10011E+02    0.10011E+02    0
   16   30        22   28       -1.26428           60.26184       53.56718         0.87789E+01    0.84451E+01    1
   16   39        25   30        1.23065            3.51128        7.48370         0.82702E+02    0.81731E+02    1
   16   45        27   34       -0.39620           13.21182        6.70325         0.18104E+02    0.18104E+02    0
   16   48        28   36        0.06091           -4.50620       -4.00242         0.37862E+02    0.37862E+02    0
   17   20        18   19       -0.36885         1031.20098     1018.29433         0.64263E+00    0.64263E+00    0
   17   23        19   21        0.25504          344.79669      351.89184         0.15443E+01    0.15443E+01    0
   17   26        20   23        0.19205          134.04928      139.42644         0.23006E+01    0.23006E+01    0
   17   37        25   29        0.00702           -5.11539       -4.28063         0.20937E+01    0.20937E+01    0
   18   21        19   20        0.23946          700.68157      703.90642         0.15721E+01    0.15721E+01    0
   18   24        20   22       -0.02753          405.62221      405.24743         0.31397E+01    0.31397E+01    0
   19   22        20   21        0.59561          606.85204      614.81828         0.22783E+01    0.16936E+01    1
   19   25        21   23       -0.16349          139.03137      138.43012         0.11705E+02    0.11705E+02    0
   19   28        22   25       -1.20600           -2.24943       -5.17800         0.26923E+02    0.26923E+02    0
   19   42        28   33        0.76484            2.44307        3.87056         0.17775E+03    0.14260E+03    1
   20   23        21   22       -0.12720          674.84559      673.70775         0.23610E+01    0.23610E+01    0
   20   26        22   24       -0.17516          221.16360      220.41432         0.12366E+02    0.10182E+02    1
   20   37        27   30        2.14369          -43.54160      -31.11208         0.10175E+03    0.42214E+02    1
   20   40        28   32        0.30809            2.67987        7.19540         0.17193E+02    0.17193E+02    0
   21   24        22   23       -0.65167          900.73673      894.94144         0.25277E+01    0.25277E+01    0
   21   27        23   25       -0.35882          236.41862      234.73790         0.92649E+01    0.92649E+01    0
   21   38        28   31        1.59554          -13.84319       -5.81283         0.63157E+02    0.48142E+02    1
   22   25        23   24        0.01208          545.64906      545.73286         0.30368E+01    0.29839E+01    1
   22   28        24   26        0.41086          268.46771      270.04991         0.10906E+02    0.10906E+02    0
   22   36        28   30       -0.03402          -31.63868      -32.25439         0.13787E+02    0.13787E+02    0
   22   51        29   40       -1.83824            7.96626       -6.71134         0.52281E+02    0.19484E+02    1
   23   26        24   25       -0.13874         1368.31378     1366.96548         0.22948E+01    0.22948E+01    0
   23   34        28   29       -0.07299            2.14385        1.53454         0.36697E+02    0.36697E+02    0
   23   49        29   39       -0.07989            2.16111        1.59349         0.18918E+02    0.18918E+02    0
   23   52        30   41       -1.71251           20.64628        5.71276         0.31721E+02    0.17645E+02    1
   24   27        25   26       -0.08233          409.38245      408.63836         0.22464E+01    0.22464E+01    0
   24   47        29   38        1.60132           -8.04098        9.04536         0.14709E+02    0.10541E+02    1
   24   50        30   40       -0.39820            3.71697        2.33950         0.38258E+02    0.38258E+02    0
   25   28        26   27       -0.40420         1190.43625     1187.62562         0.30852E+01    0.30852E+01    0
   25   45        29   37        0.21339            8.25780        9.18684         0.20920E+02    0.20920E+02    0
   25   48        30   39       -0.06694           16.06877       15.52266         0.13620E+02    0.13620E+02    0
   25   51        31   41       -0.57276           23.19827       23.03380         0.10000E+04    0.46030E+03    1
   26   43        29   36       -1.53792           10.57427        6.08216         0.29570E+02    0.23384E+02    1
   26   46        30   38       -0.40016            3.26392        2.06551         0.29655E+02    0.29655E+02    0
   26   49        31   40        2.18552          -17.40729       -4.00185         0.48314E+02    0.17997E+02    1
   27   44        30   37       -0.05055           93.76242       93.48707         0.12304E+02    0.12304E+02    0
   27   47        31   39        1.41822           51.08937       70.82763         0.74241E+01    0.63666E+01    1
   28   39        29   34        0.08250           58.89869       59.19339         0.62504E+01    0.62504E+01    0
   28   42        30   36        1.09388           56.65826       57.40384         0.74235E+02    0.65390E+02    1
   28   45        31   38       -1.34284           52.58522       51.94485         0.17024E+03    0.14038E+03    1
   28   48        32   40       -1.25730           10.75131        7.18489         0.55895E+02    0.30923E+02    1
   28   51        33   42        0.18952            4.66862        6.34322         0.12279E+02    0.12279E+02    0
   29   32        30   31       -0.76039          304.40030      299.81513         0.47195E+01    0.32445E+01    1
   29   35        31   33        0.19468          273.23408      274.16657         0.83507E+01    0.83507E+01    0
   29   41        33   37        0.07898           10.08977       11.17673         0.59514E+01    0.59514E+01    0
   29   44        34   39       -0.51446          -17.66647      -24.35918         0.76027E+01    0.76027E+01    0
   29   50        36   43       -2.20095           32.95802       19.33060         0.12360E+03    0.22030E+02    1
   30   33        31   32       -0.48543          449.67162      447.46882         0.46126E+01    0.46126E+01    0
   30   36        32   34       -0.04889          161.03036      160.73654         0.67849E+01    0.67849E+01    0
   30   39        33   36       -1.47030           31.40471       27.89106         0.40307E+02    0.25843E+02    1
   30   42        34   38        0.30728          -45.77103      -44.96400         0.30887E+02    0.30887E+02    0
   30   48        36   42       -1.58675           10.84436        4.86282         0.16306E+03    0.31026E+02    1
   30   51        37   44       -1.56288           13.63326        7.87193         0.67961E+02    0.37223E+02    1
   31   34        32   33        0.29412          351.73819      353.40437         0.34279E+01    0.34279E+01    0
   31   37        33   35       -1.64269          183.15274      129.95795         0.17991E+01    0.12550E+01    1
   31   40        34   37       -0.08986           -7.98476       -8.90915         0.58577E+01    0.58577E+01    0
   31   43        35   39        1.39025         -106.76124      -86.28433         0.61870E+01    0.54124E+01    1
   31   46        36   41       -0.86226          -20.40030      -30.29201         0.84966E+01    0.84966E+01    0
   31   49        37   43        0.25852            4.47490        7.75436         0.91798E+01    0.91798E+01    0
   31   52        38   45       -1.70545           28.97453        5.97395         0.16597E+02    0.10196E+02    1
   32   35        33   34        0.63500          494.77076      501.77080         0.18662E+01    0.18662E+01    0
   32   38        34   36       -0.25093          149.77407      147.56917         0.45426E+01    0.45426E+01    0
   32   41        35   38        1.53731          -12.34667       10.24172         0.61576E+01    0.40959E+01    1
   32   44        36   40       -2.06355           -7.40668      -52.15174         0.10153E+02    0.36406E+01    1
   32   47        37   42        0.30824           25.14493       28.93430         0.78905E+01    0.78905E+01    0
   32   50        38   44       -0.86738           16.47759       12.47749         0.25521E+02    0.25521E+02    0
   33   39        35   37       -0.29267          150.91601      148.05132         0.41169E+01    0.41169E+01    0
   33   42        36   39       -1.90546          107.91145       42.08630         0.35076E+01    0.17326E+01    1
   33   45        37   41       -0.24974           50.38215       46.18463         0.46286E+01    0.46286E+01    0
   33   48        38   43       -0.14243           54.02369       52.20004         0.75772E+01    0.75772E+01    0
   33   51        39   45        0.62940           16.09842       27.78219         0.63886E+01    0.63886E+01    0
   34   37        35   36       -1.60913          509.80848      490.59104         0.35200E+01    0.16653E+01    1
   34   40        36   38       -1.35348          177.01277      171.27130         0.14850E+02    0.95289E+01    1
   34   43        37   40        1.16356           -6.62213       -2.94897         0.19153E+02    0.19153E+02    0
   34   46        38   42       -1.33589           42.83170       39.24804         0.10482E+03    0.29070E+02    1
   34   49        39   44       -0.03382           13.66679       13.64921         0.19108E+03    0.19108E+03    0
   34   52        40   46        0.53551           23.94422       24.41132         0.10000E+04    0.13667E+03    1
   35   38        36   37        0.84766          467.45325      481.65833         0.12200E+01    0.12200E+01    0
   35   47        39   43       -0.77485          102.72236       75.82081         0.22692E+01    0.22692E+01    0
   36   39        37   38        0.14672          285.31879      285.86220         0.55067E+01    0.55067E+01    0
   36   42        38   40        1.60796           91.45515       93.71459         0.52502E+02    0.29020E+02    1
   36   45        39   42       -1.35893          103.99166      100.81689         0.41744E+02    0.25271E+02    1
   36   48        40   44       -1.23910           75.50700       74.00528         0.66684E+02    0.65452E+02    1
   36   51        41   46        1.40816           31.20536       36.12590         0.37961E+02    0.28596E+02    1
   37   40        38   39       -0.60859          270.70427      268.37102         0.51660E+01    0.51660E+01    0
   37   43        39   41       -0.25726          136.04050      135.72849         0.34018E+02    0.34018E+02    0
   37   46        40   43       -1.59822          108.11318      106.23491         0.95700E+02    0.50149E+02    1
   37   49        41   45       -2.35685           48.59585       34.80781         0.82852E+02    0.13774E+02    1
   37   52        42   47       -1.76749           -1.81496      -10.04523         0.63069E+02    0.21643E+02    1
   38   41        39   40        0.08053           88.36947       88.63255         0.79006E+01    0.64073E+01    1
   38   44        40   42       -1.36304          221.23936      218.87996         0.53328E+02    0.22582E+02    1
   38   47        41   44        0.21685           65.99391       66.40640         0.35676E+02    0.31478E+02    1
   38   50        42   46       -1.00943           34.64448       33.41869         0.13255E+03    0.66761E+02    1
   39   42        40   41        2.05655          290.09975      318.64273         0.11099E+02    0.14626E+01    1
   39   45        41   43        1.26081          152.48702      157.45305         0.16954E+02    0.99115E+01    1
   39   48        42   45       -0.40381           66.08723       64.67345         0.17341E+02    0.17341E+02    0
   39   51        43   47       -1.41581            2.95613       -6.63600         0.22978E+02    0.11854E+02    1
   40   43        41   42       -0.36184          202.09283      201.01963         0.15355E+02    0.67087E+01    1
   40   46        42   44       -0.16902           36.29866       35.89966         0.24715E+02    0.17201E+02    1
   40   49        43   46       -0.81180          -13.81809      -15.22189         0.47581E+02    0.35517E+02    1
   40   52        44   48       -0.26248           33.34544       32.28657         0.34917E+02    0.19506E+02    1
   41   44        42   43       -2.45252          536.48284      507.49620         0.10696E+02    0.17032E+01    1
   41   47        43   45       -0.19330          108.28848      107.83318         0.17291E+02    0.17291E+02    0
   41   50        44   47        0.82150           75.21717       76.30009         0.46977E+02    0.44642E+02    1
   42   45        43   44       -0.52810          174.71857      173.12798         0.13721E+02    0.66426E+01    1
   42   48        44   46        0.89185          193.67879      195.75134         0.16815E+02    0.16815E+02    0
   42   51        45   48       -1.32605          118.43996      113.01068         0.16354E+02    0.14161E+02    1
   43   46        44   45        1.41622          207.32633      215.61546         0.10974E+02    0.33024E+01    1
   43   49        45   47        0.73242           94.35017       95.88374         0.24489E+02    0.18648E+02    1
   43   52        46   49        0.33586           63.55063       64.16935         0.31431E+02    0.31431E+02    0
   44   47        45   46        0.37580          172.08547      173.24074         0.90753E+01    0.63313E+01    1
   44   50        46   48        0.48900           58.12710       59.20201         0.20986E+02    0.17572E+02    1
   45   48        46   47       -0.05969           89.07716       88.96480         0.10355E+02    0.10355E+02    0
   45   51        47   49        0.49622          121.44838      122.77093         0.16265E+02    0.14656E+02    1
   46   49        47   48       -0.64451          219.37509      218.07112         0.97029E+01    0.97029E+01    0
   46   52        48   50       -0.70946           77.14258       75.14511         0.15955E+02    0.13834E+02    1
   47   50        48   49       -0.17263          200.04420      199.69336         0.96442E+01    0.96442E+01    0
   48   51        49   50        0.21337          170.10402      170.69171         0.71867E+01    0.71867E+01    0
   49   52        50   51       -0.31147          212.87434      211.68368         0.50682E+01    0.50682E+01    0
    6    4         8    2       -0.03219          860.05773      859.62653         0.37384E+01    0.37384E+01    0
   14    8        20    2        1.32321          171.60265      191.87703         0.97613E+01    0.89719E+01    1
   16    9        23    2       -1.12801          173.59079      158.09511         0.11541E+02    0.11541E+02    0
   18   10        26    2        1.60090           66.15516      145.65011         0.47521E+01    0.36102E+01    1
   24   13        31    2       -0.56614           41.96039       35.74759         0.14422E+02    0.14422E+02    0
   26   14        34    2        0.43756           -0.11721       10.37420         0.73554E+01    0.73554E+01    0
   28   15        37    2        0.44195           17.01221       24.54832         0.11554E+02    0.11554E+02    0
    5    4         6    3       -0.14449          990.89853      989.24493         0.18624E+01    0.18624E+01    0
    7    5         9    3        0.01470          612.18027      612.30006         0.52107E+01    0.52107E+01    0
    9    6        12    3       -0.05050          274.07389      273.81046         0.11960E+02    0.11960E+02    0
   11    7        15    3       -1.70063          155.59740      126.18697         0.10621E+02    0.50759E+01    1
   13    8        18    3        1.33263          103.90279      155.07606         0.31560E+01    0.28803E+01    1
   15    9        21    3        0.02965           65.04787       65.33127         0.13860E+02    0.13860E+02    0
   17   10        24    3        0.18897           44.98587       58.88510         0.20961E+01    0.20961E+01    0
   19   11        27    3       -2.12562           74.57517       22.85456         0.19120E+02    0.71311E+01    1
   23   13        29    3       -0.15497            8.39083        8.36713         0.10000E+04    0.89213E+03    1
   25   14        32    3        0.25377           15.08205       15.12153         0.10000E+04    0.10000E+04    0
    6    5         7    4       -0.11879         1396.88489     1395.40516         0.18947E+01    0.18947E+01    0
    8    6        10    4       -0.18793          300.77381      299.43359         0.58368E+01    0.58368E+01    0
   10    7        13    4        0.65185           44.37642       48.48346         0.10344E+02    0.10344E+02    0
   12    8        16    4       -0.01949           85.08645       84.83585         0.69467E+01    0.69467E+01    0
   14    9        19    4       -0.32293           79.79449       77.27316         0.14118E+02    0.14118E+02    0
   16   10        22    4       -1.03108           29.26862       26.68165         0.52708E+02    0.52708E+02    0
   20   12        28    4        0.38676           20.86304       24.52063         0.18041E+02    0.18041E+02    0
   24   14        30    4        0.02494            9.17326        9.23271         0.56389E+02    0.56389E+02    0
   26   15        33    4        0.43097          -16.35840       -8.71923         0.87053E+01    0.87053E+01    0
   28   16        36    4        0.52331          -14.40539      -14.24675         0.10000E+04    0.57452E+03    1
   30   19        45    4       -1.14705           34.01596        9.58937         0.17024E+02    0.17024E+02    0
    7    6         8    5        0.09491         1111.97837     1112.80209         0.23618E+01    0.23618E+01    0
   11    8        14    5       -1.43017          126.49323      116.30950         0.21553E+02    0.92706E+01    1
   13    9        17    5       -0.15685          160.06967      159.56121         0.27188E+02    0.27188E+02    0
   15   10        20    5        1.05599           19.15788       22.83088         0.31622E+02    0.31622E+02    0
   17   11        23    5       -1.24494           56.19178      -22.90569         0.21118E+01    0.20631E+01    1
   19   12        26    5       -0.30740           14.36696       14.03801         0.14120E+03    0.14120E+03    0
   25   15        31    5        0.72335           16.51859       16.69805         0.10000E+04    0.54274E+03    1
   27   16        34    5       -0.07815           -8.30874       -9.58217         0.93957E+01    0.93957E+01    0
   29   19        43    5       -0.76574           11.73416        2.04277         0.27237E+02    0.27237E+02    0
   31   20        46    5        0.17941          -11.59593        5.28839         0.38547E+01    0.38547E+01    0
    8    7         9    6       -0.15459          884.03324      882.49097         0.22905E+01    0.22905E+01    0
   12    9        15    6        1.23718          155.76753      173.52233         0.56617E+01    0.46858E+01    1
   14   10        18    6       -0.29155           78.15790       69.52697         0.29920E+01    0.29920E+01    0
   18   12        24    6        0.36089           12.56589       20.85184         0.56559E+01    0.56559E+01    0
   20   13        27    6       -1.60239          -32.04326      -47.55167         0.20437E+02    0.15511E+02    1
   24   15        29    6       -0.63265            6.66505        1.78783         0.14718E+02    0.14718E+02    0
   26   16        32    6        1.31486          -14.04234      -12.71272         0.14216E+03    0.13150E+03    1
   30   20        44    6        0.00738            5.04201        5.39336         0.72648E+01    0.72648E+01    0
   32   21        47    6        0.27953            1.84917        6.98378         0.19850E+02    0.19850E+02    0
   13   10        16    7       -0.79454          283.44450      277.71687         0.95960E+01    0.90380E+01    1
   17   12        22    7       -0.23890           43.91406       32.50552         0.22480E+01    0.22480E+01    0
   19   13        25    7        1.36896          -30.25658      -28.85823         0.18938E+03    0.12579E+03    1
   21   14        28    7       -0.91692            8.55309        5.71046         0.56864E+02    0.47542E+02    1
   25   16        30    7       -1.51332           27.23077       21.15383         0.35016E+02    0.27976E+02    1
   27   17        33    7       -1.36086           45.09432       25.10552         0.10062E+02    0.89921E+01    1
   29   20        42    7       -0.00984           11.16546       10.65187         0.62488E+01    0.62488E+01    0
   31   21        45    7       -0.38350           21.16632       13.12035         0.16386E+02    0.16386E+02    0
   33   22        48    7       -0.06650           25.33155       21.50401         0.63361E+01    0.63361E+01    0
   12   10        14    8        0.77328          164.80776      173.98873         0.46828E+01    0.36646E+01    1
   16   12        20    8       -0.95979           49.39281       44.14275         0.15460E+02    0.15460E+02    0
   20   14        26    8        0.44723          -29.36828      -27.03505         0.24414E+02    0.24414E+02    0
   26   17        31    8       -0.79792           15.16868       11.79749         0.26325E+02    0.26325E+02    0
   30   21        43    8        0.43973           -3.95805        0.50197         0.32344E+02    0.32344E+02    0
   15   12        18    9        0.64722           98.48012      111.21827         0.32141E+01    0.32141E+01    0
   17   13        21    9       -0.87665           13.01760      -24.80266         0.19847E+01    0.19847E+01    0
   19   14        24    9        1.43127          -34.68123      -28.68324         0.30150E+02    0.25619E+02    1
   21   15        27    9       -2.30712           33.74883        7.03020         0.46659E+02    0.10950E+02    1
   25   17        29    9       -0.81112           25.29563       24.34993         0.78178E+02    0.78092E+02    1
   27   18        32    9       -2.23183          104.13783       30.47197         0.98694E+01    0.33518E+01    1
   29   21        41    9        1.97336          -15.07597        1.51654         0.77439E+02    0.36629E+02    1
   31   22        44    9        0.25089           11.53866       19.61774         0.10188E+02    0.10188E+02    0
   33   23        47    9        0.35795           11.48035       33.63927         0.55901E+01    0.55901E+01    0
   14   12        16   10       -0.47451          272.40118      269.10875         0.60744E+01    0.60744E+01    0
   16   13        19   10       -0.23148           62.18182       61.18569         0.14693E+02    0.14693E+02    0
   20   15        25   10        1.34512           12.74707       16.28578         0.44656E+02    0.40376E+02    1
   22   16        28   10       -1.24901           12.22814        9.09818         0.52830E+02    0.50160E+02    1
   26   18        30   10       -2.25614           60.31390        6.49279         0.10962E+02    0.37420E+01    1
   28   19        33   10        0.87605            4.64248       11.24880         0.14653E+02    0.14653E+02    0
   30   22        42   10        0.03159           17.63893       17.85483         0.45699E+02    0.45699E+02    0
   34   24        48   10       -0.50388           31.71462       19.86324         0.14836E+02    0.14836E+02    0
   13   12        14   11       -0.04131          773.97494      773.68058         0.33397E+01    0.28846E+01    1
   15   13        17   11        0.21769          171.35899      172.47735         0.82954E+01    0.82954E+01    0
   17   14        20   11       -1.21626          139.75128       96.14070         0.17946E+01    0.17945E+01    1
   19   15        23   11       -1.84046           84.18722       52.02191         0.82783E+01    0.49614E+01    1
   21   16        26   11        1.62765           51.58655       57.10273         0.48826E+02    0.31577E+02    1
   27   19        31   11        1.78717           64.15475       86.24713         0.12244E+02    0.72384E+01    1
   29   22        40   11        1.58544            4.54049       25.75238         0.28557E+02    0.21907E+02    1
   31   23        43   11        0.25858           21.34249       31.89588         0.76606E+01    0.76606E+01    0
   33   24        46   11        0.19279           26.67997       34.97682         0.76592E+01    0.76592E+01    0
   14   13        15   12       -0.70130         1426.73202     1416.35014         0.22219E+01    0.14870E+01    1
   16   14        18   12        0.33033          172.76137      178.39994         0.25091E+01    0.25091E+01    0
   20   16        24   12       -1.27372           60.39386       57.70464         0.61172E+02    0.41195E+02    1
   22   17        27   12        0.55642           55.94227       57.15886         0.60606E+02    0.48373E+02    1
   26   19        29   12        0.26489           15.18034       16.35698         0.15285E+02    0.15285E+02    0
   28   20        32   12       -0.10470           25.50283       23.75025         0.53329E+01    0.53329E+01    0
   30   23        41   12        1.57726           21.22560       29.04805         0.84331E+02    0.59652E+02    1
   32   24        44   12       -0.78013           33.30449       32.22556         0.22710E+03    0.22710E+03    0
   34   25        47   12        0.85646            8.93264       22.03158         0.21674E+02    0.21674E+02    0
   36   26        50   12       -0.04731           13.01532       12.45443         0.29559E+02    0.29559E+02    0
   15   14        16   13       -0.20733          387.31215      386.02579         0.34571E+01    0.34571E+01    0
   17   15        19   13       -0.02782          362.05855      361.33098         0.16430E+01    0.16430E+01    0
   19   16        22   13        0.97740           57.84700       62.89550         0.12836E+02    0.12836E+02    0
   21   17        25   13       -1.26762          124.21696      123.17173         0.38655E+03    0.10361E+03    1
   27   20        30   13        0.22434          108.64054      112.52835         0.38807E+01    0.38807E+01    0
   29   23        39   13       -0.98743           39.63838       37.74151         0.14435E+03    0.14435E+03    0
   31   24        42   13       -1.39864           42.81720       31.42910         0.41912E+02    0.36445E+02    1
   33   25        45   13       -0.60516           54.26076       32.34479         0.86138E+01    0.86138E+01    0
   16   15        17   14        0.36891          384.82238      388.20555         0.30757E+01    0.23241E+01    1
   20   17        23   14        0.44799           87.36806       88.14586         0.37418E+02    0.37418E+02    0
   28   21        31   14       -0.90304           58.17156       56.04028         0.28661E+02    0.28661E+02    0
   30   24        40   14       -0.45835           39.73223       29.46998         0.12509E+02    0.12509E+02    0
   32   25        43   14        0.92301            6.99121       17.66119         0.25745E+02    0.25745E+02    0
   34   26        46   14        1.33439           17.66815       31.30569         0.33828E+02    0.30832E+02    1
   38   28        52   14        1.49286          -45.14201      -41.52020         0.17766E+03    0.14339E+03    1
   17   16        18   15        0.11938         1105.46501     1108.48139         0.90525E+00    0.87454E+00    1
   19   17        21   15       -0.57649           43.92719       40.50128         0.73764E+01    0.73764E+01    0
   21   18        24   15        1.72437           80.37001      114.96137         0.99998E+01    0.32386E+01    1
   23   19        27   15       -0.80775           -3.23291       -3.54641         0.38027E+03    0.21761E+03    1
   27   21        29   15       -1.08449          166.83145      160.95311         0.83591E+01    0.83591E+01    0
   29   24        38   15       -1.06732           41.78861       20.21573         0.13000E+02    0.13000E+02    0
   31   25        41   15        0.66154            0.86208        9.39274         0.21606E+02    0.21606E+02    0
   37   28        50   15        0.18614          -25.13030      -25.02206         0.83916E+03    0.56871E+03    1
   18   17        19   16       -0.07655          437.97024      437.22241         0.21493E+01    0.21493E+01    0
   22   19        25   16        0.16851           99.23510       99.40044         0.84541E+02    0.64012E+02    1
   24   20        28   16        0.24644           -0.82737        4.58678         0.38371E+01    0.38371E+01    0
   28   22        30   16       -1.78678           60.26184       53.56718         0.19975E+02    0.11935E+02    1
   30   25        39   16        0.15018            3.51128        7.48370         0.99739E+01    0.99739E+01    0
   34   27        45   16       -1.85203           13.21182        6.70325         0.30026E+03    0.84628E+02    1
   36   28        48   16        0.05451           -4.50620       -4.00242         0.33885E+02    0.33885E+02    0
   19   18        20   17       -0.96358         1031.20098     1018.29433         0.16788E+01    0.16788E+01    0
   21   19        23   17        0.82174          344.79669      351.89184         0.49758E+01    0.49758E+01    0
   23   20        26   17        0.28058          134.04928      139.42644         0.33611E+01    0.33611E+01    0
   29   25        37   17        0.03863           -5.11539       -4.28063         0.11515E+02    0.11515E+02    0
   20   19        21   18        0.23578          700.68157      703.90642         0.15479E+01    0.15479E+01    0
   22   20        24   18       -0.01544          405.62221      405.24743         0.17604E+01    0.17604E+01    0
   21   20        22   19        0.45466          606.85204      614.81828         0.13276E+01    0.12928E+01    1
   23   21        25   19       -0.04248          139.03137      138.43012         0.30418E+01    0.30418E+01    0
   25   22        28   19       -0.14331           -2.24943       -5.17800         0.31994E+01    0.31994E+01    0
   33   28        42   19        0.01466            2.44307        3.87056         0.27339E+01    0.27339E+01    0
   22   21        23   20       -0.13350          674.84559      673.70775         0.24779E+01    0.24779E+01    0
   24   22        26   20       -0.08766          221.16360      220.41432         0.50957E+01    0.50957E+01    0
   30   27        37   20        0.87629          -43.54160      -31.11208         0.17256E+02    0.17256E+02    0
   32   28        40   20        0.26896            2.67987        7.19540         0.15009E+02    0.15009E+02    0
   23   22        24   21       -0.48579          900.73673      894.94144         0.18842E+01    0.18842E+01    0
   25   23        27   21       -0.23564          236.41862      234.73790         0.60843E+01    0.60843E+01    0
   31   28        38   21        0.44248          -13.84319       -5.81283         0.13351E+02    0.13351E+02    0
   24   23        25   22        0.00936          545.64906      545.73286         0.23117E+01    0.23117E+01    0
   26   24        28   22        0.27140          268.46771      270.04991         0.72041E+01    0.72041E+01    0
   30   28        36   22       -1.15012          -31.63868      -32.25439         0.10000E+04    0.46609E+03    1
   40   29        51   22       -1.49844            7.96626       -6.71134         0.21262E+02    0.15882E+02    1
   25   24        26   23       -0.14675         1368.31378     1366.96548         0.24273E+01    0.24273E+01    0
   29   28        34   23       -0.13326            2.14385        1.53454         0.66992E+02    0.66992E+02    0
   39   29        49   23       -0.45107            2.16111        1.59349         0.11414E+03    0.10681E+03    1
   41   30        52   23       -1.67384           20.64628        5.71276         0.28951E+02    0.17246E+02    1
   26   25        27   24       -0.09265          409.38245      408.63836         0.25281E+01    0.25281E+01    0
   38   29        47   24        1.67364           -8.04098        9.04536         0.17552E+02    0.11017E+02    1
   40   30        50   24       -0.20446            3.71697        2.33950         0.19645E+02    0.19645E+02    0
   27   26        28   25       -0.35803         1190.43625     1187.62562         0.27327E+01    0.27327E+01    0
   37   29        45   25        1.14818            8.25780        9.18684         0.12077E+03    0.11256E+03    1
   39   30        48   25       -0.48933           16.06877       15.52266         0.99561E+02    0.99561E+02    0
   41   31        51   25       -0.13692           23.19827       23.03380         0.11004E+03    0.11004E+03    0
   36   29        43   26       -1.11256           10.57427        6.08216         0.16917E+02    0.16917E+02    0
   38   30        46   26       -0.49241            3.26392        2.06551         0.36492E+02    0.36492E+02    0
   40   31        49   26        1.81478          -17.40729       -4.00185         0.22641E+02    0.14944E+02    1
   37   30        44   27       -1.46582           93.76242       93.48707         0.58464E+03    0.35675E+03    1
   39   31        47   27        2.19496           51.08937       70.82763         0.29825E+02    0.98535E+01    1
   34   29        39   28        0.06850           58.89869       59.19339         0.51897E+01    0.51897E+01    0
   36   30        42   28        0.18352           56.65826       57.40384         0.10971E+02    0.10971E+02    0
   38   31        45   28       -0.14313           52.58522       51.94485         0.14962E+02    0.14962E+02    0
   40   32        48   28       -1.08143           10.75131        7.18489         0.31755E+02    0.26597E+02    1
   42   33        51   28        0.26406            4.66862        6.34322         0.17109E+02    0.17109E+02    0
   31   30        32   29       -0.60050          304.40030      299.81513         0.29434E+01    0.25622E+01    1
   33   31        35   29        0.08670          273.23408      274.16657         0.37191E+01    0.37191E+01    0
   37   33        41   29        0.60011           10.08977       11.17673         0.45219E+02    0.45219E+02    0
   39   34        44   29       -1.36006          -17.66647      -24.35918         0.34708E+02    0.20099E+02    1
   43   36        50   29       -1.01356           32.95802       19.33060         0.10145E+02    0.10145E+02    0
   32   31        33   30       -0.24688          449.67162      447.46882         0.23459E+01    0.23459E+01    0
   34   32        36   30       -0.05953          161.03036      160.73654         0.82602E+01    0.82602E+01    0
   36   33        39   30       -1.31894           31.40471       27.89106         0.25141E+02    0.23183E+02    1
   38   34        42   30        0.58372          -45.77103      -44.96400         0.65430E+02    0.58675E+02    1
   42   36        48   30       -0.44259           10.84436        4.86282         0.86541E+01    0.86541E+01    0
   44   37        51   30       -0.73896           13.63326        7.87193         0.17600E+02    0.17600E+02    0
   33   32        34   31        0.18481          351.73819      353.40437         0.21539E+01    0.21539E+01    0
   35   33        37   31       -1.66632          183.15274      129.95795         0.19048E+01    0.12730E+01    1
   37   34        40   31       -1.11575           -7.98476       -8.90915         0.10539E+03    0.72736E+02    1
   39   35        43   31        1.71121         -106.76124      -86.28433         0.93969E+01    0.66620E+01    1
   41   36        46   31       -1.20200          -20.40030      -30.29201         0.11844E+02    0.11844E+02    0
   43   37        49   31        1.55960            4.47490        7.75436         0.74979E+02    0.55380E+02    1
   45   38        52   31       -1.77063           28.97453        5.97395         0.19283E+02    0.10586E+02    1
   34   33        35   32        0.87904          494.77076      501.77080         0.34647E+01    0.25835E+01    1
   36   34        38   32       -0.98152          149.77407      147.56917         0.22618E+02    0.17768E+02    1
   38   35        41   32        1.65601          -12.34667       10.24172         0.83419E+01    0.44122E+01    1
   40   36        44   32       -2.04270           -7.40668      -52.15174         0.97484E+01    0.36038E+01    1
   42   37        47   32        0.79377           25.14493       28.93430         0.20319E+02    0.20319E+02    0
   44   38        50   32       -0.51639           16.47759       12.47749         0.15194E+02    0.15194E+02    0
   37   35        39   33       -0.55104          150.91601      148.05132         0.77514E+01    0.77514E+01    0
   39   36        42   33       -2.33919          107.91145       42.08630         0.85616E+01    0.21270E+01    1
   41   37        45   33       -1.39601           50.38215       46.18463         0.37044E+02    0.25873E+02    1
   43   38        48   33       -0.77002           54.02369       52.20004         0.40965E+02    0.40965E+02    0
   45   39        51   33        2.00951           16.09842       27.78219         0.48997E+02    0.20397E+02    1
   36   35        37   34       -1.44044          509.80848      490.59104         0.22603E+01    0.14908E+01    1
   38   36        40   34       -0.80556          177.01277      171.27130         0.56714E+01    0.56714E+01    0
   40   37        43   34        0.77705           -6.62213       -2.94897         0.12791E+02    0.12791E+02    0
   42   38        46   34       -0.47610           42.83170       39.24804         0.10360E+02    0.10360E+02    0
   44   39        49   34       -0.00604           13.66679       13.64921         0.34135E+02    0.34135E+02    0
   46   40        52   34        0.25631           23.94422       24.41132         0.67384E+02    0.65417E+02    1
   37   36        38   35        1.02619          467.45325      481.65833         0.14991E+01    0.14769E+01    1
   43   39        47   35       -1.09990          102.72236       75.82081         0.32211E+01    0.32211E+01    0
   38   37        39   36        0.17297          285.31879      285.86220         0.64919E+01    0.64919E+01    0
   40   38        42   36        0.72000           91.45515       93.71459         0.12994E+02    0.12994E+02    0
   42   39        45   36       -1.58052          103.99166      100.81689         0.13977E+03    0.29392E+02    1
   44   40        48   36       -0.99002           75.50700       74.00528         0.52295E+02    0.52295E+02    0
   46   41        51   36        0.68955           31.20536       36.12590         0.14003E+02    0.14003E+02    0
   39   38        40   37       -0.45603          270.70427      268.37102         0.38710E+01    0.38710E+01    0
   41   39        43   37       -0.12373          136.04050      135.72849         0.16361E+02    0.16361E+02    0
   43   40        46   37       -1.12558          108.11318      106.23491         0.35318E+02    0.35318E+02    0
   45   41        49   37       -1.24420           48.59585       34.80781         0.74389E+01    0.72716E+01    1
   47   42        52   37       -1.19926           -1.81496      -10.04523         0.14685E+02    0.14685E+02    0
   40   39        41   38        0.12091           88.36947       88.63255         0.18527E+02    0.96196E+01    1
   42   40        44   38       -1.45234          221.23936      218.87996         0.88598E+02    0.24061E+02    1
   44   41        47   38        0.07551           65.99391       66.40640         0.10961E+02    0.10961E+02    0
   46   42        50   38       -0.85638           34.64448       33.41869         0.95400E+02    0.56638E+02    1
   41   40        42   39        1.95349          290.09975      318.64273         0.73564E+01    0.13893E+01    1
   43   41        45   39        0.66396          152.48702      157.45305         0.52195E+01    0.52195E+01    0
   45   42        48   39       -0.20178           66.08723       64.67345         0.86652E+01    0.86652E+01    0
   47   43        51   39       -1.07121            2.95613       -6.63600         0.89687E+01    0.89687E+01    0
   42   41        43   40       -0.24827          202.09283      201.01963         0.69462E+01    0.46030E+01    1
   44   42        46   40       -0.20145           36.29866       35.89966         0.35110E+02    0.20503E+02    1
   46   43        49   40       -1.01341          -13.81809      -15.22189         0.99797E+02    0.44338E+02    1
   48   44        52   40       -0.26887           33.34544       32.28657         0.38440E+02    0.19981E+02    1
   43   42        44   41       -2.47640          536.48284      507.49620         0.11559E+02    0.17198E+01    1
   45   43        47   41       -0.24578          108.28848      107.83318         0.21985E+02    0.21985E+02    0
   47   44        50   41        0.38226           75.21717       76.30009         0.20773E+02    0.20773E+02    0
   44   43        45   42       -0.54512          174.71857      173.12798         0.15577E+02    0.68568E+01    1
   46   44        48   42        1.10624          193.67879      195.75134         0.24498E+02    0.20857E+02    1
   48   45        51   42       -1.41135          118.43996      113.01068         0.23657E+02    0.15072E+02    1
   45   44        46   43        1.41323          207.32633      215.61546         0.10790E+02    0.32955E+01    1
   47   45        49   43        0.63762           94.35017       95.88374         0.18559E+02    0.16234E+02    1
   49   46        52   43        0.24067           63.55063       64.16935         0.22523E+02    0.22523E+02    0
   46   45        47   44        0.43896          172.08547      173.24074         0.12382E+02    0.73953E+01    1
   48   46        50   44        0.45759           58.12710       59.20201         0.18377E+02    0.16443E+02    1
   47   46        48   45       -0.05512           89.07716       88.96480         0.95624E+01    0.95624E+01    0
   49   47        51   45        0.45177          121.44838      122.77093         0.13482E+02    0.13343E+02    1
   48   47        49   46       -0.53014          219.37509      218.07112         0.79811E+01    0.79811E+01    0
   50   48        52   46       -0.57680           77.14258       75.14511         0.11248E+02    0.11248E+02    0
   49   48        50   47       -0.16133          200.04420      199.69336         0.90130E+01    0.90130E+01    0
   50   49        51   48        0.19725          170.10402      170.69171         0.66438E+01    0.66438E+01    0
   51   50        52   49       -0.30490          212.87434      211.68368         0.49613E+01    0.49613E+01    0
