    P+   P-        C+   C-  Normalised_Error  Observed_Rho_a  Calculated_Rho_a  Original_Weight  Final_Weight    C
    2    8         4    6       -0.09343          863.54234      862.14707         0.33532E+01    0.33532E+01    0
    2   20         8   14        1.97443          158.95017      218.32387         0.73917E+01    0.45714E+01    1
    2   23         9   16       -1.00389          172.32570      169.12634         0.72206E+02    0.49747E+02    1
    2   26        10   18        0.84404           89.01365      148.20963         0.25561E+01    0.25561E+01    0
    2   31        13   24       -0.51696           43.60965       35.77292         0.10440E+02    0.10440E+02    0
    2   34        14   26       -0.16135           -0.69988       -1.61398         0.31131E+02    0.31131E+02    0
    2   37        15   28        0.60680           18.12318       33.74590         0.76523E+01    0.76523E+01    0
    3    6         4    5       -0.09580          958.69245      957.69215         0.20412E+01    0.20412E+01    0
    3    9         5    7       -0.23045          637.40122      635.99107         0.69393E+01    0.69393E+01    0
    3   12         6    9       -0.36717          287.42862      285.91200         0.15105E+02    0.15105E+02    0
    3   15         7   11       -1.01219          117.36272      106.94521         0.85957E+01    0.85290E+01    1
    3   18         8   13        2.55403          105.08038      239.26499         0.16387E+02    0.21052E+01    1
    3   21         9   15       -0.44611           68.42378       66.02213         0.24604E+02    0.24604E+02    0
    3   24        10   17        1.94947           52.02367       77.45818         0.18222E+02    0.11817E+02    1
    3   27        11   19       -0.05309           81.36202       79.98118         0.66709E+01    0.66709E+01    0
    3   29        13   23       -0.96802           11.48330        6.06221         0.24366E+02    0.24366E+02    0
    3   32        14   25        0.62889           17.07301       18.02933         0.10230E+03    0.10230E+03    0
    4    7         5    6       -0.05982         1467.55605     1466.93113         0.22593E+01    0.22593E+01    0
    4   10         6    8       -0.48201          350.45182      347.78499         0.75234E+01    0.75234E+01    0
    4   13         7   10       -0.87902           56.42280       54.91579         0.44412E+02    0.38016E+02    1
    4   16         8   12       -1.40207           98.77583       96.25112         0.11673E+03    0.49611E+02    1
    4   19         9   14       -0.56125           86.29664       85.44819         0.81222E+02    0.72916E+02    1
    4   22        10   16       -1.45036           36.38609       30.98352         0.80431E+02    0.35502E+02    1
    4   28        12   20       -0.40020           23.74368       22.53606         0.56542E+02    0.56542E+02    0
    4   30        14   24       -1.89258           12.01117       -5.28855         0.26921E+02    0.14707E+02    1
    4   33        15   26        1.37136          -16.79843       -7.94668         0.29298E+02    0.23906E+02    1
    4   36        16   28        0.07813          -12.38582      -10.89967         0.91554E+01    0.91554E+01    0
    4   45        19   30       -1.29887           28.25285       12.14742         0.30690E+02    0.29237E+02    1
    5    8         6    7       -0.26966         1148.54709     1146.73075         0.30432E+01    0.30432E+01    0
    5   14         8   11       -1.03225          143.46495      128.20804         0.11469E+02    0.44663E+01    1
    5   17         9   13       -1.10956          167.12653      163.52013         0.48215E+02    0.27116E+02    1
    5   20        10   15       -0.08132           25.87359       24.98871         0.10108E+02    0.10108E+02    0
    5   23        11   17       -1.70179           67.79378       31.95635         0.13267E+02    0.62244E+01    1
    5   26        12   19        0.33053           17.48794       22.79396         0.94124E+01    0.94124E+01    0
    5   31        15   25        0.71426           17.65601       19.32393         0.57660E+02    0.57660E+02    0
    5   34        16   27       -0.07772           -6.33918       -6.59224         0.12060E+03    0.47017E+02    1
    5   43        19   29       -0.24930           10.20438        8.02867         0.39499E+02    0.39499E+02    0
    5   46        20   31       -0.51365          -11.91755      -12.27128         0.52677E+03    0.52677E+03    0
    6    9         7    8        0.11802          876.98291      877.96110         0.27572E+01    0.27572E+01    0
    6   15         9   12        0.06596          181.35599      181.63271         0.16028E+02    0.16028E+02    0
    6   18        10   14        2.27591           84.85681      171.56755         0.12323E+02    0.23249E+01    1
    6   24        12   18       -0.50233           14.24123      -10.76288         0.26089E+01    0.26089E+01    0
    6   27        13   20       -0.33033          -25.20984      -29.68753         0.11075E+02    0.11075E+02    0
    6   29        15   24       -0.44661            8.80147        3.53735         0.96263E+01    0.96263E+01    0
    6   32        16   26        1.84072          -13.60069       15.90152         0.16813E+02    0.82964E+01    1
    6   44        20   30       -1.25483            5.00688       -6.23247         0.38636E+02    0.38636E+02    0
    6   47        21   32        0.50345            2.19642        4.71779         0.72804E+02    0.72804E+02    0
    7   16        10   13       -0.60183          294.99841      292.99315         0.20464E+02    0.19554E+02    1
    7   22        12   17       -1.70042           48.07171       18.48163         0.11697E+02    0.61691E+01    1
    7   25        13   19        0.71154          -20.37772       -7.02590         0.68473E+01    0.68473E+01    0
    7   28        14   21       -1.86573           12.88656       -6.78992         0.96710E+02    0.13975E+02    1
    7   30        16   25       -1.41594           30.61451       24.60425         0.36884E+02    0.26466E+02    1
    7   33        17   27        0.44196           44.36316       44.97192         0.20046E+03    0.95889E+02    1
    7   42        20   29       -1.31211           12.69674        5.55017         0.62089E+02    0.59858E+02    1
    7   45        21   31       -0.76091           17.90262       14.72762         0.12846E+03    0.82391E+02    1
    7   48        22   33        0.04877           24.84136       25.21929         0.47058E+02    0.47058E+02    0
    8   14        10   12        0.17469          199.34909      201.11935         0.68285E+01    0.42936E+01    1
    8   20        12   16       -0.58162           52.54671       46.49228         0.81237E+01    0.81237E+01    0
    8   26        14   20        1.43427          -22.91342       -7.84244         0.12582E+02    0.12122E+02    1
    8   31        17   26        1.68502           14.95687       37.97391         0.12242E+02    0.81424E+01    1
    8   43        21   30        0.69388           -3.84681        9.99928         0.16440E+02    0.16440E+02    0
    9   18        12   15        0.91533          112.26932      118.26074         0.24880E+02    0.96642E+01    1
    9   21        13   17       -1.88546           12.14879      -23.32459         0.90190E+01    0.45510E+01    1
    9   24        14   19       -0.11298          -26.05829      -27.41819         0.89193E+01    0.89193E+01    0
    9   27        15   21        0.19978           23.77417       25.11690         0.18868E+02    0.18868E+02    0
    9   29        17   25       -1.08838           25.75907       25.44656         0.36883E+03    0.31710E+03    1
    9   32        18   27       -0.04008          111.49895      110.86800         0.70276E+01    0.70276E+01    0
    9   41        21   29        1.86413          -14.05681       21.15468         0.23991E+02    0.16305E+02    1
    9   44        22   31        1.40336           10.39756       20.79313         0.44289E+02    0.44289E+02    0
    9   47        23   33        2.29948           10.13364       43.02461         0.10649E+03    0.24193E+02    1
   10   16        12   14       -0.73016          282.63150      279.82879         0.14320E+02    0.10980E+02    1
   10   19        13   16       -0.35637           73.62917       73.12874         0.45026E+02    0.45026E+02    0
   10   25        15   20        1.34748           11.49231       19.78840         0.38965E+02    0.17253E+02    1
   10   28        16   22       -0.51081           14.22205        9.41144         0.13347E+02    0.13347E+02    0
   10   30        18   26       -1.42180           70.08828       45.86218         0.54368E+01    0.52390E+01    1
   10   33        19   28        1.99739            7.41862       21.26025         0.44998E+02    0.15946E+02    1
   10   42        22   30       -0.58882           17.99234       14.96861         0.60819E+02    0.60819E+02    0
   10   48        24   34       -1.74210           31.71422       23.04526         0.83071E+02    0.70123E+02    1
   11   14        12   13       -0.49573          758.31331      756.29155         0.51201E+01    0.50400E+01    1
   11   17        13   15       -0.27431          196.76555      195.52702         0.94390E+01    0.94390E+01    0
   11   20        14   17       -1.92371          153.53187       51.47150         0.53399E+01    0.12128E+01    1
   11   23        15   19       -1.61060           95.07886       60.28279         0.50471E+01    0.40135E+01    1
   11   26        16   21       -0.22263           48.31959       47.24681         0.22209E+02    0.22209E+02    0
   11   31        19   27        2.56431           66.97738      104.48837         0.16305E+03    0.61169E+01    1
   11   40        22   29        2.02027            4.56751       20.76443         0.10119E+03    0.36558E+02    1
   11   43        23   31        2.13772           19.30000       24.06054         0.36031E+03    0.14040E+03    1
   11   46        24   33        0.98675           25.37243       32.19325         0.47684E+02    0.47684E+02    0
   12   15        13   14       -0.23914         1510.93153     1508.26070         0.25877E+01    0.19709E+01    1
   12   18        14   16        0.12824          203.02751      203.71282         0.80146E+01    0.80146E+01    0
   12   24        16   20       -0.45818           72.31715       68.44304         0.10286E+02    0.10286E+02    0
   12   27        17   22        0.27957           60.60297       64.59942         0.73988E+01    0.73988E+01    0
   12   29        19   26        0.76865           19.02885       23.66262         0.11262E+02    0.11262E+02    0
   12   32        20   28        1.83280           29.41580       56.00170         0.95107E+01    0.61540E+01    1
   12   41        23   30        0.25732           21.02370       28.09150         0.10771E+02    0.10771E+02    0
   12   44        24   32       -1.36217           33.98574       22.11579         0.39791E+02    0.36043E+02    1
   12   47        25   34        0.59987            8.39869       26.24143         0.11145E+02    0.11145E+02    0
   12   50        26   36       -0.75630           19.69707       15.86992         0.69251E+02    0.69251E+02    0
   13   16        14   15       -0.50731          411.56753      409.82503         0.62448E+01    0.62448E+01    0
   13   19        15   17       -0.06116          364.25700      363.89539         0.72668E+01    0.72668E+01    0
   13   22        16   19        0.07179           69.11840       70.03844         0.51734E+01    0.51734E+01    0
   13   25        17   21       -2.92630          128.47275       77.97217         0.68692E+02    0.49507E+01    1
   13   30        20   27        0.86197          115.46769      116.20325         0.81411E+02    0.78810E+02    1
   13   39        23   29       -0.40321           38.97458       38.09737         0.12746E+03    0.12746E+03    0
   13   42        24   31       -1.36214           42.17453       22.95020         0.22188E+02    0.21026E+02    1
   13   45        25   33       -1.77697           53.74255       36.48326         0.44350E+02    0.32118E+02    1
   14   17        15   16        0.19598          401.90283      403.22164         0.37687E+01    0.31673E+01    1
   14   23        17   20       -0.22829           99.15637       97.01262         0.69182E+01    0.69182E+01    0
   14   31        21   28        0.17204           65.01833       66.81065         0.64929E+01    0.64929E+01    0
   14   40        24   30       -1.23531           39.87253       22.86630         0.20343E+02    0.20343E+02    0
   14   43        25   32        0.21630            7.38228       11.36020         0.16183E+02    0.16183E+02    0
   14   46        26   34        0.16105           22.42626       27.37020         0.10265E+02    0.10265E+02    0
   14   52        28   38        1.63064          -45.53886      -12.13923         0.21621E+02    0.16984E+02    1
   15   18        16   17       -0.52779         1175.10552     1168.86716         0.30610E+01    0.18695E+01    1
   15   21        17   19       -0.42598           68.29577       65.60240         0.69330E+01    0.69330E+01    0
   15   24        18   21       -0.11295           95.57567       94.57469         0.73308E+01    0.73308E+01    0
   15   27        19   23       -0.25670            1.26771        0.30879         0.22610E+02    0.22610E+02    0
   15   29        21   27       -0.80953          175.86861      175.05924         0.45319E+02    0.45319E+02    0
   15   38        24   29       -2.08894           43.04428       13.77746         0.83369E+02    0.18754E+02    1
   15   41        25   31        0.16297            1.39272        2.25171         0.52858E+02    0.52858E+02    0
   15   50        28   37        0.86097          -25.99877      -24.44442         0.18317E+03    0.18317E+03    0
   16   19        17   18        0.11314          488.94032      490.36097         0.16722E+01    0.16722E+01    0
   16   25        19   22       -0.17339          106.96054      106.14357         0.13330E+02    0.13330E+02    0
   16   28        20   24       -1.28083            3.03614       -8.69475         0.10578E+02    0.92041E+01    1
   16   30        22   28       -0.58202           72.86833       70.18416         0.96964E+01    0.96964E+01    0
   16   39        25   30        1.26975            4.98960        9.78510         0.69854E+02    0.69854E+02    0
   16   45        27   34       -1.54542           17.77119      -11.24946         0.18435E+02    0.15838E+02    1
   16   48        28   36       -1.44604           -6.11466      -18.82881         0.39956E+02    0.35619E+02    1
   17   20        18   19       -0.01338         1116.88291     1116.61508         0.11230E+01    0.11230E+01    0
   17   23        19   21       -0.07336          352.31804      351.26864         0.30033E+01    0.30033E+01    0
   17   26        20   23        0.16016          150.12198      152.83431         0.38036E+01    0.38036E+01    0
   17   37        25   29        0.16066           -4.97590        7.31285         0.32534E+01    0.32534E+01    0
   18   21        19   20       -0.49305          752.41717      746.63797         0.18062E+01    0.18062E+01    0
   18   24        20   22       -0.81345          445.05647      428.12369         0.24496E+01    0.20533E+01    1
   19   22        20   21       -0.43451          631.22400      628.33487         0.34066E+01    0.34066E+01    0
   19   25        21   23       -0.44704          170.02410      168.37672         0.13875E+02    0.11682E+02    1
   19   28        22   25        0.27062           10.03647       10.57058         0.40375E+02    0.33126E+02    1
   19   42        28   33       -0.75511            1.99288        1.75994         0.10000E+04    0.86273E+03    1
   20   23        21   22        0.31129          682.83846      685.06578         0.29516E+01    0.29516E+01    0
   20   26        22   24       -0.29602          250.61841      249.55274         0.12099E+02    0.12099E+02    0
   20   37        27   30        0.30710          -40.66087      -40.35381         0.24480E+03    0.24480E+03    0
   20   40        28   32       -1.02397            2.38712      -12.12525         0.17780E+02    0.17780E+02    0
   21   24        22   23       -0.52043          948.31820      945.08077         0.36135E+01    0.36135E+01    0
   21   27        23   25       -0.41046          251.87660      250.80028         0.16550E+02    0.16550E+02    0
   21   38        28   31       -1.73176          -13.51689      -27.90856         0.86235E+02    0.29156E+02    1
   22   25        23   24       -0.40240          541.35450      539.13028         0.37445E+01    0.37445E+01    0
   22   28        24   26       -0.53947          284.07159      282.39919         0.14127E+02    0.13548E+02    1
   22   36        28   30       -1.04082          -29.84175      -43.05619         0.19653E+02    0.19653E+02    0
   22   51        29   40       -1.55818            9.10691       -7.47429         0.25603E+02    0.14619E+02    1
   23   26        24   25       -0.26037         1396.80333     1394.61353         0.26517E+01    0.26517E+01    0
   23   34        28   29       -0.09849            9.24292        8.84528         0.78007E+02    0.75868E+02    1
   23   49        29   39       -0.67181            3.88693       -1.39459         0.17097E+02    0.17097E+02    0
   23   52        30   41       -1.64795           22.05853       14.98504         0.65205E+02    0.35847E+02    1
   24   27        25   26       -0.19652          419.88264      418.38121         0.26574E+01    0.26574E+01    0
   24   47        29   38        1.36069           -6.44630       -1.88390         0.33545E+02    0.33545E+02    0
   24   50        30   40       -1.28236            5.69041       -1.68379         0.24026E+02    0.23015E+02    1
   25   28        26   27       -0.16600         1207.84310     1206.98055         0.41287E+01    0.41287E+01    0
   25   45        29   37       -1.93448           11.79410       -9.91242         0.16400E+02    0.81167E+01    1
   25   48        30   39       -1.39357           18.48220        8.58068         0.17883E+02    0.15638E+02    1
   25   51        31   41        0.21983           24.20484       24.26904         0.91032E+03    0.45264E+03    1
   26   43        29   36       -2.13578           15.57904        2.03424         0.20430E+02    0.10770E+02    1
   26   46        30   38       -0.53607            7.00952        6.35764         0.73034E+02    0.73034E+02    0
   26   49        31   40        2.15448          -15.00879        7.23998         0.23467E+02    0.10690E+02    1
   27   44        30   37        0.35890          100.91696      102.85587         0.12404E+02    0.12404E+02    0
   27   47        31   39        1.98910           55.42342       84.57802         0.10424E+02    0.60454E+01    1
   28   39        29   34        0.51381           70.37038       71.93970         0.73105E+01    0.73105E+01    0
   28   42        30   36        1.17870           68.63915       70.62248         0.34220E+02    0.26488E+02    1
   28   45        31   38       -0.50226           60.56694       60.36298         0.17840E+03    0.16485E+03    1
   28   48        32   40        2.46725           14.32958       45.14679         0.41456E+02    0.70225E+01    1
   28   51        33   42        0.22828            8.20268       10.43301         0.11105E+02    0.11105E+02    0
   29   32        30   31       -0.56420          312.12932      309.02448         0.55862E+01    0.35552E+01    1
   29   35        31   33        0.19090          285.40886      286.41103         0.76194E+01    0.76194E+01    0
   29   41        33   37        0.56290           15.23954       23.89865         0.53243E+01    0.53243E+01    0
   29   44        34   39       -0.70116          -13.60979      -22.42318         0.78686E+01    0.78686E+01    0
   29   50        36   43       -1.45549           35.12871       27.89994         0.33476E+02    0.27464E+02    1
   30   33        31   32       -0.18880          468.43764      467.79196         0.61807E+01    0.61204E+01    1
   30   36        32   34        1.34244          171.44252      189.37150         0.74367E+01    0.30529E+01    1
   30   39        33   36       -0.54587           39.53638       37.05621         0.13593E+02    0.13593E+02    0
   30   42        34   38       -0.82696          -41.47027      -41.85608         0.68126E+03    0.17388E+03    1
   30   48        36   42       -0.64057           13.06883       10.78497         0.41004E+02    0.32804E+02    1
   30   51        37   44       -1.11113           15.29125       13.55183         0.98036E+02    0.87654E+02    1
   31   34        32   33        0.18742          344.43524      346.22913         0.33988E+01    0.20289E+01    1
   31   37        33   35       -1.33983          186.91212      140.86073         0.12963E+01    0.11824E+01    1
   31   40        34   37       -0.02219           -1.61501       -1.93263         0.42099E+01    0.42099E+01    0
   31   43        35   39        1.18963          -99.95626      -82.01240         0.52852E+01    0.52852E+01    0
   31   46        36   41       -0.65764          -17.61901      -26.34135         0.73491E+01    0.73491E+01    0
   31   49        37   43        0.99795            6.99934       18.75320         0.98871E+01    0.98871E+01    0
   31   52        38   45       -1.00764           32.55904       21.24255         0.12244E+02    0.12244E+02    0
   32   35        33   34        0.38481          545.88694      550.02626         0.19555E+01    0.19126E+01    1
   32   38        34   36       -0.07169          164.79090      164.09138         0.40904E+01    0.40904E+01    0
   32   41        35   38        1.17851           -3.88104       11.03807         0.81763E+01    0.47541E+01    1
   32   44        36   40       -1.88068           -1.57250      -37.71736         0.81473E+01    0.41074E+01    1
   32   47        37   42        0.41690           29.55039       34.25295         0.85996E+01    0.85996E+01    0
   32   50        38   44       -0.42468           19.17268       16.45483         0.18390E+02    0.18390E+02    0
   33   39        35   37       -0.18613          157.00805      154.53640         0.30346E+01    0.30346E+01    0
   33   42        36   39       -1.71809          113.71349       66.50761         0.29840E+01    0.21784E+01    1
   33   45        37   41        0.31834           54.04920       60.31463         0.39527E+01    0.39527E+01    0
   33   48        38   43        0.50801           56.13317       63.72331         0.64934E+01    0.64934E+01    0
   33   51        39   45        0.68346           19.53552       35.54483         0.50629E+01    0.50629E+01    0
   34   37        35   36       -0.81639          564.22169      557.24190         0.29750E+01    0.23263E+01    1
   34   40        36   38       -0.93332          187.36531      181.32778         0.10248E+02    0.62487E+01    1
   34   43        37   40        0.30591            2.36220        4.05591         0.10921E+02    0.10921E+02    0
   34   46        38   42       -0.69523           46.88178       44.33731         0.28508E+02    0.21307E+02    1
   34   49        39   44        1.71356           15.33396       24.38287         0.28291E+02    0.18819E+02    1
   34   52        40   46        1.24422           25.63579       37.93545         0.17566E+02    0.12060E+02    1
   35   38        36   37        0.25367          484.59345      489.52001         0.10527E+01    0.10527E+01    0
   35   47        39   43       -0.60230          104.52059       77.72661         0.17709E+01    0.17709E+01    0
   36   39        37   38       -0.38350          307.45132      306.51824         0.83825E+01    0.83825E+01    0
   36   42        38   40        0.47225          101.10385      101.50198         0.89392E+02    0.48369E+02    1
   36   45        39   42       -0.76350          107.77580      106.09701         0.11988E+03    0.26851E+02    1
   36   48        40   44       -0.69533           78.23011       77.77993         0.18281E+03    0.12252E+03    1
   36   51        41   46        1.11098           33.35126       36.84261         0.34965E+02    0.31797E+02    1
   37   40        38   39       -0.13789          293.68360      293.25212         0.63296E+01    0.63296E+01    0
   37   43        39   41       -2.03067          138.26493      137.50425         0.10000E+04    0.11014E+03    1
   37   46        40   43       -0.70952          110.31288      108.84779         0.48368E+02    0.28542E+02    1
   37   49        41   45       -0.78555           49.90669       49.02328         0.13495E+03    0.71656E+02    1
   37   52        42   47       -0.16655           -0.65601       -0.85330         0.85080E+02    0.85080E+02    0
   38   41        39   40       -0.18656           93.58875       93.17686         0.15219E+02    0.94803E+01    1
   38   44        40   42       -0.68148          224.84440      224.37083         0.57883E+02    0.56250E+02    1
   38   47        41   44        0.00016           69.29235       69.29250         0.69273E+02    0.60343E+02    1
   38   50        42   46       -0.23292           37.54019       37.29295         0.76376E+02    0.76376E+02    0
   39   42        40   41        1.83582          293.64752      319.05688         0.13313E+02    0.14666E+01    1
   39   45        41   43        0.20756          158.71404      159.09922         0.26392E+02    0.21037E+02    1
   39   48        42   45       -0.74100           70.07603       66.86566         0.19829E+02    0.14013E+02    1
   39   51        43   47       -1.51861            5.07303      -13.35822         0.21248E+02    0.66170E+01    1
   40   43        41   42       -0.09115          205.15692      204.98973         0.23111E+02    0.10848E+02    1
   40   46        42   44       -0.14625           38.68951       38.36175         0.36977E+02    0.18119E+02    1
   40   49        43   46       -0.35694          -10.02793      -10.48639         0.57125E+02    0.47817E+02    1
   40   52        44   48       -0.04948           35.99843       35.86565         0.47415E+02    0.29325E+02    1
   41   44        42   43       -2.19745          537.67232      514.38150         0.16452E+02    0.18992E+01    1
   41   47        43   45       -0.25442          111.20085      110.75103         0.23035E+02    0.23035E+02    0
   41   50        44   47       -0.20217           77.40277       77.06093         0.34804E+02    0.34804E+02    0
   42   45        43   44       -0.32603          179.78781      178.91026         0.16258E+02    0.74330E+01    1
   42   48        44   46        0.07435          199.77403      199.91700         0.20321E+02    0.20321E+02    0
   42   51        45   48       -1.30268          121.34303      115.30638         0.18115E+02    0.12512E+02    1
   43   46        44   45        0.54931          206.75114      208.25856         0.13265E+02    0.70437E+01    1
   43   49        45   47        0.21933           99.47026       99.84093         0.23104E+02    0.23104E+02    0
   43   52        46   49       -0.03428           66.64424       66.57994         0.30866E+02    0.30866E+02    0
   44   47        45   46       -0.10518          182.95546      182.69031         0.99383E+01    0.77205E+01    1
   44   50        46   48        0.03159           61.45189       61.51486         0.19378E+02    0.19378E+02    0
   45   48        46   47        0.33378           86.94043       87.34828         0.16747E+02    0.15951E+02    1
   45   51        47   49       -0.20019          125.31715      124.97657         0.22960E+02    0.22960E+02    0
   46   49        47   48       -0.62651          225.54151      224.58324         0.14131E+02    0.12835E+02    1
   46   52        48   50       -0.32363           84.72795       84.13288         0.21183E+02    0.21183E+02    0
   47   50        48   49       -0.10723          203.91600      203.71737         0.10581E+02    0.10581E+02    0
   48   51        49   50       -0.07377          173.31283      173.16661         0.99866E+01    0.99866E+01    0
   49   52        50   51       -0.10037          236.32104      236.05177         0.72216E+01    0.72216E+01    0
    6    4         8    2       -0.12611          863.54234      862.14707         0.45260E+01    0.45260E+01    0
   14    8        20    2        1.89962          158.95017      218.32387         0.63336E+01    0.43982E+01    1
   16    9        23    2       -0.25246          172.32570      169.12634         0.12510E+02    0.12510E+02    0
   18   10        26    2        1.18573           89.01365      148.20963         0.35908E+01    0.35908E+01    0
   24   13        31    2       -0.43921           43.60965       35.77292         0.88702E+01    0.88702E+01    0
   26   14        34    2       -0.03511           -0.69988       -1.61398         0.67738E+01    0.67738E+01    0
   28   15        37    2        1.12881           18.12318       33.74590         0.14235E+02    0.14235E+02    0
    5    4         6    3       -0.10906          958.69245      957.69215         0.23238E+01    0.23238E+01    0
    7    5         9    3       -0.19946          637.40122      635.99107         0.60062E+01    0.60062E+01    0
    9    6        12    3       -0.26457          287.42862      285.91200         0.10884E+02    0.10884E+02    0
   11    7        15    3       -1.05421          117.36272      106.94521         0.94703E+01    0.88831E+01    1
   13    8        18    3        2.19493          105.08038      239.26499         0.48760E+01    0.18092E+01    1
   15    9        21    3       -1.06432           68.42378       66.02213         0.79004E+02    0.58699E+02    1
   17   10        24    3        0.63104           52.02367       77.45818         0.38251E+01    0.38251E+01    0
   19   11        27    3       -0.48170           81.36202       79.98118         0.60530E+02    0.60530E+02    0
   23   13        29    3       -1.27703           11.48330        6.06221         0.40803E+02    0.32144E+02    1
   25   14        32    3        0.39808           17.07301       18.02933         0.64753E+02    0.64753E+02    0
    6    5         7    4       -0.05822         1467.55605     1466.93113         0.21990E+01    0.21990E+01    0
    8    6        10    4       -0.28312          350.45182      347.78499         0.44191E+01    0.44191E+01    0
   10    7        13    4       -0.18247           56.42280       54.91579         0.78913E+01    0.78913E+01    0
   12    8        16    4       -0.17155           98.77583       96.25112         0.60702E+01    0.60702E+01    0
   14    9        19    4       -0.06564           86.29664       85.44819         0.85282E+01    0.85282E+01    0
   16   10        22    4       -0.70907           36.38609       30.98352         0.17357E+02    0.17357E+02    0
   20   12        28    4       -1.28637           23.74368       22.53606         0.89987E+03    0.18174E+03    1
   24   14        30    4       -1.39822           12.01117       -5.28855         0.11068E+02    0.10866E+02    1
   26   15        33    4        0.30479          -16.79843       -7.94668         0.53130E+01    0.53130E+01    0
   28   16        36    4        0.15611          -12.38582      -10.89967         0.18294E+02    0.18294E+02    0
   30   19        45    4       -1.68046           28.25285       12.14742         0.65599E+02    0.37827E+02    1
    7    6         8    5       -0.23957         1148.54709     1146.73075         0.27036E+01    0.27036E+01    0
   11    8        14    5       -1.00730          143.46495      128.20804         0.80536E+01    0.43583E+01    1
   13    9        17    5       -0.85870          167.12653      163.52013         0.20985E+02    0.20985E+02    0
   15   10        20    5       -0.37141           25.87359       24.98871         0.46167E+02    0.46167E+02    0
   17   11        23    5       -0.91917           67.79378       31.95635         0.33619E+01    0.33619E+01    0
   19   12        26    5        1.63523           17.48794       22.79396         0.55052E+02    0.46566E+02    1
   25   15        31    5        0.22834           17.65601       19.32393         0.18433E+02    0.18433E+02    0
   27   16        34    5       -0.01411           -6.33918       -6.59224         0.85369E+01    0.85369E+01    0
   29   19        43    5       -0.69245           10.20438        8.02867         0.10971E+03    0.10971E+03    0
   31   20        46    5       -0.00436          -11.91755      -12.27128         0.44740E+01    0.44740E+01    0
    8    7         9    6        0.09645          876.98291      877.96110         0.22532E+01    0.22532E+01    0
   12    9        15    6        0.01932          181.35599      181.63271         0.46954E+01    0.46954E+01    0
   14   10        18    6        1.88488           84.85681      171.56755         0.29587E+01    0.19254E+01    1
   18   12        24    6       -0.58468           14.24123      -10.76288         0.30365E+01    0.30365E+01    0
   20   13        27    6       -1.20613          -25.20984      -29.68753         0.53616E+02    0.40438E+02    1
   24   15        29    6       -0.32129            8.80147        3.53735         0.69251E+01    0.69251E+01    0
   26   16        32    6        1.62739          -13.60069       15.90152         0.88831E+01    0.73349E+01    1
   30   20        44    6       -0.30416            5.00688       -6.23247         0.93652E+01    0.93652E+01    0
   32   21        47    6        0.04261            2.19642        4.71779         0.61620E+01    0.61620E+01    0
   13   10        16    7       -0.61076          294.99841      292.99315         0.21076E+02    0.19844E+02    1
   17   12        22    7       -1.16834           48.07171       18.48163         0.42387E+01    0.42387E+01    0
   19   13        25    7        2.15258          -20.37772       -7.02590         0.17357E+03    0.20715E+02    1
   21   14        28    7       -1.58725           12.88656       -6.78992         0.18218E+02    0.11889E+02    1
   25   16        30    7       -1.56358           30.61451       24.60425         0.58914E+02    0.29226E+02    1
   27   17        33    7        0.04688           44.36316       44.97192         0.10172E+02    0.10172E+02    0
   29   20        42    7       -0.37002           12.69674        5.55017         0.16880E+02    0.16880E+02    0
   31   21        45    7       -0.08127           17.90262       14.72762         0.88001E+01    0.88001E+01    0
   33   22        48    7        0.00449           24.84136       25.21929         0.43366E+01    0.43366E+01    0
   12   10        14    8        0.16523          199.34909      201.11935         0.54654E+01    0.40611E+01    1
   16   12        20    8       -1.05237           52.54671       46.49228         0.15578E+02    0.14699E+02    1
   20   14        26    8        1.88262          -22.91342       -7.84244         0.21678E+02    0.15911E+02    1
   26   17        31    8        1.75765           14.95687       37.97391         0.14493E+02    0.84934E+01    1
   30   21        43    8        1.54979           -3.84681        9.99928         0.39121E+02    0.36719E+02    1
   15   12        18    9        0.75345          112.26932      118.26074         0.86038E+01    0.79550E+01    1
   17   13        21    9       -1.48945           12.14879      -23.32459         0.40873E+01    0.35951E+01    1
   19   14        24    9       -0.43584          -26.05829      -27.41819         0.34409E+02    0.34409E+02    0
   21   15        27    9        0.13892           23.77417       25.11690         0.13120E+02    0.13120E+02    0
   25   17        29    9       -0.09988           25.75907       25.44656         0.29100E+02    0.29100E+02    0
   27   18        32    9       -1.62847          111.49895      110.86800         0.10000E+04    0.28554E+03    1
   29   21        41    9        2.01930          -14.05681       21.15468         0.33032E+02    0.17662E+02    1
   31   22        44    9        0.29234           10.39756       20.79313         0.92261E+01    0.92261E+01    0
   33   23        47    9        0.45946           10.13364       43.02461         0.48341E+01    0.48341E+01    0
   14   12        16   10       -0.51090          282.63150      279.82879         0.76830E+01    0.76830E+01    0
   16   13        19   10       -0.69948           73.62917       73.12874         0.16187E+03    0.88379E+02    1
   20   15        25   10        1.22666           11.49231       19.78840         0.18377E+02    0.15706E+02    1
   22   16        28   10       -0.83627           14.22205        9.41144         0.21851E+02    0.21851E+02    0
   26   18        30   10       -2.39240           70.08828       45.86218         0.35196E+02    0.88154E+01    1
   28   19        33   10        1.74068            7.41862       21.26025         0.19137E+02    0.13896E+02    1
   30   22        42   10       -0.19454           17.99234       14.96861         0.20094E+02    0.20094E+02    0
   34   24        48   10       -2.34667           31.71422       23.04526         0.20398E+03    0.94458E+02    1
   13   12        14   11       -0.45052          758.31331      756.29155         0.45804E+01    0.45804E+01    0
   15   13        17   11       -0.72776          196.76555      195.52702         0.25974E+02    0.25042E+02    1
   17   14        20   11       -1.81576          153.53187       51.47150         0.31065E+01    0.11448E+01    1
   19   15        23   11       -1.82174           95.07886       60.28279         0.12833E+02    0.45396E+01    1
   21   16        26   11       -0.32999           48.31959       47.24681         0.32918E+02    0.32918E+02    0
   27   19        31   11        2.19040           66.97738      104.48837         0.18832E+02    0.52250E+01    1
   29   22        40   11        1.40220            4.56751       20.76443         0.25526E+02    0.25374E+02    1
   31   23        43   11        0.09386           19.30000       24.06054         0.61646E+01    0.61646E+01    0
   33   24        46   11        0.09251           25.37243       32.19325         0.44706E+01    0.44706E+01    0
   14   13        15   12       -0.25082         1510.93153     1508.26070         0.28467E+01    0.20672E+01    1
   16   14        18   12        0.06813          203.02751      203.71282         0.42581E+01    0.42581E+01    0
   20   16        24   12       -0.81007           72.31715       68.44304         0.22347E+02    0.18186E+02    1
   22   17        27   12        0.76254           60.60297       64.59942         0.20446E+02    0.20181E+02    1
   26   19        29   12        1.64915           19.02885       23.66262         0.36578E+02    0.24164E+02    1
   28   20        32   12        2.03325           29.41580       56.00170         0.17600E+02    0.68271E+01    1
   30   23        41   12        0.69150           21.02370       28.09150         0.28945E+02    0.28945E+02    0
   32   24        44   12       -0.75196           33.98574       22.11579         0.19897E+02    0.19897E+02    0
   34   25        47   12        1.69408            8.39869       26.24143         0.53588E+02    0.31474E+02    1
   36   26        50   12       -0.97364           19.69707       15.86992         0.89152E+02    0.89152E+02    0
   15   14        16   13       -0.54751          411.56753      409.82503         0.69417E+01    0.67396E+01    1
   17   15        19   13       -0.02626          364.25700      363.89539         0.31205E+01    0.31205E+01    0
   19   16        22   13        0.35123           69.11840       70.03844         0.25310E+02    0.25310E+02    0
   21   17        25   13       -2.77777          128.47275       77.97217         0.29849E+02    0.46994E+01    1
   27   20        30   13        0.10290          115.46769      116.20325         0.94085E+01    0.94085E+01    0
   29   23        39   13       -1.16490           38.97458       38.09737         0.10000E+04    0.36823E+03    1
   31   24        42   13       -0.66217           42.17453       22.95020         0.10221E+02    0.10221E+02    0
   33   25        45   13       -0.26670           53.74255       36.48326         0.48205E+01    0.48205E+01    0
   16   15        17   14        0.20574          401.90283      403.22164         0.41536E+01    0.33251E+01    1
   20   17        23   14       -0.94465           99.15637       97.01262         0.39040E+02    0.28627E+02    1
   28   21        31   14        0.47861           65.01833       66.81065         0.18063E+02    0.18063E+02    0
   30   24        40   14       -1.38587           39.87253       22.86630         0.24242E+02    0.22823E+02    1
   32   25        43   14        0.14210            7.38228       11.36020         0.10632E+02    0.10632E+02    0
   34   26        46   14        0.21192           22.42626       27.37020         0.13507E+02    0.13507E+02    0
   38   28        52   14        1.81172          -45.53886      -12.13923         0.32946E+02    0.18870E+02    1
   17   16        18   15       -0.41535         1175.10552     1168.86716         0.14712E+01    0.14712E+01    0
   19   17        21   15       -0.71462           68.29577       65.60240         0.11631E+02    0.11631E+02    0
   21   18        24   15       -1.01807           95.57567       94.57469         0.25361E+03    0.66078E+02    1
   23   19        27   15       -1.29046            1.26771        0.30879         0.17602E+03    0.11366E+03    1
   27   21        29   15       -0.29286          175.86861      175.05924         0.16395E+02    0.16395E+02    0
   29   24        38   15       -1.73242           43.04428       13.77746         0.24381E+02    0.15554E+02    1
   31   25        41   15        0.02915            1.39272        2.25171         0.94538E+01    0.94538E+01    0
   37   28        50   15        0.35192          -25.99877      -24.44442         0.74872E+02    0.74872E+02    0
   18   17        19   16        0.16071          488.94032      490.36097         0.23753E+01    0.23753E+01    0
   22   19        25   16       -0.42531          106.96054      106.14357         0.35388E+02    0.32698E+02    1
   24   20        28   16       -0.96797            3.03614       -8.69475         0.69559E+01    0.69559E+01    0
   28   22        30   16       -1.41118           72.86833       70.18416         0.36431E+02    0.23510E+02    1
   30   25        39   16        0.18013            4.98960        9.78510         0.99095E+01    0.99095E+01    0
   34   27        45   16       -1.44683           17.77119      -11.24946         0.16158E+02    0.14827E+02    1
   36   28        48   16       -1.71596           -6.11466      -18.82881         0.60072E+02    0.42268E+02    1
   19   18        20   17       -0.03140         1116.88291     1116.61508         0.26362E+01    0.26362E+01    0
   21   19        23   17       -0.29164          352.31804      351.26864         0.11940E+02    0.11940E+02    0
   23   20        26   17        0.27578          150.12198      152.83431         0.65494E+01    0.65494E+01    0
   29   25        37   17        0.82989           -4.97590        7.31285         0.16806E+02    0.16806E+02    0
   20   19        21   18       -0.42901          752.41717      746.63797         0.15716E+01    0.15716E+01    0
   22   20        24   18       -0.75982          445.05647      428.12369         0.19180E+01    0.19180E+01    0
   21   20        22   19       -0.32742          631.22400      628.33487         0.25670E+01    0.25670E+01    0
   23   21        25   19       -0.16837          170.02410      168.37672         0.43998E+01    0.43998E+01    0
   25   22        28   19        0.04500           10.03647       10.57058         0.55086E+01    0.55086E+01    0
   33   28        42   19       -0.00265            1.99288        1.75994         0.30270E+01    0.30270E+01    0
   22   21        23   20        0.34340          682.83846      685.06578         0.34164E+01    0.32561E+01    1
   24   22        26   20       -0.15077          250.61841      249.55274         0.61623E+01    0.61623E+01    0
   30   27        37   20        0.04928          -40.66087      -40.35381         0.39282E+02    0.39282E+02    0
   32   28        40   20       -0.64880            2.38712      -12.12525         0.11266E+02    0.11266E+02    0
   23   22        24   21       -0.36459          948.31820      945.08077         0.25315E+01    0.25315E+01    0
   25   23        27   21       -0.28348          251.87660      250.80028         0.11430E+02    0.11430E+02    0
   31   28        38   21       -0.65659          -13.51689      -27.90856         0.11054E+02    0.11054E+02    0
   24   23        25   22       -0.27448          541.35450      539.13028         0.25541E+01    0.25541E+01    0
   26   24        28   22       -0.22857          284.07159      282.39919         0.57400E+01    0.57400E+01    0
   30   28        36   22       -1.36774          -29.84175      -43.05619         0.26493E+02    0.25826E+02    1
   40   29        51   22       -1.27622            9.10691       -7.47429         0.12159E+02    0.11974E+02    1
   25   24        26   23       -0.30313         1396.80333     1394.61353         0.30871E+01    0.30871E+01    0
   29   28        34   23       -0.05110            9.24292        8.84528         0.39361E+02    0.39361E+02    0
   39   29        49   23       -0.87434            3.88693       -1.39459         0.27864E+02    0.22251E+02    1
   41   30        52   23       -1.64417           22.05853       14.98504         0.62854E+02    0.35765E+02    1
   26   25        27   24       -0.23137          419.88264      418.38121         0.31286E+01    0.31286E+01    0
   38   29        47   24        0.57428           -6.44630       -1.88390         0.14158E+02    0.14158E+02    0
   40   30        50   24       -0.87943            5.69041       -1.68379         0.15783E+02    0.15783E+02    0
   27   26        28   25       -0.14113         1207.84310     1206.98055         0.35101E+01    0.35101E+01    0
   37   29        45   25       -2.03360           11.79410       -9.91242         0.24459E+02    0.85326E+01    1
   39   30        48   25       -1.41043           18.48220        8.58068         0.18765E+02    0.15828E+02    1
   41   31        51   25        0.01330           24.20484       24.26904         0.27378E+02    0.27378E+02    0
   36   29        43   26       -1.96340           15.57904        2.03424         0.14591E+02    0.99009E+01    1
   38   30        46   26       -0.17097            7.00952        6.35764         0.23293E+02    0.23293E+02    0
   40   31        49   26        2.17388          -15.00879        7.23998         0.24324E+02    0.10786E+02    1
   37   30        44   27        0.92102          100.91696      102.85587         0.33317E+02    0.31833E+02    1
   39   31        47   27        2.24149           55.42342       84.57802         0.19527E+02    0.68124E+01    1
   34   29        39   28        0.32300           70.37038       71.93970         0.45957E+01    0.45957E+01    0
   36   30        42   28        0.42177           68.63915       70.62248         0.94779E+01    0.94779E+01    0
   38   31        45   28       -0.03821           60.56694       60.36298         0.12541E+02    0.12541E+02    0
   40   32        48   28        2.21128           14.32958       45.14679         0.16937E+02    0.62939E+01    1
   42   33        51   28        0.25933            8.20268       10.43301         0.12615E+02    0.12615E+02    0
   31   30        32   29       -0.41739          312.12932      309.02448         0.30573E+01    0.26301E+01    1
   33   31        35   29        0.07997          285.40886      286.41103         0.31919E+01    0.31919E+01    0
   37   33        41   29        1.52797           15.23954       23.89865         0.24042E+02    0.14453E+02    1
   39   34        44   29       -1.05670          -13.60979      -22.42318         0.18580E+02    0.11858E+02    1
   43   36        50   29       -0.50836           35.12871       27.89994         0.95923E+01    0.95923E+01    0
   32   31        33   30       -0.07875          468.43764      467.79196         0.25530E+01    0.25530E+01    0
   34   32        36   30        1.32562          171.44252      189.37150         0.60779E+01    0.30146E+01    1
   36   33        39   30       -1.09607           39.53638       37.05621         0.35675E+02    0.27293E+02    1
   38   34        42   30       -0.27008          -41.47027      -41.85608         0.56788E+02    0.56788E+02    0
   42   36        48   30       -0.19307           13.06883       10.78497         0.98873E+01    0.98873E+01    0
   44   37        51   30       -0.12106           15.29125       13.55183         0.95503E+01    0.95503E+01    0
   33   32        34   31        0.15601          344.43524      346.22913         0.20868E+01    0.16889E+01    1
   35   33        37   31       -1.38795          186.91212      140.86073         0.14264E+01    0.12248E+01    1
   37   34        40   31       -0.32987           -1.61501       -1.93263         0.78343E+02    0.62588E+02    1
   39   35        43   31        1.59099          -99.95626      -82.01240         0.85283E+01    0.70683E+01    1
   41   36        46   31       -0.90092          -17.61901      -26.34135         0.10068E+02    0.10068E+02    0
   43   37        49   31        1.25607            6.99934       18.75320         0.12444E+02    0.12444E+02    0
   45   38        52   31       -1.26003           32.55904       21.24255         0.15549E+02    0.15311E+02    1
   34   33        35   32        0.45787          545.88694      550.02626         0.35837E+01    0.22757E+01    1
   36   34        38   32       -0.51661          164.79090      164.09138         0.39300E+02    0.29478E+02    1
   38   35        41   32        1.21590           -3.88104       11.03807         0.10498E+02    0.49049E+01    1
   40   36        44   32       -1.97425           -1.57250      -37.71736         0.12015E+02    0.43118E+01    1
   42   37        47   32        0.61473           29.55039       34.25295         0.12680E+02    0.12680E+02    0
   44   38        50   32       -0.31328           19.17268       16.45483         0.13567E+02    0.13567E+02    0
   37   35        39   33       -0.53844          157.00805      154.53640         0.87785E+01    0.87785E+01    0
   39   36        42   33       -2.01758          113.71349       66.50761         0.72960E+01    0.25582E+01    1
   41   37        45   33        0.75985           54.04920       60.31463         0.94347E+01    0.94347E+01    0
   43   38        48   33        1.16521           56.13317       63.72331         0.14894E+02    0.14894E+02    0
   45   39        51   33        2.04903           19.53552       35.54483         0.59112E+02    0.15179E+02    1
   36   35        37   34       -0.79939          564.22169      557.24190         0.27348E+01    0.22778E+01    1
   38   36        40   34       -0.80973          187.36531      181.32778         0.58058E+01    0.54212E+01    1
   40   37        43   34        0.21165            2.36220        4.05591         0.75559E+01    0.75559E+01    0
   42   38        46   34       -0.28115           46.88178       44.33731         0.86168E+01    0.86168E+01    0
   44   39        49   34        1.13742           15.33396       24.38287         0.12491E+02    0.12491E+02    0
   46   40        52   34        1.26394           25.63579       37.93545         0.19921E+02    0.12251E+02    1
   37   36        38   35        0.33566          484.59345      489.52001         0.13930E+01    0.13930E+01    0
   43   39        47   35       -0.72064          104.52059       77.72661         0.21189E+01    0.21189E+01    0
   38   37        39   36       -0.27164          307.45132      306.51824         0.59375E+01    0.59375E+01    0
   40   38        42   36        0.10814          101.10385      101.50198         0.11075E+02    0.11075E+02    0
   42   39        45   36       -0.56256          107.77580      106.09701         0.21893E+02    0.19784E+02    1
   44   40        48   36       -0.14755           78.23011       77.77993         0.25999E+02    0.25999E+02    0
   46   41        51   36        0.59113           33.35126       36.84261         0.16918E+02    0.16918E+02    0
   39   38        40   37       -0.08580          293.68360      293.25212         0.39384E+01    0.39384E+01    0
   41   39        43   37       -0.17481          138.26493      137.50425         0.94817E+01    0.94817E+01    0
   43   40        46   37       -0.32057          110.31288      108.84779         0.12895E+02    0.12895E+02    0
   45   41        49   37       -0.09127           49.90669       49.02328         0.83259E+01    0.83259E+01    0
   47   42        52   37       -0.01794           -0.65601       -0.85330         0.91648E+01    0.91648E+01    0
   40   39        41   38       -0.28883           93.58875       93.17686         0.41749E+02    0.14677E+02    1
   42   40        44   38       -0.98944          224.84440      224.37083         0.94334E+03    0.81670E+02    1
   44   41        47   38        0.00006           69.29235       69.29250         0.22265E+02    0.22265E+02    0
   46   42        50   38       -0.19609           37.54019       37.29295         0.64298E+02    0.64298E+02    0
   41   40        42   39        1.76896          293.64752      319.05688         0.73538E+01    0.14132E+01    1
   43   41        45   39        0.06327          158.71404      159.09922         0.64125E+01    0.64125E+01    0
   45   42        48   39       -0.51276           70.07603       66.86566         0.96969E+01    0.96969E+01    0
   47   43        51   39       -1.38868            5.07303      -13.35822         0.90419E+01    0.60509E+01    1
   42   41        43   40       -0.06199          205.15692      204.98973         0.10688E+02    0.73773E+01    1
   44   42        46   40       -0.11988           38.68951       38.36175         0.24847E+02    0.14852E+02    1
   46   43        49   40       -0.62201          -10.02793      -10.48639         0.52681E+03    0.83328E+02    1
   48   44        52   40       -0.05018           35.99843       35.86565         0.50130E+02    0.29736E+02    1
   43   42        44   41       -2.17546          537.67232      514.38150         0.14006E+02    0.18802E+01    1
   45   43        47   41       -0.57996          111.20085      110.75103         0.52510E+02    0.52510E+02    0
   47   44        50   41       -0.12741           77.40277       77.06093         0.21933E+02    0.21933E+02    0
   44   43        45   42       -0.32059          179.78781      178.91026         0.15200E+02    0.73090E+01    1
   46   44        48   42        0.10449          199.77403      199.91700         0.31368E+02    0.28559E+02    1
   48   45        51   42       -1.35962          121.34303      115.30638         0.35920E+02    0.13059E+02    1
   45   44        46   43        0.60643          206.75114      208.25856         0.24078E+02    0.77760E+01    1
   47   45        49   43        0.31334           99.47026       99.84093         0.33006E+02    0.33006E+02    0
   49   46        52   43       -0.25540           66.64424       66.57994         0.10000E+04    0.23000E+03    1
   46   45        47   44       -0.12034          182.95546      182.69031         0.17032E+02    0.88335E+01    1
   48   46        50   44        0.05263           61.45189       61.51486         0.32285E+02    0.32285E+02    0
   47   46        48   45        0.23592           86.94043       87.34828         0.11275E+02    0.11275E+02    0
   49   47        51   45       -0.22503          125.31715      124.97657         0.25808E+02    0.25808E+02    0
   48   47        49   46       -0.58163          225.54151      224.58324         0.12179E+02    0.11915E+02    1
   50   48        52   46       -0.20405           84.72795       84.13288         0.13356E+02    0.13356E+02    0
   49   48        50   47       -0.14262          203.91600      203.71737         0.14348E+02    0.14073E+02    1
   50   49        51   48       -0.06137          173.31283      173.16661         0.83080E+01    0.83080E+01    0
   51   50        52   49       -0.08525          236.32104      236.05177         0.61336E+01    0.61336E+01    0
