    P+   P-        C+   C-  Normalised_Error  Observed_Rho_a  Calculated_Rho_a  Original_Weight  Final_Weight    C
    2    8         4    6       -0.03125          868.56880      868.22278         0.45231E+01    0.45231E+01    0
    2   20         8   14        0.11034          163.05506      167.69035         0.32723E+01    0.32723E+01    0
    2   23         9   16       -1.85053          175.58034      129.08357         0.86506E+01    0.63099E+01    1
    2   26        10   18        0.44465           93.67481      121.77429         0.28367E+01    0.28367E+01    0
    2   31        13   24       -1.10854           47.50722       28.67437         0.93161E+01    0.93161E+01    0
    2   34        14   26        1.10776            3.57515        9.16096         0.36723E+02    0.34976E+02    1
    2   37        15   28        0.06985           19.31957       24.02254         0.29260E+01    0.29260E+01    0
    3    6         4    5       -0.08453          923.49436      921.93247         0.11535E+01    0.11535E+01    0
    3    9         5    7        0.11649          660.63354      661.47036         0.59110E+01    0.59110E+01    0
    3   12         6    9       -0.54838          313.16634      312.48307         0.51928E+02    0.50075E+02    1
    3   15         7   11       -2.02339          120.94982       80.23334         0.62205E+01    0.43622E+01    1
    3   18         8   13        1.63402          114.63633      152.05057         0.68405E+01    0.48305E+01    1
    3   21         9   15        0.23346           73.46199       75.59671         0.14486E+02    0.14486E+02    0
    3   24        10   17        1.02141           63.29078       76.40164         0.12011E+02    0.12011E+02    0
    3   27        11   19       -2.21417           86.96529       52.41269         0.18040E+02    0.11119E+02    1
    3   29        13   23       -0.00050           16.19322       16.18425         0.76601E+01    0.76601E+01    0
    3   32        14   25        0.05128           19.85258       20.28614         0.18398E+02    0.18398E+02    0
    4    7         5    6       -0.66257         1507.54171     1462.40210         0.34644E+00    0.34644E+00    0
    4   10         6    8       -0.22837          397.61517      396.21895         0.68084E+01    0.68084E+01    0
    4   13         7   10        0.76088           78.97251       81.77568         0.19768E+02    0.17691E+02    1
    4   16         8   12        0.04318          119.32078      119.53773         0.17781E+02    0.17781E+02    0
    4   19         9   14       -0.08441           91.99735       89.97815         0.46080E+01    0.46080E+01    0
    4   22        10   16       -0.17052           46.29036       45.48618         0.30553E+02    0.28042E+02    1
    4   28        12   20       -0.06861           26.93865       26.62578         0.37414E+02    0.37414E+02    0
    4   30        14   24       -1.39351           15.57689        8.89109         0.31076E+02    0.28020E+02    1
    4   33        15   26        1.94571          -13.47292        2.09264         0.32880E+02    0.19288E+02    1
    4   36        16   28        0.17590          -10.67330       -1.01493         0.31719E+01    0.31719E+01    0
    4   45        19   30       -1.86235           27.34467        5.46530         0.36858E+02    0.30858E+02    1
    5    8         6    7       -0.02338         1173.38171     1173.25642         0.50975E+01    0.38244E+01    1
    5   14         8   11       -2.33866          159.85713      100.15044         0.10125E+02    0.25856E+01    1
    5   17         9   13       -0.23769          173.87289      173.21011         0.37954E+02    0.31607E+02    1
    5   20        10   15        0.58890           36.76382       48.79589         0.53834E+01    0.53834E+01    0
    5   23        11   17       -1.50209           80.64528       30.14404         0.41026E+01    0.38987E+01    1
    5   26        12   19        0.61143           22.51819       25.75270         0.28563E+02    0.28563E+02    0
    5   31        15   25       -0.01195           21.21100       21.17230         0.41582E+02    0.41582E+02    0
    5   34        16   27       -0.15758           -3.68729       -6.31800         0.91704E+01    0.91704E+01    0
    5   43        19   29       -0.26326            9.66301        5.40835         0.21330E+02    0.21330E+02    0
    5   46        20   31        1.02353          -10.68405        4.71184         0.24117E+02    0.24117E+02    0
    6    9         7    8       -0.22390          878.52290      875.51673         0.22154E+01    0.17020E+01    1
    6   15         9   12        0.20393          203.41363      204.20645         0.18814E+02    0.17297E+02    1
    6   18        10   14        0.90584          104.92679      115.53399         0.10464E+02    0.75643E+01    1
    6   24        12   18        0.47315           25.83501       46.81131         0.29291E+01    0.29291E+01    0
    6   27        13   20       -0.13578          -17.84306      -20.18593         0.87006E+01    0.87006E+01    0
    6   29        15   24       -0.95377           12.64005        1.84338         0.10023E+02    0.10023E+02    0
    6   32        16   26        1.62119           -9.81788        0.87058         0.42530E+02    0.20169E+02    1
    6   44        20   30        0.03255            5.79467        6.09022         0.38116E+02    0.38116E+02    0
    6   47        21   32        0.65600            2.84052        4.80074         0.12202E+03    0.12202E+03    0
    7   16        10   13       -0.90612          316.83747      312.24375         0.28611E+02    0.12852E+02    1
    7   22        12   17        0.08411           62.44425       64.41843         0.45737E+01    0.45737E+01    0
    7   25        13   19        2.52405           -7.95462       15.22057         0.93663E+02    0.13994E+02    1
    7   28        14   21       -0.47687           18.05919       16.29202         0.51536E+02    0.39773E+02    1
    7   30        16   25       -0.01573           35.22878       35.15322         0.23393E+02    0.23393E+02    0
    7   33        17   27       -1.89830           42.84847       26.82853         0.17543E+02    0.15651E+02    1
    7   42        20   29        1.21859           15.10355       20.93780         0.73021E+02    0.68097E+02    1
    7   45        21   31       -1.66630           19.13630       13.33610         0.11601E+03    0.98764E+02    1
    7   48        22   33       -1.54093           24.65104       17.44874         0.95283E+02    0.78019E+02    1
    8   14        10   12        0.20349          248.55062      249.54577         0.88968E+01    0.88968E+01    0
    8   20        12   16       -0.33096           61.23508       55.66778         0.50271E+01    0.50271E+01    0
    8   26        14   20        0.00933          -15.61375      -15.53970         0.16054E+02    0.16054E+02    0
    8   31        17   26        0.05659           16.77577       17.14260         0.17158E+02    0.17158E+02    0
    8   43        21   30        0.96786           -2.40933        2.01884         0.71702E+02    0.71702E+02    0
    9   18        12   15        0.43496          124.60230      126.29061         0.18183E+02    0.16297E+02    1
    9   21        13   17       -0.89439           40.69692       20.68619         0.38270E+01    0.38270E+01    0
    9   24        14   19       -0.15664          -12.77490      -13.38993         0.27344E+02    0.27344E+02    0
    9   27        15   21       -1.67471           29.41314        7.75093         0.11124E+02    0.98039E+01    1
    9   29        17   25        0.92949           29.10330       30.76536         0.54257E+02    0.50918E+02    1
    9   32        18   27       -4.10434          104.51651       24.03159         0.67659E+02    0.56417E+01    1
    9   41        21   29        0.91576          -12.16443        9.75620         0.12867E+02    0.12867E+02    0
    9   44        22   31        0.83104           10.73517       12.66592         0.14121E+03    0.14121E+03    0
    9   47        23   33        2.10413           10.29135       21.09215         0.96892E+02    0.67415E+02    1
   10   16        12   14       -1.66389          293.13136      290.67615         0.76212E+02    0.28563E+02    1
   10   19        13   16       -0.69702           91.18646       83.62729         0.63617E+01    0.58303E+01    1
   10   25        15   20        1.86469           16.84130       21.88263         0.60873E+02    0.39289E+02    1
   10   28        16   22       -0.91124           16.26420       14.23676         0.56496E+02    0.56496E+02    0
   10   30        18   26       -2.97815           64.80442       15.42322         0.12803E+02    0.53837E+01    1
   10   33        19   28       -0.03693           10.39561       10.27883         0.34947E+02    0.34947E+02    0
   10   42        22   30       -0.48481           18.36075       13.68471         0.32382E+02    0.32382E+02    0
   10   48        24   34       -1.46949           31.61568       14.12697         0.29555E+02    0.29320E+02    1
   11   14        12   13       -0.02406          744.31883      744.21577         0.47992E+01    0.47992E+01    0
   11   17        13   15        0.96680          220.30666      220.98709         0.85278E+02    0.60554E+02    1
   11   20        14   17       -1.58276          169.99374      104.80309         0.24348E+01    0.15622E+01    1
   11   23        15   19       -2.10053          100.55042       33.37038         0.38408E+01    0.27111E+01    1
   11   26        16   21       -0.01595           50.17372       50.16042         0.12827E+03    0.12827E+03    0
   11   31        19   27        0.76410           71.77486       72.48996         0.24283E+03    0.95609E+02    1
   11   40        22   29        1.22204            5.75661       27.61289         0.16388E+02    0.16388E+02    0
   11   43        23   31        0.70679           17.36510       23.31774         0.37123E+02    0.37123E+02    0
   11   46        24   33        0.10461           25.34995       27.42023         0.16655E+02    0.16655E+02    0
   12   15        13   14       -0.40953         1577.78996     1574.02158         0.23923E+01    0.23923E+01    0
   12   18        14   16        0.20101          238.56111      239.80222         0.69367E+01    0.69367E+01    0
   12   24        16   20       -1.14668           90.63593       80.22500         0.95796E+01    0.95796E+01    0
   12   27        17   22        0.66383           66.11936       73.97564         0.89369E+01    0.89369E+01    0
   12   29        19   26        0.62503           26.20216       32.01752         0.72973E+01    0.72973E+01    0
   12   32        20   28       -0.59436           34.31423       34.01862         0.20042E+03    0.17948E+03    1
   12   41        23   30        0.25444           21.86667       31.28402         0.79931E+01    0.79931E+01    0
   12   44        24   32       -0.37472           34.56824       34.42336         0.10000E+04    0.81233E+03    1
   12   47        25   34        0.40325            8.62020       14.57995         0.22430E+02    0.22430E+02    0
   12   50        26   36       -1.80649           20.16088       -6.33561         0.29071E+02    0.23892E+02    1
   13   16        14   15        0.28957          439.84310      440.96479         0.55374E+01    0.55374E+01    0
   13   19        15   17       -0.00818          398.80651      398.63745         0.20792E+01    0.20792E+01    0
   13   22        16   19       -0.05295           89.36397       88.57838         0.44686E+01    0.44686E+01    0
   13   25        17   21       -1.15492          134.78274      133.91386         0.54524E+03    0.11356E+03    1
   13   30        20   27       -1.56994          124.14061      121.79257         0.79883E+02    0.44966E+02    1
   13   39        23   29        0.40285           39.91128       43.02574         0.35867E+02    0.35867E+02    0
   13   42        24   31       -0.41381           42.10656       40.62607         0.82943E+02    0.82943E+02    0
   13   45        25   33       -2.99112           54.34338       25.53895         0.20074E+03    0.32394E+02    1
   14   17        15   16       -0.15466          418.76614      417.76978         0.46854E+01    0.33084E+01    1
   14   23        17   20       -0.04360          112.14163      111.25833         0.32068E+01    0.32068E+01    0
   14   31        21   28       -0.24588           74.63176       73.64571         0.16868E+02    0.16868E+02    0
   14   40        24   30        0.11679           41.00016       43.01410         0.16241E+02    0.16241E+02    0
   14   43        25   32        2.18836            8.25554       18.47348         0.19932E+03    0.63740E+02    1
   14   46        26   34       -0.88342           23.25561       16.98809         0.44415E+02    0.44415E+02    0
   14   52        28   38        0.45500          -43.93157      -43.63782         0.72482E+03    0.53884E+03    1
   15   18        16   17        0.09113         1251.55852     1252.69745         0.17681E+01    0.17681E+01    0
   15   21        17   19       -0.07287           99.04056       98.37667         0.48115E+01    0.48115E+01    0
   15   24        18   21        1.44244          108.71958      130.45790         0.81493E+01    0.43109E+01    1
   15   27        19   23        1.03750            8.00169       16.21578         0.10668E+02    0.10668E+02    0
   15   29        21   27       -0.59974          187.87607      187.22926         0.55261E+02    0.42012E+02    1
   15   38        24   29       -0.24782           44.71210       40.39555         0.15085E+02    0.15085E+02    0
   15   41        25   31        1.48019            1.90555       18.13455         0.28839E+02    0.25411E+02    1
   15   50        28   37       -0.02169          -24.59868      -24.85874         0.27583E+02    0.27583E+02    0
   16   19        17   18       -0.01599          506.67140      506.36114         0.10824E+01    0.10824E+01    0
   16   25        19   22       -0.68666          121.66440      119.39718         0.19022E+02    0.19022E+02    0
   16   28        20   24        0.74484           10.79838       14.70596         0.16068E+02    0.16068E+02    0
   16   30        22   28       -0.84981           85.84348       82.77754         0.12395E+02    0.12395E+02    0
   16   39        25   30        0.75196            5.57724       14.57473         0.22049E+02    0.22049E+02    0
   16   45        27   34       -0.68962           16.50684        5.22262         0.18176E+02    0.18176E+02    0
   16   48        28   36       -1.68133           -5.47809      -15.43206         0.71986E+02    0.52898E+02    1
   17   20        18   19       -0.27652         1205.76497     1199.72541         0.10295E+01    0.10295E+01    0
   17   23        19   21        0.22453          378.86830      383.45456         0.21033E+01    0.21033E+01    0
   17   26        20   23        1.43160          166.68461      195.65661         0.49333E+01    0.31829E+01    1
   17   37        25   29        0.24721           -3.70769       17.82962         0.28564E+01    0.28564E+01    0
   18   21        19   20        0.08962          786.99001      788.52548         0.12357E+01    0.12357E+01    0
   18   24        20   22       -0.65581          482.65108      473.52780         0.30725E+01    0.30725E+01    0
   19   22        20   21        0.41437          647.94028      652.59096         0.20182E+01    0.20182E+01    0
   19   25        21   23       -0.01937          219.42705      219.35520         0.11606E+02    0.11606E+02    0
   19   28        22   25       -0.46502           29.32455       28.31469         0.30105E+02    0.30105E+02    0
   19   42        28   33        0.42276            3.84163       11.34341         0.14999E+02    0.14999E+02    0
   20   23        21   22        0.11520          714.44682      715.89293         0.16824E+01    0.16824E+01    0
   20   26        22   24       -0.20382          285.03469      284.38598         0.13685E+02    0.13685E+02    0
   20   37        27   30        0.46342          -37.70727      -19.39837         0.61953E+01    0.61953E+01    0
   20   40        28   32        0.16124            4.45718        9.33068         0.83375E+01    0.83375E+01    0
   21   24        22   23       -0.52406          980.55243      972.47143         0.14577E+01    0.14577E+01    0
   21   27        23   25       -0.20436          270.05784      268.57043         0.59624E+01    0.59624E+01    0
   21   38        28   31        0.16940          -10.80969       -3.64719         0.57305E+01    0.57305E+01    0
   22   25        23   24       -0.17971          545.90968      544.77252         0.32709E+01    0.32709E+01    0
   22   28        24   26        0.02995          313.62124      313.68701         0.19126E+02    0.19126E+02    0
   22   36        28   30       -0.09493          -25.39063      -30.66392         0.44918E+01    0.44918E+01    0
   22   51        29   40       -1.73574           10.00830       -6.08823         0.25683E+02    0.16776E+02    1
   23   26        24   25        0.16817         1421.97634     1424.01276         0.18417E+01    0.18417E+01    0
   23   34        28   29       -0.28696           18.42228       10.63408         0.11286E+02    0.11286E+02    0
   23   49        29   39       -1.22373            6.60295        0.27891         0.26886E+02    0.26008E+02    1
   23   52        30   41       -2.16321           23.99414        4.84595         0.37963E+02    0.17382E+02    1
   24   27        25   26       -0.04307          424.96260      424.53742         0.20567E+01    0.20567E+01    0
   24   47        29   38        1.83189           -3.18916        3.31605         0.46653E+02    0.31674E+02    1
   24   50        30   40       -2.03845            8.02648       -1.98362         0.99387E+02    0.26951E+02    1
   25   28        26   27       -0.27723         1227.32961     1225.43284         0.31355E+01    0.31355E+01    0
   25   45        29   37        0.44598           14.92362       16.52572         0.25354E+02    0.25354E+02    0
   25   48        30   39       -0.60736           22.32377       19.32785         0.22526E+02    0.22526E+02    0
   25   51        31   41       -1.90670           26.79819       20.20260         0.76908E+02    0.38210E+02    1
   26   43        29   36       -1.38045           22.23844       19.39136         0.34591E+02    0.33117E+02    1
   26   46        30   38       -0.58540           12.18488       11.91901         0.23289E+03    0.19555E+03    1
   26   49        31   40        1.57851          -10.61567       -6.45246         0.50217E+02    0.41856E+02    1
   27   44        30   37       -0.81575          109.50543      104.84215         0.11723E+02    0.11723E+02    0
   27   47        31   39        0.00929           62.18096       62.28020         0.82911E+01    0.82911E+01    0
   28   39        29   34        0.18007           85.52090       86.47510         0.64859E+01    0.42137E+01    1
   28   42        30   36       -0.08852           80.84260       80.69550         0.26821E+02    0.26821E+02    0
   28   45        31   38       -2.46557           69.62531       61.85643         0.96790E+02    0.21245E+02    1
   28   48        32   40       -1.80033           19.50252        8.27864         0.19543E+02    0.14070E+02    1
   28   51        33   42        0.09914           11.80615       12.67181         0.12425E+02    0.12425E+02    0
   29   32        30   31       -1.07544          307.21901      301.23953         0.42094E+01    0.35187E+01    1
   29   35        31   33       -0.00360          305.52386      305.46408         0.24111E+01    0.24111E+01    0
   29   41        33   37        0.96226           21.36528       38.89629         0.44956E+01    0.44956E+01    0
   29   44        34   39       -0.54111           -8.82030      -14.77045         0.89945E+01    0.89945E+01    0
   29   50        36   43       -1.24533           38.13657       31.58872         0.25942E+02    0.25942E+02    0
   30   33        31   32       -0.04838          490.57364      490.37086         0.49934E+01    0.49934E+01    0
   30   36        32   34       -0.02650          186.21351      185.82795         0.28020E+01    0.28020E+01    0
   30   39        33   36       -2.41371           48.61519       48.15594         0.86086E+03    0.32460E+03    1
   30   42        34   38        1.39122          -34.76955      -25.83407         0.35902E+02    0.12630E+02    1
   30   48        36   42       -0.56895           16.91020       13.21573         0.18012E+02    0.18012E+02    0
   30   51        37   44       -1.24799           19.06377       17.11713         0.17117E+03    0.87970E+02    1
   31   34        32   33       -0.43541          340.55397      338.00795         0.33210E+01    0.33210E+01    0
   31   37        33   35       -0.45991          195.39199      179.93999         0.12096E+01    0.12096E+01    0
   31   40        34   37        1.82460            6.35830       28.12379         0.68800E+01    0.50518E+01    1
   31   43        35   39        1.97832          -94.48234      -45.60473         0.59676E+01    0.32266E+01    1
   31   46        36   41       -0.28600          -13.57602      -16.16530         0.10766E+02    0.10766E+02    0
   31   49        37   43        1.08567           10.51664       18.72627         0.15400E+02    0.15400E+02    0
   31   52        38   45       -1.98778           35.30906       12.23008         0.16696E+02    0.11844E+02    1
   32   35        33   34        0.21657          579.84142      583.53969         0.12047E+01    0.12047E+01    0
   32   38        34   36       -0.01189          180.27325      180.12394         0.31784E+01    0.31784E+01    0
   32   41        35   38        1.54136            9.33258       44.58055         0.56385E+01    0.26318E+01    1
   32   44        36   40       -2.41989            5.94853      -15.55813         0.13942E+02    0.88822E+01    1
   32   47        37   42        0.65528           35.09153       40.66075         0.11413E+02    0.11413E+02    0
   32   50        38   44       -0.61183           22.82938       22.55685         0.61250E+03    0.26423E+03    1
   33   39        35   37        0.41678          171.42896      175.00302         0.46992E+01    0.46992E+01    0
   33   42        36   39       -1.84121          123.69483       85.55605         0.39316E+01    0.28895E+01    1
   33   45        37   41       -0.20954           61.89128       59.19137         0.60376E+01    0.60376E+01    0
   33   48        38   43       -0.31715           60.85392       58.64173         0.13909E+02    0.13909E+02    0
   33   51        39   45        1.11112           19.17871       37.39628         0.72332E+01    0.72332E+01    0
   34   37        35   36       -1.86560          601.95506      561.96509         0.15723E+01    0.92784E+00    1
   34   40        36   38       -1.14082          200.30161      195.14831         0.14530E+02    0.89484E+01    1
   34   43        37   40        1.58413           12.01181       19.72416         0.15913E+02    0.12419E+02    1
   34   46        38   42       -1.76890           50.75837       48.26366         0.22770E+03    0.55294E+02    1
   34   49        39   44        0.73945           18.14402       18.77414         0.13837E+03    0.11662E+03    1
   34   52        40   46        0.80708           28.08429       29.69743         0.66325E+02    0.59645E+02    1
   35   38        36   37        0.41994          499.46365      506.87900         0.11578E+01    0.11578E+01    0
   35   47        39   43       -1.41925          102.57707       68.79626         0.33099E+01    0.33099E+01    0
   36   39        37   38        0.15552          326.81826      327.27833         0.68941E+01    0.68941E+01    0
   36   42        38   40        0.84216          110.02876      110.65926         0.78072E+02    0.54467E+02    1
   36   45        39   42       -0.32634          109.69794      109.47566         0.86677E+02    0.86677E+02    0
   36   48        40   44       -1.65654           82.29969       78.86893         0.50584E+02    0.38301E+02    1
   36   51        41   46        2.19144           36.63632       44.65493         0.43280E+02    0.27309E+02    1
   37   40        38   39       -0.47268          310.63171      308.20869         0.43329E+01    0.38637E+01    1
   37   43        39   41       -0.49065          140.88998      140.16357         0.32270E+02    0.27868E+02    1
   37   46        40   43        1.05426          113.76639      115.30467         0.10764E+03    0.40392E+02    1
   37   49        41   45       -1.45248           55.89388       54.23103         0.27075E+03    0.70389E+02    1
   37   52        42   47       -1.24935            1.41272        0.84946         0.74886E+03    0.22354E+03    1
   38   41        39   40        0.01589          100.29977      100.36536         0.50700E+01    0.50700E+01    0
   38   44        40   42       -0.22861          229.77249      229.40542         0.29750E+02    0.24345E+02    1
   38   47        41   44        0.11783           75.01958       75.31919         0.23548E+02    0.23548E+02    0
   38   50        42   46       -0.85828           41.86039       41.17085         0.19341E+03    0.10091E+03    1
   39   42        40   41       -0.05473          296.78422      296.64562         0.12281E+02    0.80161E+01    1
   39   45        41   43        1.46930          161.66335      168.88850         0.19076E+02    0.79389E+01    1
   39   48        42   45       -0.61671           77.87729       76.30577         0.39051E+02    0.23825E+02    1
   39   51        43   47       -1.06413            7.99607        2.74830         0.27185E+02    0.16285E+02    1
   40   43        41   42       -0.50012          208.68918      207.87530         0.15124E+02    0.12227E+02    1
   40   46        42   44       -0.35312           43.02384       42.54395         0.29881E+02    0.29881E+02    0
   40   49        43   46        0.46908           -5.43268       -5.22868         0.53668E+03    0.14122E+03    1
   40   52        44   48       -1.47052           38.62243       33.72320         0.84203E+02    0.23619E+02    1
   41   44        42   43       -3.58470          538.49786      399.40462         0.82839E+01    0.51879E+00    1
   41   47        43   45        0.09088          118.41220      118.74279         0.11196E+02    0.11196E+02    0
   41   50        44   47       -0.22359           79.87078       79.76930         0.12967E+03    0.12967E+03    0
   42   45        43   44       -0.38856          178.49524      176.75356         0.11184E+02    0.44635E+01    1
   42   48        44   46        0.52686          206.61442      207.39139         0.26497E+02    0.26497E+02    0
   42   51        45   48       -1.16596          123.39348      118.63032         0.14535E+02    0.14193E+02    1
   43   46        44   45       -0.52353          213.23428      211.41614         0.82057E+01    0.55658E+01    1
   43   49        45   47       -0.45603           98.81248       98.28270         0.33610E+02    0.33610E+02    0
   43   52        46   49       -0.42153           71.31010       70.84816         0.52836E+02    0.52836E+02    0
   44   47        45   46        0.52373          182.47417      184.28653         0.62700E+01    0.56245E+01    1
   44   50        46   48        0.69619           65.68276       67.24896         0.21555E+02    0.17169E+02    1
   45   48        46   47        0.09703           88.29073       88.43519         0.18298E+02    0.13091E+02    1
   45   51        47   49        0.81563          133.71147      136.09391         0.20413E+02    0.13373E+02    1
   46   49        47   48       -0.21238          230.80820      230.43654         0.11218E+02    0.11218E+02    0
   46   52        48   50       -1.10691           93.40593       91.16170         0.24705E+02    0.19211E+02    1
   47   50        48   49       -0.51300          208.05943      207.06973         0.10160E+02    0.10160E+02    0
   48   51        49   50        0.70036          176.76283      178.55525         0.77345E+01    0.77345E+01    0
   49   52        50   51       -1.14182          251.57351      246.78294         0.64354E+01    0.46178E+01    1
    6    4         8    2       -0.01860          868.56880      868.22278         0.26911E+01    0.26911E+01    0
   14    8        20    2        0.13808          163.05506      167.69035         0.40950E+01    0.40950E+01    0
   16    9        23    2       -1.97074          175.58034      129.08357         0.11998E+02    0.67197E+01    1
   18   10        26    2        1.14859           93.67481      121.77429         0.73277E+01    0.73277E+01    0
   24   13        31    2       -0.82288           47.50722       28.67437         0.69154E+01    0.69154E+01    0
   26   14        34    2        0.97170            3.57515        9.16096         0.30680E+02    0.30680E+02    0
   28   15        37    2        0.31528           19.31957       24.02254         0.13208E+02    0.13208E+02    0
    5    4         6    3       -0.09372          923.49436      921.93247         0.13652E+01    0.12790E+01    1
    7    5         9    3        0.01728          660.63354      661.47036         0.87695E+00    0.87695E+00    0
    9    6        12    3       -0.03699          313.16634      312.48307         0.33776E+01    0.33776E+01    0
   11    7        15    3       -0.23672          120.94982       80.23334         0.51035E+00    0.51035E+00    0
   13    8        18    3        1.68718          114.63633      152.05057         0.77752E+01    0.49877E+01    1
   15    9        21    3        0.07218           73.46199       75.59671         0.44789E+01    0.44789E+01    0
   17   10        24    3        0.55658           63.29078       76.40164         0.65450E+01    0.65450E+01    0
   19   11        27    3       -0.86993           86.96529       52.41269         0.43685E+01    0.43685E+01    0
   23   13        29    3       -0.00039           16.19322       16.18425         0.59630E+01    0.59630E+01    0
   25   14        32    3        0.03554           19.85258       20.28614         0.12751E+02    0.12751E+02    0
    6    5         7    4       -0.87301         1507.54171     1462.40210         0.61561E+00    0.45648E+00    1
    8    6        10    4       -0.05966          397.61517      396.21895         0.17787E+01    0.17787E+01    0
   10    7        13    4        0.02034           78.97251       81.77568         0.47291E+00    0.47291E+00    0
   12    8        16    4        0.01885          119.32078      119.53773         0.77602E+01    0.77602E+01    0
   14    9        19    4       -0.74723           91.99735       89.97815         0.43885E+02    0.40791E+02    1
   16   10        22    4       -0.10577           46.29036       45.48618         0.17393E+02    0.17393E+02    0
   20   12        28    4       -0.14115           26.93865       26.62578         0.85736E+02    0.76973E+02    1
   24   14        30    4       -0.76024           15.57689        8.89109         0.15287E+02    0.15287E+02    0
   26   15        33    4        0.41768          -13.47292        2.09264         0.41405E+01    0.41405E+01    0
   28   16        36    4        0.52561          -10.67330       -1.01493         0.94779E+01    0.94779E+01    0
   30   19        45    4       -0.20204           27.34467        5.46530         0.33477E+01    0.33477E+01    0
    7    6         8    5       -0.00768         1173.38171     1173.25642         0.12560E+01    0.12560E+01    0
   11    8        14    5       -2.12819          159.85713      100.15044         0.50498E+01    0.23530E+01    1
   13    9        17    5       -0.12286          173.87289      173.21011         0.16338E+02    0.16338E+02    0
   15   10        20    5        0.38515           36.76382       48.79589         0.35209E+01    0.35209E+01    0
   17   11        23    5       -0.92211           80.64528       30.14404         0.23933E+01    0.23933E+01    0
   19   12        26    5        0.28181           22.51819       25.75270         0.13164E+02    0.13164E+02    0
   25   15        31    5       -0.01022           21.21100       21.17230         0.35545E+02    0.35545E+02    0
   27   16        34    5       -0.45158           -3.68729       -6.31800         0.36497E+02    0.26280E+02    1
   29   19        43    5       -0.06677            9.66301        5.40835         0.54099E+01    0.54099E+01    0
   31   20        46    5        0.11736          -10.68405        4.71184         0.27653E+01    0.27653E+01    0
    8    7         9    6       -0.05063          878.52290      875.51673         0.38490E+00    0.38490E+00    0
   12    9        15    6        0.07327          203.41363      204.20645         0.62143E+01    0.62143E+01    0
   14   10        18    6        0.84735          104.92679      115.53399         0.80121E+01    0.70759E+01    1
   18   12        24    6        0.57425           25.83501       46.81131         0.35550E+01    0.35550E+01    0
   20   13        27    6       -0.58582          -17.84306      -20.18593         0.37538E+02    0.37538E+02    0
   24   15        29    6       -0.38092           12.64005        1.84338         0.40031E+01    0.40031E+01    0
   26   16        32    6        0.43016           -9.81788        0.87058         0.53515E+01    0.53515E+01    0
   30   20        44    6        0.00191            5.79467        6.09022         0.22402E+01    0.22402E+01    0
   32   21        47    6        0.01360            2.84052        4.80074         0.25295E+01    0.25295E+01    0
   13   10        16    7       -0.52726          316.83747      312.24375         0.74781E+01    0.74781E+01    0
   17   12        22    7        0.18633           62.44425       64.41843         0.10132E+02    0.10132E+02    0
   19   13        25    7        0.99223           -7.95462       15.22057         0.55011E+01    0.55011E+01    0
   21   14        28    7       -0.28184           18.05919       16.29202         0.23506E+02    0.23506E+02    0
   25   16        30    7       -0.01745           35.22878       35.15322         0.25948E+02    0.25948E+02    0
   27   17        33    7       -1.67493           42.84847       26.82853         0.13809E+02    0.13809E+02    0
   29   20        42    7        0.07635           15.10355       20.93780         0.42664E+01    0.42664E+01    0
   31   21        45    7       -0.06728           19.13630       13.33610         0.39875E+01    0.39875E+01    0
   33   22        48    7       -0.08494           24.65104       17.44874         0.43005E+01    0.43005E+01    0
   12   10        14    8        0.25992          248.55062      249.54577         0.14157E+02    0.11364E+02    1
   16   12        20    8       -0.38790           61.23508       55.66778         0.58920E+01    0.58920E+01    0
   20   14        26    8        0.19764          -15.61375      -15.53970         0.33996E+03    0.33996E+03    0
   26   17        31    8        0.02085           16.77577       17.14260         0.63227E+01    0.63227E+01    0
   30   21        43    8        0.05102           -2.40933        2.01884         0.37796E+01    0.37796E+01    0
   15   12        18    9        0.40858          124.60230      126.29061         0.16044E+02    0.15309E+02    1
   17   13        21    9       -1.50552           40.69692       20.68619         0.11326E+02    0.64419E+01    1
   19   14        24    9       -0.03681          -12.77490      -13.38993         0.64259E+01    0.64259E+01    0
   21   15        27    9       -2.12511           29.41314        7.75093         0.17912E+02    0.12441E+02    1
   25   17        29    9        0.22374           29.10330       30.76536         0.12257E+02    0.12257E+02    0
   27   18        32    9       -3.55718          104.51651       24.03159         0.21539E+02    0.48896E+01    1
   29   21        41    9        1.58858          -12.16443        9.75620         0.25880E+02    0.22320E+02    1
   31   22        44    9        0.06418           10.73517       12.66592         0.10906E+02    0.10906E+02    0
   33   23        47    9        0.12813           10.29135       21.09215         0.41053E+01    0.41053E+01    0
   14   12        16   10       -1.61956          293.13136      290.67615         0.61405E+02    0.27802E+02    1
   16   13        19   10       -0.84042           91.18646       83.62729         0.12151E+02    0.70298E+01    1
   20   15        25   10        0.48526           16.84130       21.88263         0.10224E+02    0.10224E+02    0
   22   16        28   10       -0.16231           16.26420       14.23676         0.10063E+02    0.10063E+02    0
   26   18        30   10       -2.63438           64.80442       15.42322         0.78386E+01    0.47622E+01    1
   28   19        33   10       -0.00420           10.39561       10.27883         0.39749E+01    0.39749E+01    0
   30   22        42   10       -1.05645           18.36075       13.68471         0.70562E+02    0.70562E+02    0
   34   24        48   10       -2.25772           31.61568       14.12697         0.93274E+02    0.45047E+02    1
   13   12        14   11       -0.01319          744.31883      744.21577         0.26305E+01    0.26305E+01    0
   15   13        17   11        0.23434          220.30666      220.98709         0.14678E+02    0.14678E+02    0
   17   14        20   11       -1.81693          169.99374      104.80309         0.51183E+01    0.17934E+01    1
   19   15        23   11       -2.46616          100.55042       33.37038         0.83980E+01    0.31831E+01    1
   21   16        26   11       -0.00429           50.17372       50.16042         0.34522E+02    0.34522E+02    0
   27   19        31   11        0.02788           71.77486       72.48996         0.34889E+01    0.34889E+01    0
   29   22        40   11        0.61806            5.75661       27.61289         0.82883E+01    0.82883E+01    0
   31   23        43   11        0.05715           17.36510       23.31774         0.30017E+01    0.30017E+01    0
   33   24        46   11        0.03004           25.34995       27.42023         0.47828E+01    0.47828E+01    0
   14   13        15   12       -0.59796         1577.78996     1574.02158         0.34930E+01    0.34930E+01    0
   16   14        18   12        0.15385          238.56111      239.80222         0.53091E+01    0.53091E+01    0
   20   16        24   12       -0.95937           90.63593       80.22500         0.80148E+01    0.80148E+01    0
   22   17        27   12        1.24080           66.11936       73.97564         0.16705E+02    0.16705E+02    0
   26   19        29   12        0.36508           26.20216       32.01752         0.42623E+01    0.42623E+01    0
   28   20        32   12       -0.01352           34.31423       34.01862         0.40814E+01    0.40814E+01    0
   30   23        41   12        0.26275           21.86667       31.28402         0.82542E+01    0.82542E+01    0
   32   24        44   12       -0.37472           34.56824       34.42336         0.10000E+04    0.81233E+03    1
   34   25        47   12        0.16355            8.62020       14.57995         0.90969E+01    0.90969E+01    0
   36   26        50   12       -1.22708           20.16088       -6.33561         0.16229E+02    0.16229E+02    0
   15   14        16   13        0.54861          439.84310      440.96479         0.10556E+02    0.10491E+02    1
   17   15        19   13       -0.01499          398.80651      398.63745         0.38100E+01    0.38100E+01    0
   19   16        22   13       -0.83873           89.36397       88.57838         0.70785E+02    0.70785E+02    0
   21   17        25   13       -0.38450          134.78274      133.91386         0.37808E+02    0.37808E+02    0
   27   20        30   13       -0.13009          124.14061      121.79257         0.37259E+01    0.37259E+01    0
   29   23        39   13        0.09923           39.91128       43.02574         0.88346E+01    0.88346E+01    0
   31   24        42   13       -0.09403           42.10656       40.62607         0.18848E+02    0.18848E+02    0
   33   25        45   13       -2.93885           54.34338       25.53895         0.17434E+03    0.31828E+02    1
   16   15        17   14       -0.12665          418.76614      417.76978         0.31418E+01    0.27092E+01    1
   20   17        23   14       -0.16253          112.14163      111.25833         0.11954E+02    0.11954E+02    0
   28   21        31   14       -0.11468           74.63176       73.64571         0.78671E+01    0.78671E+01    0
   30   24        40   14        0.07973           41.00016       43.01410         0.11087E+02    0.11087E+02    0
   32   25        43   14        0.23790            8.25554       18.47348         0.69291E+01    0.69291E+01    0
   34   26        46   14       -0.25047           23.25561       16.98809         0.12593E+02    0.12593E+02    0
   38   28        52   14        0.00641          -43.93157      -43.63782         0.75901E+01    0.75901E+01    0
   17   16        18   15        0.09811         1251.55852     1252.69745         0.19345E+01    0.19035E+01    1
   19   17        21   15       -0.79518           99.04056       98.37667         0.52505E+02    0.52505E+02    0
   21   18        24   15        1.52850          108.71958      130.45790         0.12956E+02    0.45681E+01    1
   23   19        27   15        0.79918            8.00169       16.21578         0.82174E+01    0.82174E+01    0
   27   21        29   15       -0.11012          187.87607      187.22926         0.77138E+01    0.77138E+01    0
   29   24        38   15       -0.12256           44.71210       40.39555         0.74606E+01    0.74606E+01    0
   31   25        41   15        0.46651            1.90555       18.13455         0.80086E+01    0.80086E+01    0
   37   28        50   15       -0.00527          -24.59868      -24.85874         0.67064E+01    0.67064E+01    0
   18   17        19   16       -0.04348          506.67140      506.36114         0.29426E+01    0.29426E+01    0
   22   19        25   16       -0.42380          121.66440      119.39718         0.11740E+02    0.11740E+02    0
   24   20        28   16        0.25151           10.79838       14.70596         0.54259E+01    0.54259E+01    0
   28   22        30   16       -1.48068           85.84348       82.77754         0.27172E+02    0.21597E+02    1
   30   25        39   16        0.12391            5.57724       14.57473         0.36331E+01    0.36331E+01    0
   34   27        45   16       -0.86775           16.50684        5.22262         0.22870E+02    0.22870E+02    0
   36   28        48   16       -0.16958           -5.47809      -15.43206         0.53355E+01    0.53355E+01    0
   19   18        20   17       -0.41128         1205.76497     1199.72541         0.15313E+01    0.15313E+01    0
   21   19        23   17        0.26023          378.86830      383.45456         0.24378E+01    0.24378E+01    0
   23   20        26   17        1.19336          166.68461      195.65661         0.27310E+01    0.26532E+01    1
   29   25        37   17        1.44238           -3.70769       17.82962         0.21365E+02    0.16666E+02    1
   20   19        21   18        0.07862          786.99001      788.52548         0.10840E+01    0.10840E+01    0
   22   20        24   18       -0.30280          482.65108      473.52780         0.14186E+01    0.14186E+01    0
   21   20        22   19        0.29571          647.94028      652.59096         0.14403E+01    0.14403E+01    0
   23   21        25   19       -0.00561          219.42705      219.35520         0.33604E+01    0.33604E+01    0
   25   22        28   19       -0.09575           29.32455       28.31469         0.61990E+01    0.61990E+01    0
   33   28        42   19        0.41454            3.84163       11.34341         0.14707E+02    0.14707E+02    0
   22   21        23   20        0.10794          714.44682      715.89293         0.15764E+01    0.15764E+01    0
   24   22        26   20       -0.05892          285.03469      284.38598         0.39562E+01    0.39562E+01    0
   30   27        37   20        0.90521          -37.70727      -19.39837         0.12102E+02    0.12102E+02    0
   32   28        40   20        0.87912            4.45718        9.33068         0.45457E+02    0.45457E+02    0
   23   22        24   21       -0.52389          980.55243      972.47143         0.14573E+01    0.14573E+01    0
   25   23        27   21       -0.10939          270.05784      268.57043         0.31915E+01    0.31915E+01    0
   31   28        38   21        1.97944          -10.80969       -3.64719         0.99926E+02    0.66962E+02    1
   24   23        25   22       -0.09200          545.90968      544.77252         0.16744E+01    0.16744E+01    0
   26   24        28   22        0.00763          313.62124      313.68701         0.48715E+01    0.48715E+01    0
   30   28        36   22       -0.34685          -25.39063      -30.66392         0.16412E+02    0.16412E+02    0
   40   29        51   22       -1.29508           10.00830       -6.08823         0.12517E+02    0.12517E+02    0
   25   24        26   23        0.13597         1421.97634     1424.01276         0.14890E+01    0.14890E+01    0
   29   28        34   23       -1.38800           18.42228       10.63408         0.64169E+02    0.54591E+02    1
   39   29        49   23       -0.34556            6.60295        0.27891         0.73444E+01    0.73444E+01    0
   41   30        52   23       -2.62317           23.99414        4.84595         0.16515E+03    0.21078E+02    1
   26   25        27   24       -0.05883          424.96260      424.53742         0.28093E+01    0.28093E+01    0
   38   29        47   24        0.80800           -3.18916        3.31605         0.13970E+02    0.13970E+02    0
   40   30        50   24       -1.63391            8.02648       -1.98362         0.26433E+02    0.21602E+02    1
   27   26        28   25       -0.23124         1227.32961     1225.43284         0.26154E+01    0.26154E+01    0
   37   29        45   25        0.30273           14.92362       16.52572         0.17210E+02    0.17210E+02    0
   39   30        48   25       -0.46041           22.32377       19.32785         0.17076E+02    0.17076E+02    0
   41   31        51   25       -1.69384           26.79819       20.20260         0.47899E+02    0.33944E+02    1
   36   29        43   26       -0.42245           22.23844       19.39136         0.10135E+02    0.10135E+02    0
   38   30        46   26       -0.05336           12.18488       11.91901         0.17824E+02    0.17824E+02    0
   40   31        49   26        1.54508          -10.61567       -6.45246         0.48113E+02    0.40969E+02    1
   37   30        44   27       -0.96114          109.50543      104.84215         0.13812E+02    0.13812E+02    0
   39   31        47   27        0.41070           62.18096       62.28020         0.10000E+04    0.36669E+03    1
   34   29        39   28        0.15994           85.52090       86.47510         0.40362E+01    0.37425E+01    1
   36   30        42   28       -0.74227           80.84260       80.69550         0.44783E+03    0.22490E+03    1
   38   31        45   28       -2.36347           69.62531       61.85643         0.69007E+02    0.20366E+02    1
   40   32        48   28       -2.07688           19.50252        8.27864         0.38326E+02    0.16231E+02    1
   42   33        51   28        0.22460           11.80615       12.67181         0.28150E+02    0.28150E+02    0
   31   30        32   29       -0.97386          307.21901      301.23953         0.34517E+01    0.31864E+01    1
   33   31        35   29       -0.00678          305.52386      305.46408         0.45394E+01    0.45394E+01    0
   37   33        41   29        2.19750           21.36528       38.89629         0.14764E+02    0.10267E+02    1
   39   34        44   29       -1.19751           -8.82030      -14.77045         0.19905E+02    0.19905E+02    0
   43   36        50   29       -0.18498           38.13657       31.58872         0.38534E+01    0.38534E+01    0
   32   31        33   30       -0.02607          490.57364      490.37086         0.26913E+01    0.26913E+01    0
   34   32        36   30       -0.09068          186.21351      185.82795         0.95892E+01    0.95892E+01    0
   36   33        39   30       -0.13146           48.61519       48.15594         0.17679E+02    0.17679E+02    0
   38   34        42   30        1.13067          -34.76955      -25.83407         0.11760E+02    0.10265E+02    1
   42   36        48   30       -0.11623           16.91020       13.21573         0.36797E+01    0.36797E+01    0
   44   37        51   30       -0.05188           19.06377       17.11713         0.36573E+01    0.36573E+01    0
   33   32        34   31       -0.28785          340.55397      338.00795         0.21956E+01    0.21956E+01    0
   35   33        37   31       -1.20984          195.39199      179.93999         0.31819E+01    0.31819E+01    0
   37   34        40   31        2.29984            6.35830       28.12379         0.28142E+02    0.63676E+01    1
   39   35        43   31        1.43331          -94.48234      -45.60473         0.24307E+01    0.23377E+01    1
   41   36        46   31       -0.09768          -13.57602      -16.16530         0.36771E+01    0.36771E+01    0
   43   37        49   31        0.24258           10.51664       18.72627         0.34409E+01    0.34409E+01    0
   45   38        52   31       -0.87213           35.30906       12.23008         0.51964E+01    0.51964E+01    0
   34   33        35   32        0.57707          579.84142      583.53969         0.32701E+01    0.32102E+01    1
   36   34        38   32       -0.28526          180.27325      180.12394         0.10539E+03    0.76254E+02    1
   38   35        41   32        1.26045            9.33258       44.58055         0.25214E+01    0.21521E+01    1
   40   36        44   32       -0.93372            5.94853      -15.55813         0.34272E+01    0.34272E+01    0
   42   37        47   32        0.18514           35.09153       40.66075         0.32246E+01    0.32246E+01    0
   44   38        50   32       -0.01181           22.82938       22.55685         0.51024E+01    0.51024E+01    0
   37   35        39   33        0.19637          171.42896      175.00302         0.22141E+01    0.22141E+01    0
   39   36        42   33       -1.63421          123.69483       85.55605         0.30973E+01    0.25647E+01    1
   41   37        45   33       -0.11804           61.89128       59.19137         0.34011E+01    0.34011E+01    0
   43   38        48   33       -0.12006           60.85392       58.64173         0.52652E+01    0.52652E+01    0
   45   39        51   33        2.20640           19.17871       37.39628         0.19082E+02    0.14363E+02    1
   36   35        37   34       -1.77428          601.95506      561.96509         0.12863E+01    0.88242E+00    1
   38   36        40   34       -0.34308          200.30161      195.14831         0.26910E+01    0.26910E+01    0
   40   37        43   34        0.37400           12.01181       19.72416         0.29322E+01    0.29322E+01    0
   42   38        46   34       -0.13141           50.75837       48.26366         0.41078E+01    0.41078E+01    0
   44   39        49   34        0.77240           18.14402       18.77414         0.15098E+03    0.12182E+03    1
   46   40        52   34        1.05281           28.08429       29.69743         0.25729E+03    0.77805E+02    1
   37   36        38   35        0.38863          499.46365      506.87900         0.10715E+01    0.10715E+01    0
   43   39        47   35       -1.42825          102.57707       68.79626         0.33309E+01    0.33309E+01    0
   38   37        39   36        0.05108          326.81826      327.27833         0.22643E+01    0.22643E+01    0
   40   38        42   36        0.06581          110.02876      110.65926         0.42563E+01    0.42563E+01    0
   42   39        45   36       -1.23683          109.69794      109.47566         0.10000E+04    0.32851E+03    1
   44   40        48   36       -1.68523           82.29969       78.86893         0.54181E+02    0.38965E+02    1
   46   41        51   36        0.51528           36.63632       44.65493         0.64212E+01    0.64212E+01    0
   39   38        40   37       -0.27340          310.63171      308.20869         0.22348E+01    0.22348E+01    0
   41   39        43   37       -0.44119          140.88998      140.16357         0.26092E+02    0.25058E+02    1
   43   40        46   37        0.61983          113.76639      115.30467         0.23747E+02    0.23747E+02    0
   45   41        49   37       -0.09523           55.89388       54.23103         0.46149E+01    0.46149E+01    0
   47   42        52   37       -0.09908            1.41272        0.84946         0.17728E+02    0.17728E+02    0
   40   39        41   38        0.10476          100.29977      100.36536         0.12253E+03    0.33432E+02    1
   42   40        44   38       -0.57831          229.77249      229.40542         0.19037E+03    0.61584E+02    1
   44   41        47   38        0.03291           75.01958       75.31919         0.65766E+01    0.65766E+01    0
   46   42        50   38       -0.28820           41.86039       41.17085         0.33884E+02    0.33884E+02    0
   41   40        42   39       -0.04421          296.78422      296.64562         0.76469E+01    0.64750E+01    1
   43   41        45   39        0.61924          161.66335      168.88850         0.33459E+01    0.33459E+01    0
   45   42        48   39       -0.24456           77.87729       76.30577         0.94480E+01    0.94480E+01    0
   47   43        51   39       -0.58270            7.99607        2.74830         0.89175E+01    0.89175E+01    0
   42   41        43   40       -0.17191          208.68918      207.87530         0.42029E+01    0.42029E+01    0
   44   42        46   40       -0.54564           43.02384       42.54395         0.65236E+02    0.46171E+02    1
   46   43        49   40        0.21253           -5.43268       -5.22868         0.11017E+03    0.63986E+02    1
   48   44        52   40       -1.24518           38.62243       33.72320         0.26268E+02    0.20000E+02    1
   43   42        44   41       -3.68579          538.49786      399.40462         0.10348E+02    0.53342E+00    1
   45   43        47   41        0.19230          118.41220      118.74279         0.24263E+02    0.23691E+02    1
   47   44        50   41       -0.02985           79.87078       79.76930         0.17314E+02    0.17314E+02    0
   44   43        45   42       -0.40211          178.49524      176.75356         0.12827E+02    0.46191E+01    1
   46   44        48   42        0.28461          206.61442      207.39139         0.14313E+02    0.14313E+02    0
   48   45        51   42       -1.51544          123.39348      118.63032         0.41193E+02    0.18447E+02    1
   45   44        46   43       -0.51141          213.23428      211.41614         0.78301E+01    0.54369E+01    1
   47   45        49   43       -0.28806           98.81248       98.28270         0.21231E+02    0.21231E+02    0
   49   46        52   43       -0.38754           71.31010       70.84816         0.48576E+02    0.48576E+02    0
   46   45        47   44        0.59522          182.47417      184.28653         0.10460E+02    0.63922E+01    1
   48   46        50   44        0.72118           65.68276       67.24896         0.24821E+02    0.17785E+02    1
   47   46        48   45        0.06614           88.29073       88.43519         0.89242E+01    0.89242E+01    0
   49   47        51   45        0.60679          133.71147      136.09391         0.10016E+02    0.99484E+01    1
   48   47        49   46       -0.11736          230.80820      230.43654         0.61990E+01    0.61990E+01    0
   50   48        52   46       -1.05886           93.40593       91.16170         0.22607E+02    0.18378E+02    1
   49   48        50   47       -0.79624          208.05943      207.06973         0.17372E+02    0.15769E+02    1
   50   49        51   48        0.73392          176.76283      178.55525         0.81739E+01    0.81052E+01    1
   51   50        52   49       -0.99396          251.57351      246.78294         0.48766E+01    0.40198E+01    1
