    P+   P-        C+   C-  Normalised_Error  Observed_Rho_a  Calculated_Rho_a  Original_Weight  Final_Weight    C
    2    8         4    6       -0.01708          880.02840      879.45323         0.14870E+01    0.14870E+01    0
    2   20         8   14        1.23933          159.86608      184.12265         0.10596E+02    0.70236E+01    1
    2   23         9   16       -1.49299          176.65277      145.13600         0.19812E+02    0.75103E+01    1
    2   26        10   18        0.24959          133.98545      152.21700         0.24542E+01    0.24542E+01    0
    2   31        13   24       -0.44032           46.98815       33.00595         0.49842E+01    0.49842E+01    0
    2   34        14   26        0.58059            7.55285       17.12913         0.10693E+02    0.10693E+02    0
    2   37        15   28        0.59496           19.76653       38.66680         0.62019E+01    0.62019E+01    0
    3    6         4    5        0.01929          902.24688      902.57452         0.12550E+01    0.12550E+01    0
    3    9         5    7        0.00384          668.48668      668.59707         0.14753E+01    0.14753E+01    0
    3   12         6    9       -0.46557          316.95764      316.16766         0.37406E+02    0.36771E+02    1
    3   15         7   11       -0.98336          113.82024      110.28020         0.25702E+02    0.24384E+02    1
    3   18         8   13        1.53949          112.98919      130.78230         0.38868E+02    0.95697E+01    1
    3   21         9   15       -0.85818           74.41717       72.14147         0.49949E+02    0.49949E+02    0
    3   24        10   17        0.74425           70.17585       85.24932         0.76122E+01    0.76122E+01    0
    3   27        11   19       -1.12098           83.54808       79.05604         0.96030E+02    0.43300E+02    1
    3   29        13   23        0.11075           17.85452       18.52734         0.22461E+02    0.22461E+02    0
    3   32        14   25       -0.00139           21.60537       21.60222         0.68541E+02    0.68541E+02    0
    4    7         5    6       -0.31148         1545.81650     1533.74383         0.67593E+00    0.60894E+00    1
    4   10         6    8       -0.37495          406.39529      400.35123         0.25823E+01    0.25823E+01    0
    4   13         7   10        1.47780           82.52826      115.22225         0.13402E+02    0.29460E+01    1
    4   16         8   12       -0.62947          123.11524      120.41993         0.20864E+02    0.20864E+02    0
    4   19         9   14       -1.05104           93.71142       86.07489         0.16776E+02    0.15171E+02    1
    4   22        10   16       -1.34050           50.05679       49.39285         0.10000E+04    0.26700E+03    1
    4   28        12   20       -0.73762           28.94378       24.84147         0.30678E+02    0.30678E+02    0
    4   30        14   24       -0.91698           17.22288        5.31205         0.10350E+02    0.10350E+02    0
    4   33        15   26        1.20602          -11.88270        8.23253         0.12734E+02    0.92514E+01    1
    4   36        16   28        0.52878          -11.05520        7.67500         0.49169E+01    0.49169E+01    0
    4   45        19   30       -1.01102           23.56487        4.39607         0.20339E+02    0.19121E+02    1
    5    8         6    7       -0.15113         1165.59112     1164.74199         0.36484E+01    0.36484E+01    0
    5   14         8   11       -1.65465          160.15043      119.59290         0.17050E+02    0.26931E+01    1
    5   17         9   13       -0.61415          175.16082      174.50883         0.23575E+03    0.83019E+02    1
    5   20        10   15        0.82654           41.14729       45.43396         0.49304E+02    0.21208E+02    1
    5   23        11   17       -1.33965           82.64989       56.52262         0.11696E+02    0.67208E+01    1
    5   26        12   19        1.04750           22.64541       27.51249         0.91424E+02    0.32520E+02    1
    5   31        15   25        1.02078           22.42885       25.85240         0.51188E+02    0.40147E+02    1
    5   34        16   27        0.24284           -2.30257        0.40094         0.13751E+02    0.13751E+02    0
    5   43        19   29       -0.63535            9.89128        5.07878         0.45510E+02    0.45510E+02    0
    5   46        20   31        1.22444          -10.20135        4.69784         0.39536E+02    0.29812E+02    1
    6    9         7    8        0.06282          880.26095      880.99513         0.19553E+01    0.19553E+01    0
    6   15         9   12       -0.95906          212.95440      212.41716         0.76028E+03    0.12004E+03    1
    6   18        10   14        0.20148          109.15041      109.83146         0.64672E+02    0.26204E+02    1
    6   24        12   18        0.50687           35.61432       56.14430         0.32061E+01    0.32061E+01    0
    6   27        13   20        0.07211          -15.94930      -15.58426         0.29657E+02    0.29657E+02    0
    6   29        15   24       -1.35348           14.22882        2.03060         0.19886E+02    0.12590E+02    1
    6   32        16   26        0.65855           -6.67988        1.07344         0.11294E+02    0.11294E+02    0
    6   44        20   30        0.02451            7.19994        7.52694         0.25942E+02    0.25942E+02    0
    6   47        21   32       -0.98735            3.12517        2.20415         0.41546E+03    0.39088E+03    1
    7   16        10   13       -0.50675          323.79959      322.92557         0.42958E+02    0.37775E+02    1
    7   22        12   17       -0.36729           65.39429       60.47279         0.80117E+01    0.80117E+01    0
    7   25        13   19        1.25891           -4.95972       19.75394         0.10765E+02    0.65451E+01    1
    7   28        14   21        0.28594           20.67787       22.20403         0.27614E+02    0.27614E+02    0
    7   30        16   25       -0.08383           37.34069       36.66626         0.13963E+02    0.13963E+02    0
    7   33        17   27       -1.48649           41.20123       34.00039         0.50550E+02    0.27266E+02    1
    7   42        20   29        0.33233           17.71230       22.84744         0.21099E+02    0.21099E+02    0
    7   45        21   31       -0.16907           11.06865       10.64894         0.16737E+03    0.13849E+03    1
    7   48        22   33       -1.04553           25.76484        8.80673         0.24731E+02    0.22483E+02    1
    8   14        10   12        0.31276          265.82261      268.33443         0.81149E+01    0.54175E+01    1
    8   20        12   16       -0.53353           64.77871       64.10636         0.67104E+02    0.67104E+02    0
    8   26        14   20       -0.19933          -10.90936      -11.90545         0.25488E+02    0.25488E+02    0
    8   31        17   26        0.38165           16.52629       19.03134         0.16945E+02    0.16945E+02    0
    8   43        21   30        0.06260           -0.57111        0.82978         0.14659E+02    0.14659E+02    0
    9   18        12   15       -0.44178          129.47312      128.84471         0.44471E+02    0.44471E+02    0
    9   21        13   17        0.02922           38.07914       38.61864         0.46368E+01    0.46368E+01    0
    9   24        14   19        0.27364           -8.57521       -7.37936         0.24567E+02    0.24567E+02    0
    9   27        15   21       -1.10919           26.49642       25.38091         0.43513E+03    0.12609E+03    1
    9   29        17   25        0.18319           29.45301       29.77866         0.51219E+02    0.51219E+02    0
    9   32        18   27       -1.65337           95.03113       20.72889         0.67525E+01    0.24618E+01    1
    9   41        21   29        1.52430          -10.41592        7.93389         0.73838E+02    0.25584E+02    1
    9   44        22   31       -0.38833            9.82297        2.89416         0.18388E+02    0.18388E+02    0
    9   47        23   33        0.05383           12.04598       12.48220         0.42705E+02    0.42705E+02    0
   10   16        12   14       -0.86600          294.55663      292.13885         0.24220E+02    0.15096E+02    1
   10   19        13   16       -0.59201           94.95367       93.49616         0.25683E+02    0.25683E+02    0
   10   25        15   20        0.36621           17.34753       17.52613         0.41514E+03    0.21780E+03    1
   10   28        16   22       -0.17228           14.51077       11.88522         0.82479E+01    0.82479E+01    0
   10   30        18   26       -1.63998           62.30879        5.67076         0.64563E+01    0.25848E+01    1
   10   33        19   28        0.15330           11.14769       11.79266         0.26264E+02    0.26264E+02    0
   10   42        22   30       -1.03254           18.63079       -0.27754         0.18527E+02    0.17055E+02    1
   10   48        24   34       -1.18610           31.52774       14.88625         0.31035E+02    0.24870E+02    1
   11   14        12   13       -0.33613          744.15748      742.26900         0.36586E+01    0.36586E+01    0
   11   17        13   15        1.05257          228.39993      245.00282         0.60113E+01    0.27018E+01    1
   11   20        14   17       -1.40062          167.41471      111.02214         0.49331E+01    0.15981E+01    1
   11   23        15   19       -1.66674           99.82145       45.76494         0.94301E+01    0.26735E+01    1
   11   26        16   21        0.73918           50.05034       58.80242         0.90383E+01    0.90383E+01    0
   11   31        19   27        0.19766           74.47380       75.35766         0.20010E+02    0.20010E+02    0
   11   40        22   29        1.30331            6.33818       15.51327         0.69851E+02    0.41634E+02    1
   11   43        23   31       -0.46383           17.23009       12.88644         0.33387E+02    0.33387E+02    0
   11   46        24   33       -0.31323           26.49973       21.85351         0.22221E+02    0.22221E+02    0
   12   15        13   14       -1.05777         1600.26817     1558.93598         0.21251E+01    0.56335E+00    1
   12   18        14   16       -0.04261          251.37050      251.18917         0.10066E+02    0.10066E+02    0
   12   24        16   20       -0.97511           93.50739       79.72325         0.63121E+01    0.61528E+01    1
   12   27        17   22        1.04992           64.77029       75.15008         0.11818E+02    0.10698E+02    1
   12   29        19   26        0.20986           29.57269       29.68916         0.12234E+03    0.12234E+03    0
   12   32        20   28       -0.00657           35.82823       35.77599         0.11230E+02    0.11230E+02    0
   12   41        23   30       -0.12963           22.96303       20.58560         0.16131E+02    0.16131E+02    0
   12   44        24   32       -0.26612           34.44478       32.01302         0.34371E+02    0.34371E+02    0
   12   47        25   34        0.21969            8.97601       14.55760         0.13048E+02    0.13048E+02    0
   12   50        26   36       -1.06589           18.68820        5.15884         0.30960E+02    0.27608E+02    1
   13   16        14   15       -0.07506          447.47746      447.13093         0.46461E+01    0.46461E+01    0
   13   19        15   17        0.05141          406.79141      407.37019         0.38161E+01    0.38161E+01    0
   13   22        16   19        0.41924           94.53152       99.41810         0.56881E+01    0.56881E+01    0
   13   25        17   21       -0.46782          135.90497      135.28192         0.72643E+02    0.64150E+02    1
   13   30        20   27       -0.39401          126.76940      126.60068         0.15706E+03    0.15706E+03    0
   13   39        23   29       -0.97222           40.56068       37.04520         0.78438E+02    0.76686E+02    1
   13   42        24   31       -0.13798           41.56206       37.64508         0.10453E+02    0.10453E+02    0
   13   45        25   33       -1.58108           49.18009       19.66340         0.40299E+02    0.16710E+02    1
   14   17        15   16        0.21483          424.80015      426.62963         0.33968E+01    0.25028E+01    1
   14   23        17   20        0.03030          117.13207      117.27504         0.13769E+02    0.13769E+02    0
   14   31        21   28       -0.11885           77.66011       77.07408         0.13719E+02    0.13719E+02    0
   14   40        24   30        0.26199           41.67689       43.47990         0.40696E+02    0.40696E+02    0
   14   43        25   32        0.90430            7.82042       15.89498         0.33331E+02    0.33331E+02    0
   14   46        26   34       -0.31336           23.85124       21.23385         0.37726E+02    0.37726E+02    0
   14   52        28   38        1.53215          -44.47844      -18.07619         0.62616E+02    0.20188E+02    1
   15   18        16   17       -0.09448         1251.28793     1249.03356         0.14447E+01    0.92610E+00    1
   15   21        17   19       -0.21086          109.60290      107.78687         0.50899E+01    0.50899E+01    0
   15   24        18   21        0.63735          110.17842      120.30739         0.40880E+01    0.40880E+01    0
   15   27        19   23       -0.33104           10.60043       10.00047         0.46603E+02    0.46603E+02    0
   15   29        21   27       -0.81849          191.91702      186.58188         0.14877E+02    0.69512E+01    1
   15   38        24   29       -0.47106           45.39336       45.15698         0.57579E+03    0.52363E+03    1
   15   41        25   31        1.08641            1.37280       14.79580         0.25774E+02    0.22549E+02    1
   15   50        28   37        0.54790          -24.69327      -10.63983         0.12893E+02    0.12893E+02    0
   16   19        17   18        0.03782          509.92221      510.45761         0.14830E+01    0.14830E+01    0
   16   25        19   22       -0.05328          128.21058      128.05189         0.21088E+02    0.21088E+02    0
   16   28        20   24        0.50860           13.41224       17.55866         0.10340E+02    0.10340E+02    0
   16   30        22   28       -0.67013           89.50391       87.77198         0.17303E+02    0.17303E+02    0
   16   39        25   30        1.16229            6.68961       20.74251         0.30347E+02    0.21820E+02    1
   16   45        27   34        0.03860            7.61228        8.28655         0.17025E+02    0.17025E+02    0
   16   48        28   36       -0.71348           -6.41590       -9.87641         0.64570E+02    0.64570E+02    0
   17   20        18   19       -0.46803         1198.47162     1189.59372         0.13243E+01    0.11855E+01    1
   17   23        19   21       -0.00069          391.20467      391.20016         0.65540E+01    0.65540E+01    0
   17   26        20   23        1.18029          172.82834      190.55038         0.68386E+01    0.42900E+01    1
   17   37        25   29        0.84363           -3.69980       23.71639         0.76576E+01    0.76576E+01    0
   18   21        19   20        0.40830          785.91984      790.41978         0.19209E+01    0.19209E+01    0
   18   24        20   22       -0.92989          492.72944      478.54778         0.28621E+01    0.28026E+01    1
   19   22        20   21       -0.17020          659.02183      657.60667         0.27242E+01    0.27242E+01    0
   19   25        21   23       -0.42240          231.86721      229.95662         0.95173E+01    0.95173E+01    0
   19   28        22   25       -1.05229           35.70239       33.33523         0.33803E+02    0.29063E+02    1
   19   42        28   33        0.36521            4.60649        7.07380         0.39394E+02    0.39394E+02    0
   20   23        21   22       -0.23209          718.60944      716.66996         0.25273E+01    0.25273E+01    0
   20   26        22   24       -0.95928          296.32611      293.82690         0.16873E+02    0.16718E+02    1
   20   37        27   30        1.37051          -37.01649      -16.75296         0.28628E+02    0.16555E+02    1
   20   40        28   32        0.62846            5.05469        8.91858         0.41298E+02    0.40987E+02    1
   21   24        22   23       -0.43935          974.20196      970.29220         0.25260E+01    0.25260E+01    0
   21   27        23   25       -0.42165          278.95498      278.19744         0.24155E+02    0.24155E+02    0
   21   38        28   31        1.01073          -10.27134        0.82286         0.23474E+02    0.22075E+02    1
   22   25        23   24       -0.07240          551.35793      550.76149         0.25124E+01    0.25124E+01    0
   22   28        24   26        0.78575          322.86070      324.22312         0.24222E+02    0.24222E+02    0
   22   36        28   30        0.07480          -25.48418      -25.05517         0.43503E+02    0.43503E+02    0
   22   51        29   40       -0.81744           10.34831        7.16441         0.47943E+02    0.39942E+02    1
   23   26        24   25       -0.04746         1419.96791     1419.51055         0.23143E+01    0.23143E+01    0
   23   34        28   29       -0.86128           19.85852       18.74555         0.27529E+03    0.23705E+03    1
   23   49        29   39       -1.07287            8.32789        1.90360         0.26385E+02    0.22446E+02    1
   23   52        30   41       -0.73890           25.30601       19.34144         0.19061E+02    0.19061E+02    0
   24   27        25   26       -0.20662          427.51809      425.93168         0.26443E+01    0.26443E+01    0
   24   47        29   38        0.71836           -1.71071       -0.65909         0.86170E+02    0.76833E+02    1
   24   50        30   40       -1.53752            9.65052        4.20478         0.34460E+03    0.37366E+02    1
   25   28        26   27       -0.35616         1231.10851     1228.84277         0.33723E+01    0.33723E+01    0
   25   45        29   37       -0.07391           16.43962       16.28705         0.44123E+02    0.44123E+02    0
   25   48        30   39       -0.34071           24.45175       22.81075         0.23069E+02    0.23069E+02    0
   25   51        31   41       -0.09470           28.05038       27.97134         0.16804E+03    0.15834E+03    1
   26   43        29   36       -1.18412           24.04432       20.66367         0.29804E+02    0.23924E+02    1
   26   46        30   38        0.68504           13.91877       15.26404         0.47612E+02    0.45225E+02    1
   26   49        31   40        1.31958           -6.46538        2.89495         0.30153E+02    0.15563E+02    1
   27   44        30   37        0.33151          111.81472      113.10842         0.17172E+02    0.17172E+02    0
   27   47        31   39        0.52242           66.00760       71.24884         0.88320E+01    0.88320E+01    0
   28   39        29   34        0.16784           90.35372       91.06015         0.53048E+01    0.53048E+01    0
   28   42        30   36        0.26262           84.11175       84.22380         0.10676E+03    0.10445E+03    1
   28   45        31   38       -1.37642           72.29190       65.71613         0.40907E+02    0.14012E+02    1
   28   48        32   40       -0.96615           22.14141       17.90152         0.24181E+02    0.19988E+02    1
   28   51        33   42        0.58873           13.19453       23.55601         0.61648E+01    0.61648E+01    0
   29   32        30   31       -0.78643          304.21384      300.49979         0.41426E+01    0.41426E+01    0
   29   35        31   33       -0.03318          305.93764      305.82148         0.11424E+02    0.11424E+02    0
   29   41        33   37        0.96470           23.14776       39.66811         0.48542E+01    0.47827E+01    1
   29   44        34   39       -0.13230           -6.82508       -9.37688         0.51277E+01    0.51277E+01    0
   29   50        36   43       -0.21495           40.32749       39.40867         0.31909E+02    0.31909E+02    0
   30   33        31   32       -0.09804          498.13917      497.66521         0.43295E+01    0.43295E+01    0
   30   36        32   34       -0.28306          190.72922      189.89131         0.13774E+02    0.13774E+02    0
   30   39        33   36       -0.46592           51.36319       47.20339         0.69174E+01    0.69174E+01    0
   30   42        34   38        0.29718          -32.61872      -31.13797         0.17280E+02    0.16281E+02    1
   30   48        36   42       -0.95145           19.04718       18.55733         0.10000E+04    0.22717E+03    1
   30   51        37   44       -0.24518           19.45165       18.19131         0.26693E+02    0.26693E+02    0
   31   34        32   33       -0.26926          339.36629      337.84302         0.34361E+01    0.34327E+01    1
   31   37        33   35       -1.33549          206.90328      151.97585         0.16707E+01    0.98810E+00    1
   31   40        34   37        1.20604            8.37619       29.16123         0.45167E+01    0.34967E+01    1
   31   43        35   39        1.22155          -75.39816      -54.90044         0.63356E+01    0.47509E+01    1
   31   46        36   41       -0.03913           -9.80337      -10.16122         0.10659E+02    0.10659E+02    0
   31   49        37   43        0.17693           13.39533       15.35727         0.10502E+02    0.10502E+02    0
   31   52        38   45       -1.36440           34.99729       26.50391         0.46260E+02    0.22090E+02    1
   32   35        33   34        0.42610          591.60713      596.74555         0.17060E+01    0.17060E+01    0
   32   38        34   36       -0.17161          185.39532      183.72525         0.41015E+01    0.41015E+01    0
   32   41        35   38        0.98520           24.27421       32.97944         0.11036E+02    0.68111E+01    1
   32   44        36   40       -0.97823           10.30933        0.47735         0.80834E+01    0.78542E+01    1
   32   47        37   42       -0.09538           38.35109       37.21501         0.81436E+01    0.81436E+01    0
   32   50        38   44        0.81824           25.42890       27.09821         0.57690E+02    0.57690E+02    0
   33   39        35   37       -0.03608          177.24512      176.84880         0.36685E+01    0.36685E+01    0
   33   42        36   39       -1.26280          127.10387       94.98667         0.34792E+01    0.23534E+01    1
   33   45        37   41       -0.11030           61.02647       59.25249         0.48370E+01    0.48370E+01    0
   33   48        38   43        0.02774           62.82331       62.99460         0.15710E+02    0.15710E+02    0
   33   51        39   45        1.17328           21.01061       44.49450         0.73138E+01    0.59251E+01    1
   34   37        35   36       -1.19993          611.86339      594.93838         0.27928E+01    0.14100E+01    1
   34   40        36   38       -0.07554          204.78541      204.38186         0.75663E+01    0.75663E+01    0
   34   43        37   40        0.68281           15.55954       20.67865         0.80649E+01    0.80649E+01    0
   34   46        38   42       -0.83827           52.80148       50.76125         0.41165E+02    0.32041E+02    1
   34   49        39   44        1.48566           18.98642       29.62150         0.58575E+02    0.13883E+02    1
   34   52        40   46        1.22768           29.11271       39.46169         0.26382E+02    0.14142E+02    1
   35   38        36   37        0.22660          506.38127      510.02793         0.12704E+01    0.12704E+01    0
   35   47        39   43       -0.93377          104.24706       77.60371         0.27611E+01    0.27611E+01    0
   36   39        37   38        0.19146          332.10009      332.91398         0.47977E+01    0.47977E+01    0
   36   42        38   40       -1.00265          113.44496      113.00617         0.26256E+03    0.93179E+02    1
   36   45        39   42       -0.50823          110.68732      109.34865         0.80112E+02    0.22414E+02    1
   36   48        40   44       -1.08404           83.29843       81.54088         0.66807E+02    0.48926E+02    1
   36   51        41   46        0.19905           37.61725       37.79556         0.11155E+03    0.11155E+03    0
   37   40        38   39       -0.45515          316.12178      314.22163         0.47442E+01    0.47442E+01    0
   37   43        39   41       -0.41518          141.50003      140.89088         0.40521E+02    0.28120E+02    1
   37   46        40   43       -0.26042          114.59219      114.30510         0.11306E+03    0.53461E+02    1
   37   49        41   45       -0.86335           55.01763       52.13264         0.24115E+02    0.24115E+02    0
   37   52        42   47       -0.47585            2.09798        1.96851         0.37040E+03    0.37040E+03    0
   38   41        39   40        0.05199          102.37944      102.46288         0.16221E+02    0.13042E+02    1
   38   44        40   42       -0.28034          230.98791      230.67138         0.34620E+02    0.34620E+02    0
   38   47        41   44       -0.48153           76.44742       75.77103         0.53764E+02    0.42627E+02    1
   38   50        42   46       -1.33761           43.15129       36.93405         0.48372E+02    0.17442E+02    1
   39   42        40   41        0.08999          297.52495      297.84969         0.10115E+02    0.56253E+01    1
   39   45        41   43        0.65714          163.29859      164.66993         0.27000E+02    0.18707E+02    1
   39   48        42   45       -0.12700           78.28627       77.73286         0.13933E+02    0.13933E+02    0
   39   51        43   47       -1.31548            8.96587       -3.34044         0.38117E+02    0.85847E+01    1
   40   43        41   42       -0.22034          209.37607      209.02039         0.18689E+02    0.12327E+02    1
   40   46        42   44       -0.18078           44.06434       43.78483         0.39228E+02    0.26263E+02    1
   40   49        43   46        0.14145           -4.14292       -3.90953         0.37224E+02    0.37224E+02    0
   40   52        44   48       -0.21881           39.64544       39.43283         0.19284E+03    0.80985E+02    1
   41   44        42   43       -2.05240          538.22621      426.18201         0.12892E+02    0.36874E+00    1
   41   47        43   45        0.10753          119.09194      119.40167         0.14139E+02    0.14139E+02    0
   41   50        44   47       -0.24106           80.66836       80.42260         0.62075E+02    0.57724E+02    1
   42   45        43   44       -0.63535          179.30970      176.02976         0.14542E+02    0.38755E+01    1
   42   48        44   46        0.07288          207.91802      208.07436         0.18215E+02    0.18215E+02    0
   42   51        45   48       -1.50683          123.23162      105.89078         0.12976E+02    0.50383E+01    1
   43   46        44   45       -0.30607          212.76777      211.62367         0.84375E+01    0.51710E+01    1
   43   49        45   47       -0.12246           99.83558       99.45021         0.12408E+02    0.12408E+02    0
   43   52        46   49        0.06584           72.35391       72.43110         0.49389E+02    0.49389E+02    0
   44   47        45   46        0.15501          184.34148      184.78292         0.68342E+01    0.68342E+01    0
   44   50        46   48       -0.01318           66.82333       66.80022         0.22036E+02    0.22036E+02    0
   45   48        46   47        0.05923           88.01985       88.12515         0.12538E+02    0.10964E+02    1
   45   51        47   49        0.29356          135.44062      135.93284         0.23296E+02    0.23296E+02    0
   46   49        47   48       -0.32203          231.32581      230.78087         0.11601E+02    0.11601E+02    0
   46   52        48   50       -0.64963           95.65835       94.48572         0.21580E+02    0.21579E+02    1
   47   50        48   49       -0.21552          209.03193      208.56672         0.90803E+01    0.90803E+01    0
   48   51        49   50        0.39336          176.97816      177.83855         0.90500E+01    0.90500E+01    0
   49   52        50   51       -0.76674          256.15133      253.97958         0.68401E+01    0.68401E+01    0
    6    4         8    2       -0.05445          880.02840      879.45323         0.47405E+01    0.47405E+01    0
   14    8        20    2        1.17507          159.86608      184.12265         0.85637E+01    0.66594E+01    1
   16    9        23    2       -1.34641          176.65277      145.13600         0.10513E+02    0.67730E+01    1
   18   10        26    2        0.63262          133.98545      152.21700         0.62204E+01    0.62204E+01    0
   24   13        31    2       -1.03789           46.98815       33.00595         0.12829E+02    0.11748E+02    1
   26   14        34    2        0.24757            7.55285       17.12913         0.45594E+01    0.45594E+01    0
   28   15        37    2        0.82870           19.76653       38.66680         0.86385E+01    0.86385E+01    0
    5    4         6    3        0.02632          902.24688      902.57452         0.18307E+01    0.17125E+01    1
    7    5         9    3        0.01535          668.48668      668.59707         0.59041E+01    0.59041E+01    0
    9    6        12    3       -0.13520          316.95764      316.16766         0.10678E+02    0.10678E+02    0
   11    7        15    3       -0.31443          113.82024      110.28020         0.77968E+01    0.77968E+01    0
   13    8        18    3        0.73246          112.98919      130.78230         0.45531E+01    0.45531E+01    0
   15    9        21    3       -0.18954           74.41717       72.14147         0.11032E+02    0.11032E+02    0
   17   10        24    3        1.01659           70.17585       85.24932         0.11121E+02    0.10398E+02    1
   19   11        27    3       -0.73717           83.54808       79.05604         0.28475E+02    0.28475E+02    0
   23   13        29    3        0.56489           17.85452       18.52734         0.11915E+03    0.11456E+03    1
   25   14        32    3       -0.00271           21.60537       21.60222         0.13352E+03    0.13352E+03    0
    6    5         7    4       -0.39550         1545.81650     1533.74383         0.17570E+01    0.77321E+00    1
    8    6        10    4       -0.48973          406.39529      400.35123         0.33728E+01    0.33728E+01    0
   10    7        13    4        1.29812           82.52826      115.22225         0.43182E+01    0.25878E+01    1
   12    8        16    4       -0.09690          123.11524      120.41993         0.32116E+01    0.32116E+01    0
   14    9        19    4       -0.55959           93.71142       86.07489         0.80773E+01    0.80773E+01    0
   16   10        22    4       -0.04834           50.05679       49.39285         0.96286E+01    0.96286E+01    0
   20   12        28    4       -0.30309           28.94378       24.84147         0.12605E+02    0.12605E+02    0
   24   14        30    4       -0.74023           17.22288        5.31205         0.83549E+01    0.83549E+01    0
   26   15        33    4        0.39045          -11.88270        8.23253         0.29952E+01    0.29952E+01    0
   28   16        36    4        0.63909          -11.05520        7.67500         0.59425E+01    0.59425E+01    0
   30   19        45    4       -0.75789           23.56487        4.39607         0.14334E+02    0.14334E+02    0
    7    6         8    5       -0.07635         1165.59112     1164.74199         0.18430E+01    0.18430E+01    0
   11    8        14    5       -1.40506          160.15043      119.59290         0.43751E+01    0.22869E+01    1
   13    9        17    5       -0.04290          175.16082      174.50883         0.57990E+01    0.57990E+01    0
   15   10        20    5        0.16508           41.14729       45.43396         0.42358E+01    0.42358E+01    0
   17   11        23    5       -0.69894           82.64989       56.52262         0.35065E+01    0.35065E+01    0
   19   12        26    5        0.30198           22.64541       27.51249         0.93750E+01    0.93750E+01    0
   25   15        31    5        0.19158           22.42885       25.85240         0.75348E+01    0.75348E+01    0
   27   16        34    5        0.05741           -2.30257        0.40094         0.32510E+01    0.32510E+01    0
   29   19        43    5       -0.16375            9.89128        5.07878         0.11730E+02    0.11730E+02    0
   31   20        46    5        0.33744          -10.20135        4.69784         0.82160E+01    0.82160E+01    0
    8    7         9    6        0.04561          880.26095      880.99513         0.14197E+01    0.14197E+01    0
   12    9        15    6       -0.02051          212.95440      212.41716         0.25670E+01    0.25670E+01    0
   14   10        18    6        0.01535          109.15041      109.83146         0.19961E+01    0.19961E+01    0
   18   12        24    6        0.43737           35.61432       56.14430         0.27665E+01    0.27665E+01    0
   20   13        27    6        0.01183          -15.94930      -15.58426         0.48641E+01    0.48641E+01    0
   24   15        29    6       -0.38968           14.22882        2.03060         0.36247E+01    0.36247E+01    0
   26   16        32    6        0.22680           -6.67988        1.07344         0.38897E+01    0.38897E+01    0
   30   20        44    6        0.00595            7.19994        7.52694         0.62927E+01    0.62927E+01    0
   32   21        47    6       -0.00972            3.12517        2.20415         0.38465E+01    0.38465E+01    0
   13   10        16    7       -0.84765          323.79959      322.92557         0.13980E+03    0.63187E+02    1
   17   12        22    7       -0.65108           65.39429       60.47279         0.14202E+02    0.14202E+02    0
   19   13        25    7        1.16035           -4.95972       19.75394         0.77692E+01    0.60327E+01    1
   21   14        28    7        0.05536           20.67787       22.20403         0.53462E+01    0.53462E+01    0
   25   16        30    7       -0.03291           37.34069       36.66626         0.54817E+01    0.54817E+01    0
   27   17        33    7       -0.84670           41.20123       34.00039         0.15530E+02    0.15530E+02    0
   29   20        42    7        0.07861           17.71230       22.84744         0.49911E+01    0.49911E+01    0
   31   21        45    7       -0.01060           11.06865       10.64894         0.86790E+01    0.86790E+01    0
   33   22        48    7       -0.70039           25.76484        8.80673         0.15061E+02    0.15061E+02    0
   12   10        14    8        0.17007          265.82261      268.33443         0.29459E+01    0.29459E+01    0
   16   12        20    8       -0.03441           64.77871       64.10636         0.43282E+01    0.43282E+01    0
   20   14        26    8       -0.09522          -10.90936      -11.90545         0.12176E+02    0.12176E+02    0
   26   17        31    8        0.11403           16.52629       19.03134         0.50628E+01    0.50628E+01    0
   30   21        43    8        0.05749           -0.57111        0.82978         0.13462E+02    0.13462E+02    0
   15   12        18    9       -0.05113          129.47312      128.84471         0.51470E+01    0.51470E+01    0
   17   13        21    9        0.09345           38.07914       38.61864         0.14832E+02    0.14832E+02    0
   19   14        24    9        0.11031           -8.57521       -7.37936         0.99038E+01    0.99038E+01    0
   21   15        27    9       -0.07408           26.49642       25.38091         0.84215E+01    0.84215E+01    0
   25   17        29    9        0.04140           29.45301       29.77866         0.11576E+02    0.11576E+02    0
   27   18        32    9       -1.81873           95.03113       20.72889         0.13895E+02    0.27080E+01    1
   29   21        41    9        0.50362          -10.41592        7.93389         0.84529E+01    0.84529E+01    0
   31   22        44    9       -0.23980            9.82297        2.89416         0.11354E+02    0.11354E+02    0
   33   23        47    9        0.77786           12.04598       12.48220         0.10000E+04    0.61707E+03    1
   14   12        16   10       -0.26553          294.55663      292.13885         0.46289E+01    0.46289E+01    0
   16   13        19   10       -0.78177           94.95367       93.49616         0.48604E+02    0.33914E+02    1
   20   15        25   10        0.08052           17.34753       17.52613         0.47892E+02    0.47892E+02    0
   22   16        28   10       -1.09843           14.51077       11.88522         0.74040E+02    0.52588E+02    1
   26   18        30   10       -2.19760           62.30879        5.67076         0.86534E+02    0.34636E+01    1
   28   19        33   10        0.03394           11.14769       11.79266         0.58140E+01    0.58140E+01    0
   30   22        42   10       -0.71058           18.63079       -0.27754         0.11737E+02    0.11737E+02    0
   34   24        48   10       -1.56557           31.52774       14.88625         0.10151E+03    0.32827E+02    1
   13   12        14   11       -0.33912          744.15748      742.26900         0.36911E+01    0.36911E+01    0
   15   13        17   11        1.04670          228.39993      245.00282         0.57482E+01    0.26868E+01    1
   17   14        20   11       -1.38184          167.41471      111.02214         0.44282E+01    0.15767E+01    1
   19   15        23   11       -1.67704           99.82145       45.76494         0.99068E+01    0.26900E+01    1
   21   16        26   11        1.28239           50.05034       58.80242         0.21156E+02    0.15680E+02    1
   27   19        31   11        0.15538           74.47380       75.35766         0.15731E+02    0.15731E+02    0
   29   22        40   11        1.46874            6.33818       15.51327         0.17031E+03    0.46918E+02    1
   31   23        43   11       -0.72390           17.23009       12.88644         0.52106E+02    0.52106E+02    0
   33   24        46   11       -0.13935           26.49973       21.85351         0.98857E+01    0.98857E+01    0
   14   13        15   12       -1.06917         1600.26817     1558.93598         0.25226E+01    0.56942E+00    1
   16   14        18   12       -0.01507          251.37050      251.18917         0.35586E+01    0.35586E+01    0
   20   16        24   12       -1.22822           93.50739       79.72325         0.10515E+02    0.77498E+01    1
   22   17        27   12        1.51585           64.77029       75.15008         0.36908E+02    0.15446E+02    1
   26   19        29   12        0.50694           29.57269       29.68916         0.60882E+03    0.29553E+03    1
   28   20        32   12       -0.00820           35.82823       35.77599         0.14014E+02    0.14014E+02    0
   30   23        41   12       -0.07063           22.96303       20.58560         0.87891E+01    0.87891E+01    0
   32   24        44   12       -0.30065           34.44478       32.01302         0.38831E+02    0.38831E+02    0
   34   25        47   12        0.31426            8.97601       14.55760         0.18664E+02    0.18664E+02    0
   36   26        50   12       -0.46573           18.68820        5.15884         0.12063E+02    0.12063E+02    0
   15   14        16   13       -0.04059          447.47746      447.13093         0.25124E+01    0.25124E+01    0
   17   15        19   13        0.06516          406.79141      407.37019         0.48371E+01    0.48371E+01    0
   19   16        22   13        1.08349           94.53152       99.41810         0.26887E+02    0.14701E+02    1
   21   17        25   13       -0.56678          135.90497      135.28192         0.15651E+03    0.77720E+02    1
   27   20        30   13       -0.08669          126.76940      126.60068         0.34557E+02    0.34557E+02    0
   29   23        39   13       -0.35747           40.56068       37.04520         0.28196E+02    0.28196E+02    0
   31   24        42   13       -1.24928           41.56206       37.64508         0.23227E+03    0.94645E+02    1
   33   25        45   13       -0.70419           49.18009       19.66340         0.74423E+01    0.74423E+01    0
   16   15        17   14        0.20966          424.80015      426.62963         0.30819E+01    0.24426E+01    1
   20   17        23   14        0.05040          117.13207      117.27504         0.22904E+02    0.22904E+02    0
   28   21        31   14       -0.46515           77.66011       77.07408         0.53692E+02    0.53692E+02    0
   30   24        40   14        0.11598           41.67689       43.47990         0.18015E+02    0.18015E+02    0
   32   25        43   14        0.97694            7.82042       15.89498         0.37010E+02    0.36008E+02    1
   34   26        46   14       -1.06658           23.85124       21.23385         0.14409E+03    0.12840E+03    1
   38   28        52   14        1.54884          -44.47844      -18.07619         0.68284E+02    0.20407E+02    1
   17   16        18   15       -0.09399         1251.28793     1249.03356         0.14153E+01    0.92135E+00    1
   19   17        21   15       -0.30612          109.60290      107.78687         0.75432E+01    0.73893E+01    1
   21   18        24   15        1.17210          110.17842      120.30739         0.25742E+02    0.75179E+01    1
   23   19        27   15       -1.10840           10.60043       10.00047         0.26302E+03    0.15604E+03    1
   27   21        29   15       -0.78301          191.91702      186.58188         0.12241E+02    0.66499E+01    1
   29   24        38   15       -0.01844           45.39336       45.15698         0.20497E+02    0.20497E+02    0
   31   25        41   15        1.29537            1.37280       14.79580         0.54151E+02    0.26886E+02    1
   37   28        50   15        1.32401          -24.69327      -10.63983         0.51355E+02    0.31155E+02    1
   18   17        19   16        0.06501          509.92221      510.45761         0.25494E+01    0.25494E+01    0
   22   19        25   16       -0.15449          128.21058      128.05189         0.61302E+02    0.61148E+02    1
   24   20        28   16        1.01081           13.41224       17.55866         0.34805E+02    0.20550E+02    1
   28   22        30   16       -1.16765           89.50391       87.77198         0.58730E+02    0.30149E+02    1
   30   25        39   16        0.50568            6.68961       20.74251         0.94933E+01    0.94933E+01    0
   34   27        45   16        0.33119            7.61228        8.28655         0.14608E+03    0.14608E+03    0
   36   28        48   16       -0.21402           -6.41590       -9.87641         0.19369E+02    0.19369E+02    0
   19   18        20   17       -0.51909         1198.47162     1189.59372         0.16290E+01    0.13148E+01    1
   21   19        23   17       -0.00045          391.20467      391.20016         0.42516E+01    0.42516E+01    0
   23   20        26   17        1.20336          172.82834      190.55038         0.79841E+01    0.43738E+01    1
   29   25        37   17        0.54637           -3.69980       23.71639         0.49593E+01    0.49593E+01    0
   20   19        21   18        0.29683          785.91984      790.41978         0.13965E+01    0.13965E+01    0
   22   20        24   18       -0.80141          492.72944      478.54778         0.24154E+01    0.24154E+01    0
   21   20        22   19       -0.19794          659.02183      657.60667         0.33160E+01    0.31683E+01    1
   23   21        25   19       -0.28897          231.86721      229.95662         0.65108E+01    0.65108E+01    0
   25   22        28   19       -0.46251           35.70239       33.33523         0.12774E+02    0.12774E+02    0
   33   28        42   19        0.07225            4.60649        7.07380         0.77933E+01    0.77933E+01    0
   22   21        23   20       -0.21830          718.60944      716.66996         0.23771E+01    0.23771E+01    0
   24   22        26   20       -0.66133          296.32611      293.82690         0.11526E+02    0.11526E+02    0
   30   27        37   20        1.65749          -37.01649      -16.75296         0.83971E+02    0.20021E+02    1
   32   28        40   20        0.55594            5.05469        8.91858         0.36257E+02    0.36257E+02    0
   23   22        24   21       -0.41537          974.20196      970.29220         0.23881E+01    0.23881E+01    0
   25   23        27   21       -0.31466          278.95498      278.19744         0.18026E+02    0.18026E+02    0
   31   28        38   21        0.94843          -10.27134        0.82286         0.20714E+02    0.20714E+02    0
   24   23        25   22       -0.07117          551.35793      550.76149         0.24696E+01    0.24696E+01    0
   26   24        28   22        0.18141          322.86070      324.22312         0.55922E+01    0.55922E+01    0
   30   28        36   22        0.05218          -25.48418      -25.05517         0.30347E+02    0.30347E+02    0
   40   29        51   22       -0.45954           10.34831        7.16441         0.22454E+02    0.22454E+02    0
   25   24        26   23       -0.04495         1419.96791     1419.51055         0.21919E+01    0.21919E+01    0
   29   28        34   23       -0.05622           19.85852       18.74555         0.15473E+02    0.15473E+02    0
   39   29        49   23       -1.14742            8.32789        1.90360         0.34519E+02    0.24006E+02    1
   41   30        52   23       -1.29802           25.30601       19.34144         0.67663E+02    0.33484E+02    1
   26   25        27   24       -0.19204          427.51809      425.93168         0.24577E+01    0.24577E+01    0
   38   29        47   24        0.50201           -1.71071       -0.65909         0.53693E+02    0.53693E+02    0
   40   30        50   24       -1.45010            9.65052        4.20478         0.13507E+03    0.35241E+02    1
   27   26        28   25       -0.28330         1231.10851     1228.84277         0.26824E+01    0.26824E+01    0
   37   29        45   25       -0.84475           16.43962       16.28705         0.51143E+03    0.50429E+03    1
   39   30        48   25       -0.96692           24.45175       22.81075         0.66602E+02    0.65471E+02    1
   41   31        51   25       -0.05574           28.05038       27.97134         0.93197E+02    0.93197E+02    0
   36   29        43   26       -1.50947           24.04432       20.66367         0.69132E+02    0.30497E+02    1
   38   30        46   26        0.70261           13.91877       15.26404         0.50085E+02    0.46385E+02    1
   40   31        49   26        1.39520           -6.46538        2.89495         0.47090E+02    0.16454E+02    1
   37   30        44   27        0.73741          111.81472      113.10842         0.38198E+02    0.38198E+02    0
   39   31        47   27        1.53811           66.00760       71.24884         0.85209E+02    0.26003E+02    1
   34   29        39   28        0.16324           90.35372       91.06015         0.51596E+01    0.51596E+01    0
   36   30        42   28        0.03911           84.11175       84.22380         0.15556E+02    0.15556E+02    0
   38   31        45   28       -1.04645           72.29190       65.71613         0.11729E+02    0.10653E+02    1
   40   32        48   28       -1.00072           22.14141       17.90152         0.32035E+02    0.20703E+02    1
   42   33        51   28        1.25545           13.19453       23.55601         0.17364E+02    0.13146E+02    1
   31   30        32   29       -0.61145          304.21384      300.49979         0.32209E+01    0.32209E+01    0
   33   31        35   29       -0.00992          305.93764      305.82148         0.34175E+01    0.34175E+01    0
   37   33        41   29        1.51694           23.14776       39.66811         0.30104E+02    0.75206E+01    1
   39   34        44   29       -0.61195           -6.82508       -9.37688         0.23719E+02    0.23719E+02    0
   43   36        50   29       -0.43098           40.32749       39.40867         0.63979E+02    0.63979E+02    0
   32   31        33   30       -0.04280          498.13917      497.66521         0.18902E+01    0.18902E+01    0
   34   32        36   30       -0.09506          190.72922      189.89131         0.46254E+01    0.46254E+01    0
   36   33        39   30       -1.08959           51.36319       47.20339         0.32114E+02    0.16177E+02    1
   38   34        42   30        0.37643          -32.61872      -31.13797         0.36393E+02    0.20623E+02    1
   42   36        48   30       -0.11356           19.04718       18.55733         0.27114E+02    0.27114E+02    0
   44   37        51   30       -0.15338           19.45165       18.19131         0.16699E+02    0.16699E+02    0
   33   32        34   31       -0.14326          339.36629      337.84302         0.18263E+01    0.18263E+01    0
   35   33        37   31       -1.36729          206.90328      151.97585         0.18356E+01    0.10116E+01    1
   37   34        40   31        1.52852            8.37619       29.16123         0.27178E+02    0.44316E+01    1
   39   35        43   31        1.51618          -75.39816      -54.90044         0.28470E+02    0.58967E+01    1
   41   36        46   31       -0.40228           -9.80337      -10.16122         0.10957E+03    0.10957E+03    0
   43   37        49   31        0.90328           13.39533       15.35727         0.13041E+03    0.53614E+02    1
   45   38        52   31       -1.17801           34.99729       26.50391         0.23755E+02    0.19073E+02    1
   34   33        35   32        0.65325          591.60713      596.74555         0.26154E+01    0.26154E+01    0
   36   34        38   32       -0.98010          185.39532      183.72525         0.24801E+02    0.23425E+02    1
   38   35        41   32        1.02885           24.27421       32.97944         0.22086E+02    0.71129E+01    1
   40   36        44   32       -1.57021           10.30933        0.47735         0.53669E+02    0.12607E+02    1
   42   37        47   32       -0.54008           38.35109       37.21501         0.46114E+02    0.46114E+02    0
   44   38        50   32        1.00403           25.42890       27.09821         0.77853E+02    0.70789E+02    1
   37   35        39   33       -0.11461          177.24512      176.84880         0.11653E+02    0.11653E+02    0
   39   36        42   33       -1.59840          127.10387       94.98667         0.14810E+02    0.29788E+01    1
   41   37        45   33       -0.30589           61.02647       59.25249         0.13415E+02    0.13415E+02    0
   43   38        48   33        0.06297           62.82331       62.99460         0.35665E+02    0.35665E+02    0
   45   39        51   33        1.54924           21.01061       44.49450         0.18807E+02    0.78237E+01    1
   36   35        37   34       -1.16983          611.86339      594.93838         0.22790E+01    0.13747E+01    1
   38   36        40   34       -0.06574          204.78541      204.38186         0.65851E+01    0.65851E+01    0
   40   37        43   34        1.00187           15.55954       20.67865         0.12473E+02    0.11834E+02    1
   42   38        46   34       -0.37040           52.80148       50.76125         0.14157E+02    0.14157E+02    0
   44   39        49   34        1.15416           18.98642       29.62150         0.13530E+02    0.10785E+02    1
   46   40        52   34        1.02094           29.11271       39.46169         0.12632E+02    0.11761E+02    1
   37   36        38   35        0.29958          506.38127      510.02793         0.16796E+01    0.16796E+01    0
   43   39        47   35       -0.98702          104.24706       77.60371         0.30307E+01    0.29185E+01    1
   38   37        39   36        0.25745          332.10009      332.91398         0.64514E+01    0.64514E+01    0
   40   38        42   36       -0.30531          113.44496      113.00617         0.28373E+02    0.28373E+02    0
   42   39        45   36       -0.34328          110.68732      109.34865         0.15139E+02    0.15139E+02    0
   44   40        48   36       -0.86115           83.29843       81.54088         0.38866E+02    0.38866E+02    0
   46   41        51   36        0.08363           37.61725       37.79556         0.46863E+02    0.46863E+02    0
   39   38        40   37       -0.40162          316.12178      314.22163         0.41862E+01    0.41862E+01    0
   41   39        43   37       -0.19776          141.50003      140.89088         0.13395E+02    0.13395E+02    0
   43   40        46   37       -0.09163          114.59219      114.30510         0.18810E+02    0.18810E+02    0
   45   41        49   37       -0.61443           55.01763       52.13264         0.17162E+02    0.17162E+02    0
   47   42        52   37       -0.01543            2.09798        1.96851         0.12009E+02    0.12009E+02    0
   40   39        41   38        0.06008          102.37944      102.46288         0.28920E+02    0.15070E+02    1
   42   40        44   38       -0.71349          230.98791      230.67138         0.10000E+04    0.88110E+02    1
   44   41        47   38       -0.51959           76.44742       75.77103         0.72887E+02    0.45996E+02    1
   46   42        50   38       -1.16849           43.15129       36.93405         0.19874E+02    0.15237E+02    1
   41   40        42   39        0.08141          297.52495      297.84969         0.67743E+01    0.50888E+01    1
   43   41        45   39        0.22805          163.29859      164.66993         0.64922E+01    0.64922E+01    0
   45   42        48   39       -0.08339           78.28627       77.73286         0.91480E+01    0.91480E+01    0
   47   43        51   39       -1.07966            8.96587       -3.34044         0.81041E+01    0.70458E+01    1
   42   41        43   40       -0.19099          209.37607      209.02039         0.14042E+02    0.10685E+02    1
   44   42        46   40       -0.18547           44.06434       43.78483         0.41488E+02    0.26946E+02    1
   46   43        49   40        0.49105           -4.14292       -3.90953         0.67363E+03    0.12923E+03    1
   48   44        52   40       -0.10546           39.64544       39.43283         0.39032E+02    0.39032E+02    0
   43   42        44   41       -2.04633          538.22621      426.18201         0.12296E+02    0.36765E+00    1
   45   43        47   41        0.22658          119.09194      119.40167         0.29794E+02    0.29794E+02    0
   47   44        50   41       -0.25756           80.66836       80.42260         0.70861E+02    0.61674E+02    1
   44   43        45   42       -0.60875          179.30970      176.02976         0.10327E+02    0.37132E+01    1
   46   44        48   42        0.20109          207.91802      208.07436         0.50261E+02    0.50261E+02    0
   48   45        51   42       -1.67023          123.23162      105.89078         0.43266E+02    0.55846E+01    1
   45   44        46   43       -0.34110          212.76777      211.62367         0.13016E+02    0.57628E+01    1
   47   45        49   43       -0.35764           99.83558       99.45021         0.36236E+02    0.36236E+02    0
   49   46        52   43        0.04722           72.35391       72.43110         0.35424E+02    0.35424E+02    0
   46   45        47   44        0.34276          184.34148      184.78292         0.15722E+02    0.15112E+02    1
   48   46        50   44       -0.03973           66.82333       66.80022         0.66410E+02    0.66410E+02    0
   47   46        48   45        0.04216           88.01985       88.12515         0.78035E+01    0.78035E+01    0
   49   47        51   45        0.13289          135.44062      135.93284         0.10546E+02    0.10546E+02    0
   48   47        49   46       -0.27111          231.32581      230.78087         0.97666E+01    0.97666E+01    0
   50   48        52   46       -0.31764           95.65835       94.48572         0.10551E+02    0.10551E+02    0
   49   48        50   47       -0.33767          209.03193      208.56672         0.14227E+02    0.14227E+02    0
   50   49        51   48        0.28157          176.97816      177.83855         0.64780E+01    0.64780E+01    0
   51   50        52   49       -0.49813          256.15133      253.97958         0.44438E+01    0.44438E+01    0
