    P+   P-        C+   C-  Normalised_Error  Observed_Rho_a  Calculated_Rho_a  Original_Weight  Final_Weight    C
    2    8         4    6        0.00060          886.42982      886.43688         0.42247E+01    0.42247E+01    0
    2   20         8   14        0.07501          169.62329      175.03962         0.19037E+01    0.19037E+01    0
    2   23         9   16       -1.83863          179.95377      133.85200         0.99138E+01    0.63230E+01    1
    2   26        10   18       -0.43906          144.95863      126.14248         0.41830E+01    0.41830E+01    0
    2   31        13   24       -0.91162           49.69259       33.67279         0.90065E+01    0.90065E+01    0
    2   34        14   26        0.67667            5.45041       18.41703         0.92037E+01    0.92037E+01    0
    2   37        15   28        0.55881           20.97320       43.19821         0.49537E+01    0.49537E+01    0
    3    6         4    5        0.00844          873.75969      874.13348         0.48100E+00    0.48100E+00    0
    3    9         5    7       -0.02203          677.17625      677.06166         0.81645E+01    0.81645E+01    0
    3   12         6    9       -0.30290          326.42127      325.83817         0.32410E+02    0.32410E+02    0
    3   15         7   11       -1.59004          126.77452       94.63353         0.49053E+01    0.43426E+01    1
    3   18         8   13        0.58814          116.81007      143.20133         0.24649E+01    0.24649E+01    0
    3   21         9   15       -0.26433           75.33584       73.37919         0.17894E+02    0.17894E+02    0
    3   24        10   17        0.51863           69.55807       70.98034         0.76610E+02    0.56219E+02    1
    3   27        11   19       -1.08493           84.35935       54.61730         0.63294E+01    0.63294E+01    0
    3   29        13   23        0.14767           20.27154       21.65893         0.14524E+02    0.14524E+02    0
    3   32        14   25       -0.39515           22.79146       12.54732         0.60004E+01    0.60004E+01    0
    4    7         5    6       -1.95093         1598.01490     1157.42363         0.15583E+00    0.10451E+00    1
    4   10         6    8       -0.22436          419.87186      418.67273         0.77883E+01    0.77883E+01    0
    4   13         7   10        0.11733           94.19083       94.39074         0.38251E+02    0.38251E+02    0
    4   16         8   12        0.05053          131.38514      131.82155         0.10344E+02    0.10344E+02    0
    4   19         9   14       -1.50681           95.51124       84.31677         0.23753E+02    0.14837E+02    1
    4   22        10   16       -0.18253           54.14153       47.98668         0.39218E+01    0.39218E+01    0
    4   28        12   20       -0.78345           29.73169       17.32370         0.10773E+02    0.10773E+02    0
    4   30        14   24       -1.55441           18.87772        0.29237         0.19255E+02    0.11244E+02    1
    4   33        15   26        2.68499          -12.96961        1.54900         0.40670E+02    0.28536E+02    1
    4   36        16   28        0.29534           -9.71963        3.74853         0.38191E+01    0.38191E+01    0
    4   45        19   30       -2.08774           26.09768        4.91618         0.97463E+02    0.35733E+02    1
    5    8         6    7        0.16078         1159.35441     1160.61072         0.26233E+01    0.26233E+01    0
    5   14         8   11       -3.07400          169.01884       99.02872         0.91937E+01    0.28993E+01    1
    5   17         9   13       -0.31851          176.81275      176.02601         0.69038E+02    0.35681E+02    1
    5   20        10   15        0.21491           44.67221       56.13871         0.20615E+01    0.20615E+01    0
    5   23        11   17       -1.36023           82.51439       38.60150         0.40602E+01    0.40602E+01    0
    5   26        12   19        0.24905           23.52221       23.73422         0.17750E+03    0.17750E+03    0
    5   31        15   25       -0.30567           22.89810       22.22723         0.13877E+03    0.61350E+02    1
    5   34        16   27       -0.57429           -1.77214       -1.89600         0.10000E+04    0.70980E+03    1
    5   43        19   29       -1.05603           10.03975        2.27256         0.47573E+02    0.46868E+02    1
    5   46        20   31        2.24216           -7.86804        9.21526         0.60921E+02    0.47612E+02    1
    6    9         7    8       -0.62152          880.23726      866.95478         0.27302E+01    0.10693E+01    1
    6   15         9   12        1.01382          216.63223      228.78859         0.80774E+01    0.56082E+01    1
    6   18        10   14        0.36432          116.69579      127.20159         0.30716E+01    0.30716E+01    0
    6   24        12   18       -0.01290           38.05373       37.66172         0.42721E+01    0.42721E+01    0
    6   27        13   20       -0.12639          -13.11794      -15.13062         0.94270E+01    0.94270E+01    0
    6   29        15   24       -1.20097           15.88790        1.86237         0.97155E+01    0.97155E+01    0
    6   32        16   26        0.60216           -7.11463       -6.61390         0.15990E+03    0.15990E+03    0
    6   44        20   30        0.02388            8.84471        8.86074         0.51533E+03    0.51533E+03    0
    6   47        21   32        0.96103            4.54842       10.01510         0.64099E+02    0.64099E+02    0
    7   16        10   13       -0.36290          330.94452      330.07424         0.27168E+02    0.27168E+02    0
    7   22        12   17        0.54371           68.21280       75.35731         0.81697E+01    0.81697E+01    0
    7   25        13   19        1.59119           -1.63153       26.71256         0.85697E+01    0.72131E+01    1
    7   28        14   21       -0.16109           22.35385       19.30587         0.77898E+01    0.77898E+01    0
    7   30        16   25       -1.41930           38.44403       31.87995         0.29658E+02    0.24290E+02    1
    7   33        17   27       -1.85373           45.62050       21.31144         0.12398E+02    0.10072E+02    1
    7   42        20   29        1.45425           19.63707       23.80557         0.11374E+03    0.11374E+03    0
    7   45        21   31       -0.66319           14.62838       13.30514         0.17230E+03    0.17230E+03    0
    7   48        22   33       -0.50646           25.44242       19.98904         0.33867E+02    0.33867E+02    0
    8   14        10   12        0.07829          281.46554      281.72869         0.13478E+02    0.12944E+02    1
    8   20        12   16       -0.00497           68.65609       68.44322         0.19760E+01    0.19760E+01    0
    8   26        14   20       -0.53708           -6.86663      -11.21995         0.15714E+02    0.15714E+02    0
    8   31        17   26       -1.28335           19.74220       16.97566         0.60060E+02    0.51595E+02    1
    8   43        21   30        0.57050            1.21492        4.81664         0.51962E+02    0.51962E+02    0
    9   18        12   15        0.33826          134.28738      140.59801         0.33908E+01    0.33908E+01    0
    9   21        13   17       -0.07006           47.52628       45.19029         0.25681E+01    0.25681E+01    0
    9   24        14   19       -0.24835           -4.14673       -5.58352         0.18558E+02    0.18558E+02    0
    9   27        15   21       -0.76118           33.04702       31.86278         0.11346E+03    0.81509E+02    1
    9   29        17   25       -0.05885           32.63639       32.48809         0.36128E+02    0.36128E+02    0
    9   32        18   27       -2.55461           92.24890       22.45748         0.73169E+01    0.40495E+01    1
    9   41        21   29        0.82744           -8.76046       14.13886         0.11129E+02    0.11129E+02    0
    9   44        22   31        1.33406           10.12391       14.51235         0.99734E+02    0.99734E+02    0
    9   47        23   33        0.26052           12.20382       15.28480         0.29261E+02    0.29261E+02    0
   10   16        12   14       -0.66678          296.70333      295.78653         0.42340E+02    0.30653E+02    1
   10   19        13   16       -0.36930          102.09231      100.18225         0.12225E+02    0.12225E+02    0
   10   25        15   20        2.47460           20.00366       35.94140         0.34306E+02    0.16492E+02    1
   10   28        16   22        0.50297           18.30137       23.33814         0.12552E+02    0.12552E+02    0
   10   30        18   26       -1.86020           61.87190       16.73303         0.43374E+01    0.36788E+01    1
   10   33        19   28       -1.51534           12.83359        6.45634         0.32501E+02    0.26257E+02    1
   10   42        22   30       -0.06068           18.79022       18.34740         0.42799E+02    0.42799E+02    0
   10   48        24   34       -1.98213           32.20375       13.27522         0.49908E+02    0.36540E+02    1
   11   14        12   13       -0.17569          745.26000      744.65946         0.60134E+01    0.60134E+01    0
   11   17        13   15        0.56406          239.03299      239.37254         0.94311E+02    0.70797E+02    1
   11   20        14   17       -1.43295          180.20563       81.74329         0.10279E+01    0.93644E+00    1
   11   23        15   19       -1.91209          103.40560       46.71381         0.35281E+01    0.29245E+01    1
   11   26        16   21       -0.02673           53.65918       53.60878         0.69155E+02    0.56757E+02    1
   11   31        19   27       -0.01364           75.60372       75.59941         0.37338E+03    0.28322E+03    1
   11   40        22   29        1.56657            6.90227       30.53236         0.19568E+02    0.19431E+02    1
   11   43        23   31       -0.83695           17.54495       12.35879         0.50457E+02    0.50457E+02    0
   11   46        24   33       -0.34031           27.37119       20.08801         0.15401E+02    0.15401E+02    0
   12   15        13   14       -1.01998         1620.38547     1592.10330         0.25308E+01    0.79387E+00    1
   12   18        14   16       -0.04035          257.39437      256.61269         0.22110E+01    0.22110E+01    0
   12   24        16   20       -0.76934          101.05215       93.80637         0.92349E+01    0.92349E+01    0
   12   27        17   22       -0.28114           68.75003       67.62639         0.26463E+02    0.26463E+02    0
   12   29        19   26        0.45693           30.40250       32.94478         0.12203E+02    0.12203E+02    0
   12   32        20   28       -0.97864           37.66222       32.12179         0.15768E+02    0.15768E+02    0
   12   41        23   30        0.00822           23.44111       23.74831         0.79177E+01    0.79177E+01    0
   12   44        24   32       -0.21496           35.19571       31.22222         0.16991E+02    0.16991E+02    0
   12   47        25   34        0.17642           11.43173       14.11909         0.21761E+02    0.21761E+02    0
   12   50        26   36       -1.61933           28.90763        9.73957         0.33916E+02    0.29605E+02    1
   13   16        14   15       -0.16155          453.97576      453.30587         0.55993E+01    0.51728E+01    1
   13   19        15   17       -0.06455          413.01075      411.55995         0.19117E+01    0.19117E+01    0
   13   22        16   19        1.10093          102.27466      128.01732         0.28354E+01    0.28354E+01    0
   13   25        17   21       -1.39278          140.50283      125.67820         0.86730E+01    0.80268E+01    1
   13   30        20   27       -1.24419          128.77674      125.27321         0.34123E+02    0.23883E+02    1
   13   39        23   29       -0.34769           40.87226       32.19175         0.11107E+02    0.11107E+02    0
   13   42        24   31       -0.46660           41.63847       33.95660         0.18025E+02    0.18025E+02    0
   13   45        25   33       -1.94093           49.94300       20.97114         0.29342E+02    0.20899E+02    1
   14   17        15   16        0.16793          427.00727      428.29025         0.47459E+01    0.27898E+01    1
   14   23        17   20        0.22397          120.86861      123.23035         0.61607E+01    0.61607E+01    0
   14   31        21   28        0.62776           80.41719       81.99121         0.26978E+02    0.26978E+02    0
   14   40        24   30       -0.00164           42.17589       42.13619         0.11558E+02    0.11558E+02    0
   14   43        25   32        1.34115           10.17768       21.22660         0.36125E+02    0.36125E+02    0
   14   46        26   34       -1.48604           30.98489       14.13430         0.27789E+02    0.27789E+02    0
   14   52        28   38        2.36744          -43.27935       -4.52386         0.37430E+02    0.21250E+02    1
   15   18        16   17       -0.03257         1172.92575     1171.57142         0.75479E+00    0.53134E+00    1
   15   21        17   19       -0.03818          118.16703      117.49394         0.24866E+01    0.24866E+01    0
   15   24        18   21        1.77208          117.56411      160.52290         0.49327E+01    0.26800E+01    1
   15   27        19   23       -0.27986           14.38983       14.27433         0.46169E+03    0.20464E+03    1
   15   29        21   27       -0.67317          194.67119      192.31830         0.14263E+02    0.12963E+02    1
   15   38        24   29       -0.52714           46.15043       34.95185         0.12369E+02    0.12369E+02    0
   15   41        25   31        0.58582            4.45230       19.96891         0.10519E+02    0.10519E+02    0
   15   50        28   37        2.54195          -23.21324       -5.69046         0.90555E+02    0.47972E+02    1
   16   19        17   18       -0.02666          528.29913      527.77108         0.10601E+01    0.10601E+01    0
   16   25        19   22       -0.11524          132.46474      132.25971         0.35302E+02    0.35302E+02    0
   16   28        20   24       -0.52634           16.96720       15.62428         0.33040E+02    0.33040E+02    0
   16   30        22   28       -1.24576           92.64578       91.59224         0.83580E+02    0.52878E+02    1
   16   39        25   30        0.37890            9.55608       21.95152         0.80644E+01    0.80644E+01    0
   16   45        27   34       -0.09426            2.47835        1.88172         0.46988E+02    0.46988E+02    0
   16   48        28   36       -0.27080           -5.66589       -7.66017         0.42526E+02    0.42526E+02    0
   17   20        18   19       -1.06114         1116.43974     1071.33616         0.57973E+00    0.52904E+00    1
   17   23        19   21       -0.55680          408.62645      404.11583         0.56859E+01    0.53034E+01    1
   17   26        20   23        0.46885          181.06560      181.76489         0.43187E+02    0.43187E+02    0
   17   37        25   29        0.42038            2.24322       18.38355         0.64815E+01    0.64815E+01    0
   18   21        19   20        0.44334          799.99899      806.55029         0.14327E+01    0.14327E+01    0
   18   24        20   22       -0.62038          504.06417      499.70358         0.80198E+01    0.60810E+01    1
   19   22        20   21        0.79792          671.33546      681.03212         0.22238E+01    0.18639E+01    1
   19   25        21   23       -0.34670          244.90895      244.64143         0.55791E+02    0.55791E+02    0
   19   28        22   25        0.41390           40.39547       41.70200         0.27853E+02    0.20712E+02    1
   19   42        28   33        0.22050            5.40041        6.71096         0.44778E+02    0.44778E+02    0
   20   23        21   22       -0.09030          717.87183      716.74365         0.16903E+01    0.16903E+01    0
   20   26        22   24       -0.55349          309.44161      306.99580         0.10457E+02    0.98567E+01    1
   20   37        27   30        0.48738          -33.15940      -13.40596         0.60392E+01    0.60392E+01    0
   20   40        28   32        1.19846            6.28852       16.29087         0.30193E+02    0.30193E+02    0
   21   24        22   23       -0.27615          987.60873      984.24692         0.18465E+01    0.18465E+01    0
   21   27        23   25       -0.08695          286.37057      285.93634         0.86902E+01    0.86902E+01    0
   21   38        28   31        0.19490           -9.06084       -2.05964         0.67451E+01    0.67451E+01    0
   22   25        23   24        0.02125          550.21358      550.37746         0.26838E+01    0.26838E+01    0
   22   28        24   26       -0.28455          327.84771      327.38459         0.31797E+02    0.25805E+02    1
   22   36        28   30        0.02674          -24.34778      -23.33412         0.65815E+01    0.65815E+01    0
   22   51        29   40       -1.60132           10.79649        2.98256         0.56236E+02    0.31882E+02    1
   23   26        24   25        0.17807         1431.72776     1433.89274         0.18342E+01    0.18342E+01    0
   23   34        28   29       -1.12934           22.97787      -10.94295         0.10198E+02    0.10198E+02    0
   23   49        29   39       -0.76172            9.76301        3.57482         0.16544E+02    0.16544E+02    0
   23   52        30   41       -1.69816           26.24306       18.27405         0.93541E+02    0.32788E+02    1
   24   27        25   26        0.02211          424.20450      424.39082         0.24093E+01    0.24093E+01    0
   24   47        29   38        1.22102           -0.48492        0.51152         0.15191E+03    0.13783E+03    1
   24   50        30   40       -1.53193           10.69008       -2.87408         0.17540E+02    0.14947E+02    1
   25   28        26   27       -0.36234         1240.03993     1237.10088         0.26448E+01    0.26448E+01    0
   25   45        29   37       -0.31210           19.12465       17.65277         0.19312E+02    0.19312E+02    0
   25   48        30   39       -1.13729           25.85651       16.98302         0.14241E+02    0.14241E+02    0
   25   51        31   41       -1.18837           29.15141       26.13930         0.52641E+02    0.52147E+02    1
   26   43        29   36       -1.11769           25.26934       23.22927         0.47993E+02    0.37421E+02    1
   26   46        30   38       -1.06723           15.10254       11.34337         0.28501E+02    0.25214E+02    1
   26   49        31   40        0.32444           -3.58268       -0.81757         0.12953E+02    0.12953E+02    0
   27   44        30   37       -1.30934          113.69643      107.22517         0.21796E+02    0.13559E+02    1
   27   47        31   39        0.07028           68.82720       69.52365         0.89420E+01    0.89420E+01    0
   28   39        29   34        0.25503           94.20464       95.77397         0.59454E+01    0.36285E+01    1
   28   42        30   36       -0.15819           86.94378       86.63058         0.22511E+02    0.22511E+02    0
   28   45        31   38       -2.61852           75.06539       68.46619         0.61360E+02    0.26563E+02    1
   28   48        32   40       -2.13459           24.56122        5.56649         0.18236E+02    0.98572E+01    1
   28   51        33   42        0.28812           14.43081       17.32500         0.10801E+02    0.10801E+02    0
   29   32        30   31       -0.42747          300.49460      298.36538         0.39278E+01    0.39278E+01    0
   29   35        31   33       -0.33180          310.32208      305.46667         0.27334E+01    0.27334E+01    0
   29   41        33   37        0.53344           24.80436       37.34303         0.34845E+01    0.34845E+01    0
   29   44        34   39       -0.09946           -5.14307       -6.58922         0.68025E+01    0.68025E+01    0
   29   50        36   43        0.46139           41.50278       43.58419         0.30236E+02    0.30236E+02    0
   30   33        31   32        0.00437          503.56411      503.58981         0.35626E+01    0.35626E+01    0
   30   36        32   34       -0.03149          193.66472      193.26025         0.31742E+01    0.31742E+01    0
   30   39        33   36       -0.07802           54.27797       54.02727         0.19221E+02    0.19221E+02    0
   30   42        34   38        2.43558          -30.24875       -5.58632         0.30746E+02    0.80113E+01    1
   30   48        36   42       -1.34647           20.83387       20.51257         0.10000E+04    0.49014E+03    1
   30   51        37   44        0.68236           19.55653       25.62831         0.15421E+02    0.15421E+02    0
   31   34        32   33       -0.19936          337.77467      336.77031         0.38546E+01    0.38546E+01    0
   31   37        33   35       -0.13690          206.31233      202.48377         0.14532E+01    0.14532E+01    0
   31   40        34   37        2.50896           11.69313       49.82121         0.10521E+02    0.39654E+01    1
   31   43        35   39        1.98216          -66.79742      -24.83087         0.54496E+01    0.37653E+01    1
   31   46        36   41        0.29300           -7.32504       -5.97930         0.21222E+02    0.21222E+02    0
   31   49        37   43        1.69163           15.04744       30.29087         0.16987E+02    0.12923E+02    1
   31   52        38   45       -1.60806           33.13300       23.68825         0.24923E+02    0.23413E+02    1
   32   35        33   34        0.35756          598.27407      604.21822         0.12375E+01    0.12375E+01    0
   32   38        34   36       -0.02028          190.76306      190.53852         0.36054E+01    0.36054E+01    0
   32   41        35   38        1.69689           33.90212       73.94536         0.48901E+01    0.25503E+01    1
   32   44        36   40       -1.90583           13.73294        6.24213         0.28531E+02    0.20084E+02    1
   32   47        37   42        1.07532           40.81594       49.61643         0.11852E+02    0.11852E+02    0
   32   50        38   44        0.54492           27.17196       29.60992         0.26307E+02    0.26307E+02    0
   33   39        35   37        0.68129          180.85497      184.08953         0.84877E+01    0.84877E+01    0
   33   42        36   39       -2.02590          130.61911       90.70687         0.58200E+01    0.30381E+01    1
   33   45        37   41        0.64778           60.35752       65.37683         0.10040E+02    0.10040E+02    0
   33   48        38   43       -0.39611           63.95295       63.74123         0.24123E+03    0.18152E+03    1
   33   51        39   45        1.25408           26.04602       38.23363         0.12203E+02    0.12203E+02    0
   34   37        35   36       -1.83879          616.53529      582.41332         0.15679E+01    0.10718E+01    1
   34   40        36   38       -0.79830          207.76813      204.80785         0.10944E+02    0.10901E+02    1
   34   43        37   40        1.88114           18.23318       33.67843         0.10752E+02    0.73642E+01    1
   34   46        38   42       -2.34458           53.61741       43.87820         0.40583E+02    0.18773E+02    1
   34   49        39   44        1.50484           19.41631       22.08480         0.11041E+03    0.56042E+02    1
   34   52        40   46        2.18156           29.33665       41.10085         0.15286E+03    0.22107E+02    1
   35   38        36   37        0.38828          511.89373      516.74967         0.16347E+01    0.16347E+01    0
   35   47        39   43       -2.23329          106.81442       82.70275         0.10903E+02    0.72971E+01    1
   36   39        37   38        0.30466          336.92235      338.02736         0.59997E+01    0.56231E+01    1
   36   42        38   40        0.24100          117.04969      117.26335         0.45995E+02    0.45995E+02    0
   36   45        39   42       -0.34804          111.96362      111.20592         0.32652E+02    0.27119E+02    1
   36   48        40   44       -1.46030           84.82224       81.95279         0.53880E+02    0.40369E+02    1
   36   51        41   46        1.22237           38.63320       41.85818         0.43114E+02    0.37874E+02    1
   37   40        38   39       -0.47457          321.44615      318.82032         0.35795E+01    0.35795E+01    0
   37   43        39   41       -0.01960          142.50074      142.43207         0.11778E+02    0.11778E+02    0
   37   46        40   43        2.02697          115.75061      127.13933         0.31050E+02    0.10490E+02    1
   37   49        41   45       -1.53246           52.88938       48.13191         0.32229E+02    0.25957E+02    1
   37   52        42   47        0.59927            2.80426        3.26938         0.17485E+03    0.12985E+03    1
   38   41        39   40       -0.02770          104.18759      104.05411         0.43437E+01    0.43437E+01    0
   38   44        40   42        0.41284          232.64621      233.16950         0.10302E+03    0.30839E+02    1
   38   47        41   44       -1.18069           77.95959       74.63877         0.21289E+02    0.21289E+02    0
   38   50        42   46       -0.62160           44.61102       44.40296         0.91563E+03    0.24221E+03    1
   39   42        40   41        0.09184          298.67720      298.90350         0.11990E+02    0.82383E+01    1
   39   45        41   43        2.74450          165.29663      184.57473         0.13954E+02    0.55577E+01    1
   39   48        42   45       -0.98875           81.80239       77.64498         0.18141E+02    0.14439E+02    1
   39   51        43   47       -2.57500            9.96339       -8.65131         0.49111E+02    0.11109E+02    1
   40   43        41   42       -1.37942          210.26401      203.09004         0.12838E+02    0.38260E+01    1
   40   46        42   44       -0.23210           44.58053       44.40626         0.54082E+02    0.54082E+02    0
   40   49        43   46        0.84114           -2.82328       -2.40735         0.30399E+03    0.12420E+03    1
   40   52        44   48       -0.19640           40.56958       40.28138         0.53622E+02    0.53622E+02    0
   41   44        42   43       -3.37261          538.40270      379.98162         0.78364E+01    0.42855E+00    1
   41   47        43   45        0.14252          120.40221      121.12725         0.80060E+01    0.80060E+01    0
   41   50        44   47       -0.19269           81.82287       81.64812         0.64889E+02    0.64889E+02    0
   42   45        43   44       -2.28407          180.59769      143.15872         0.13085E+02    0.12206E+01    1
   42   48        44   46        0.03700          210.10622      210.14918         0.33660E+02    0.33660E+02    0
   42   51        45   48       -1.52131          122.08034      114.07908         0.11634E+02    0.11024E+02    1
   43   46        44   45       -0.55392          211.95508      210.28205         0.72834E+01    0.63997E+01    1
   43   49        45   47       -0.84136          101.29624       99.36549         0.22227E+02    0.17015E+02    1
   43   52        46   49        0.42298           73.64173       74.18479         0.59521E+02    0.45099E+02    1
   44   47        45   46        0.56694          186.38187      188.29954         0.57642E+01    0.57541E+01    1
   44   50        46   48       -0.03409           67.62687       67.59616         0.42869E+02    0.42869E+02    0
   45   48        46   47        0.37001           86.52884       87.17737         0.15161E+02    0.11120E+02    1
   45   51        47   49        1.23483          137.10678      142.98498         0.17750E+02    0.82055E+01    1
   46   49        47   48       -0.61881          232.33857      230.63158         0.90083E+01    0.71166E+01    1
   46   52        48   50       -0.68327           97.81388       96.91932         0.29751E+02    0.29751E+02    0
   47   50        48   49       -0.43126          210.02448      209.27073         0.11214E+02    0.11214E+02    0
   48   51        49   50        0.48001          177.63349      178.86855         0.76933E+01    0.76933E+01    0
   49   52        50   51       -0.46210          261.07114      259.59919         0.60823E+01    0.60823E+01    0
    6    4         8    2        0.00024          886.42982      886.43688         0.17332E+01    0.17332E+01    0
   14    8        20    2        0.23424          169.62329      175.03962         0.59450E+01    0.59450E+01    0
   16    9        23    2       -1.14968          179.95377      133.85200         0.39537E+01    0.39537E+01    0
   18   10        26    2       -0.58126          144.95863      126.14248         0.55378E+01    0.55378E+01    0
   24   13        31    2       -0.49682           49.69259       33.67279         0.49084E+01    0.49084E+01    0
   26   14        34    2        1.62500            5.45041       18.41703         0.23026E+02    0.22102E+02    1
   28   15        37    2        1.15966           20.97320       43.19821         0.10280E+02    0.10280E+02    0
    5    4         6    3        0.01637          873.75969      874.13348         0.93340E+00    0.93340E+00    0
    7    5         9    3       -0.00034          677.17625      677.06166         0.12627E+00    0.12627E+00    0
    9    6        12    3       -0.00688          326.42127      325.83817         0.73625E+00    0.73625E+00    0
   11    7        15    3       -0.06624          126.77452       94.63353         0.18091E+00    0.18091E+00    0
   13    8        18    3        1.70356          116.81007      143.20133         0.11174E+02    0.71395E+01    1
   15    9        21    3       -0.05533           75.33584       73.37919         0.37456E+01    0.37456E+01    0
   17   10        24    3        0.04228           69.55807       70.98034         0.45827E+01    0.45827E+01    0
   19   11        27    3       -1.56089           84.35935       54.61730         0.10482E+02    0.91061E+01    1
   23   13        29    3        0.05936           20.27154       21.65893         0.58380E+01    0.58380E+01    0
   25   14        32    3       -1.31664           22.79146       12.54732         0.26458E+02    0.19993E+02    1
    6    5         7    4       -1.75439         1598.01490     1157.42363         0.11828E+00    0.93982E-01    1
    8    6        10    4       -0.01861          419.87186      418.67273         0.64618E+00    0.64618E+00    0
   10    7        13    4        0.00054           94.19083       94.39074         0.17604E+00    0.17604E+00    0
   12    8        16    4        0.13835          131.38514      131.82155         0.28321E+02    0.28321E+02    0
   14    9        19    4       -0.62180           95.51124       84.31677         0.61227E+01    0.61227E+01    0
   16   10        22    4       -0.54279           54.14153       47.98668         0.11662E+02    0.11662E+02    0
   20   12        28    4       -1.36891           29.73169       17.32370         0.26719E+02    0.18823E+02    1
   24   14        30    4       -1.48769           18.87772        0.29237         0.16156E+02    0.10761E+02    1
   26   15        33    4        0.43276          -12.96961        1.54900         0.45994E+01    0.45994E+01    0
   28   16        36    4        0.31603           -9.71963        3.74853         0.40867E+01    0.40867E+01    0
   30   19        45    4       -0.20916           26.09768        4.91618         0.35799E+01    0.35799E+01    0
    7    6         8    5        0.03328         1159.35441     1160.61072         0.54305E+00    0.54305E+00    0
   11    8        14    5       -2.86521          169.01884       99.02872         0.68476E+01    0.27024E+01    1
   13    9        17    5       -0.04043          176.81275      176.02601         0.45293E+01    0.45293E+01    0
   15   10        20    5        0.91878           44.67221       56.13871         0.88133E+01    0.88133E+01    0
   17   11        23    5       -1.75240           82.51439       38.60150         0.60901E+01    0.52308E+01    1
   19   12        26    5        0.01453           23.52221       23.73422         0.10354E+02    0.10354E+02    0
   25   15        31    5       -0.26050           22.89810       22.22723         0.64142E+02    0.52283E+02    1
   27   16        34    5       -0.00419           -1.77214       -1.89600         0.51806E+01    0.51806E+01    0
   29   19        43    5       -0.12608           10.03975        2.27256         0.55957E+01    0.55957E+01    0
   31   20        46    5        0.06251           -7.86804        9.21526         0.13273E+01    0.13273E+01    0
    8    7         9    6       -0.09453          880.23726      866.95478         0.16264E+00    0.16264E+00    0
   12    9        15    6        1.21328          216.63223      228.78859         0.27066E+02    0.67115E+01    1
   14   10        18    6        0.45258          116.69579      127.20159         0.38416E+01    0.38158E+01    1
   18   12        24    6       -0.11244           38.05373       37.66172         0.46133E+02    0.37247E+02    1
   20   13        27    6       -0.24128          -13.11794      -15.13062         0.17997E+02    0.17997E+02    0
   24   15        29    6       -0.76343           15.88790        1.86237         0.61759E+01    0.61759E+01    0
   26   16        32    6        0.01670           -7.11463       -6.61390         0.44342E+01    0.44342E+01    0
   30   20        44    6        0.00005            8.84471        8.86074         0.11608E+01    0.11608E+01    0
   32   21        47    6        0.06146            4.54842       10.01510         0.40993E+01    0.40993E+01    0
   13   10        16    7       -0.50485          330.94452      330.07424         0.37795E+02    0.37795E+02    0
   17   12        22    7        0.83954           68.21280       75.35731         0.12615E+02    0.12615E+02    0
   19   13        25    7        1.34964           -1.63153       26.71256         0.61653E+01    0.61181E+01    1
   21   14        28    7       -0.54356           22.35385       19.30587         0.39573E+02    0.26284E+02    1
   25   16        30    7       -0.41994           38.44403       31.87995         0.71871E+01    0.71871E+01    0
   27   17        33    7       -1.13394           45.62050       21.31144         0.61611E+01    0.61611E+01    0
   29   20        42    7        0.01674           19.63707       23.80557         0.13090E+01    0.13090E+01    0
   31   21        45    7       -0.02345           14.62838       13.30514         0.60934E+01    0.60934E+01    0
   33   22        48    7       -1.09736           25.44242       19.98904         0.74961E+02    0.73379E+02    1
   12   10        14    8        0.09810          281.46554      281.72869         0.22933E+02    0.16220E+02    1
   16   12        20    8       -0.20040           68.65609       68.44322         0.79607E+02    0.79607E+02    0
   20   14        26    8       -0.38765           -6.86663      -11.21995         0.11342E+02    0.11342E+02    0
   26   17        31    8       -0.30548           19.74220       16.97566         0.12281E+02    0.12281E+02    0
   30   21        43    8        0.05984            1.21492        4.81664         0.54501E+01    0.54501E+01    0
   15   12        18    9        0.64079          134.28738      140.59801         0.64233E+01    0.64233E+01    0
   17   13        21    9       -0.15367           47.52628       45.19029         0.56324E+01    0.56324E+01    0
   19   14        24    9       -0.21507           -4.14673       -5.58352         0.16071E+02    0.16071E+02    0
   21   15        27    9       -0.46150           33.04702       31.86278         0.49418E+02    0.49418E+02    0
   25   17        29    9       -0.68572           32.63639       32.48809         0.91137E+03    0.42098E+03    1
   27   18        32    9       -1.36358           92.24890       22.45748         0.21615E+01    0.21615E+01    0
   29   21        41    9        1.18537           -8.76046       14.13886         0.15943E+02    0.15943E+02    0
   31   22        44    9        0.20408           10.12391       14.51235         0.15257E+02    0.15257E+02    0
   33   23        47    9        0.87092           12.20382       15.28480         0.97821E+02    0.97821E+02    0
   14   12        16   10       -0.22620          296.70333      295.78653         0.10399E+02    0.10399E+02    0
   16   13        19   10       -0.30939          102.09231      100.18225         0.10242E+02    0.10242E+02    0
   20   15        25   10        2.29046           20.00366       35.94140         0.25180E+02    0.15265E+02    1
   22   16        28   10        0.26093           18.30137       23.33814         0.65117E+01    0.65117E+01    0
   26   18        30   10       -0.93664           61.87190       16.73303         0.18523E+01    0.18523E+01    0
   28   19        33   10       -0.20643           12.83359        6.45634         0.35769E+01    0.35769E+01    0
   30   22        42   10       -0.67779           18.79022       18.34740         0.80748E+03    0.47805E+03    1
   34   24        48   10       -0.53005           32.20375       13.27522         0.97713E+01    0.97713E+01    0
   13   12        14   11       -0.11114          745.26000      744.65946         0.38042E+01    0.38042E+01    0
   15   13        17   11        0.97153          239.03299      239.37254         0.27978E+03    0.12194E+03    1
   17   14        20   11       -2.25810          180.20563       81.74329         0.56901E+01    0.14757E+01    1
   19   15        23   11       -2.32274          103.40560       46.71381         0.59172E+01    0.35526E+01    1
   21   16        26   11       -0.00205           53.65918       53.60878         0.43477E+01    0.43477E+01    0
   27   19        31   11       -0.00023           75.60372       75.59941         0.46840E+01    0.46840E+01    0
   29   22        40   11        1.47777            6.90227       30.53236         0.18329E+02    0.18329E+02    0
   31   23        43   11       -0.13842           17.54495       12.35879         0.83446E+01    0.83446E+01    0
   33   24        46   11       -0.45118           27.37119       20.08801         0.20419E+02    0.20419E+02    0
   14   13        15   12       -1.06208         1620.38547     1592.10330         0.34977E+01    0.82664E+00    1
   16   14        18   12       -0.04957          257.39437      256.61269         0.27160E+01    0.27160E+01    0
   20   16        24   12       -0.88165          101.05215       93.80637         0.10583E+02    0.10583E+02    0
   22   17        27   12       -0.47644           68.75003       67.62639         0.13122E+03    0.44847E+02    1
   26   19        29   12        0.26815           30.40250       32.94478         0.71613E+01    0.71613E+01    0
   28   20        32   12       -0.09105           37.66222       32.12179         0.14669E+01    0.14669E+01    0
   30   23        41   12        0.39472           23.44111       23.74831         0.51690E+03    0.38012E+03    1
   32   24        44   12       -0.07449           35.19571       31.22222         0.58881E+01    0.58881E+01    0
   34   25        47   12        0.04895           11.43173       14.11909         0.60383E+01    0.60383E+01    0
   36   26        50   12       -0.33305           28.90763        9.73957         0.60889E+01    0.60889E+01    0
   15   14        16   13       -0.10597          453.97576      453.30587         0.33930E+01    0.33930E+01    0
   17   15        19   13       -0.35522          413.01075      411.55995         0.10520E+02    0.10520E+02    0
   19   16        22   13        1.85691          102.27466      128.01732         0.95224E+01    0.47825E+01    1
   21   17        25   13       -1.84417          140.50283      125.67820         0.17597E+02    0.10628E+02    1
   27   20        30   13       -0.07918          128.77674      125.27321         0.15199E+01    0.15199E+01    0
   29   23        39   13       -0.85784           40.87226       32.19175         0.27403E+02    0.27403E+02    0
   31   24        42   13       -0.11893           41.63847       33.95660         0.45943E+01    0.45943E+01    0
   33   25        45   13       -0.47557           49.94300       20.97114         0.51206E+01    0.51206E+01    0
   16   15        17   14        0.17079          427.00727      428.29025         0.50774E+01    0.28372E+01    1
   20   17        23   14        0.58614          120.86861      123.23035         0.16123E+02    0.16123E+02    0
   28   21        31   14        0.33138           80.41719       81.99121         0.14241E+02    0.14241E+02    0
   30   24        40   14       -0.00048           42.17589       42.13619         0.33582E+01    0.33582E+01    0
   32   25        43   14        0.12231           10.17768       21.22660         0.32945E+01    0.32945E+01    0
   34   26        46   14       -0.18624           30.98489       14.13430         0.34827E+01    0.34827E+01    0
   38   28        52   14        0.44335          -43.27935       -4.52386         0.39796E+01    0.39796E+01    0
   17   16        18   15       -0.03841         1172.92575     1171.57142         0.14604E+01    0.62667E+00    1
   19   17        21   15       -0.23881          118.16703      117.49394         0.19180E+02    0.15553E+02    1
   21   18        24   15        1.55130          117.56411      160.52290         0.28969E+01    0.23461E+01    1
   23   19        27   15       -0.03007           14.38983       14.27433         0.21991E+02    0.21991E+02    0
   27   21        29   15       -0.77488          194.67119      192.31830         0.28121E+02    0.14922E+02    1
   29   24        38   15       -0.12840           46.15043       34.95185         0.30127E+01    0.30127E+01    0
   31   25        41   15        0.16475            4.45230       19.96891         0.29581E+01    0.29581E+01    0
   37   28        50   15        0.17257          -23.21324       -5.69046         0.32567E+01    0.32567E+01    0
   18   17        19   16       -0.10674          528.29913      527.77108         0.42441E+01    0.42441E+01    0
   22   19        25   16       -0.46480          132.46474      132.25971         0.22311E+03    0.14238E+03    1
   24   20        28   16       -0.02716           16.96720       15.62428         0.17050E+01    0.17050E+01    0
   28   22        30   16       -0.17567           92.64578       91.59224         0.74566E+01    0.74566E+01    0
   30   25        39   16        0.16059            9.55608       21.95152         0.34179E+01    0.34179E+01    0
   34   27        45   16       -0.01209            2.47835        1.88172         0.60280E+01    0.60280E+01    0
   36   28        48   16       -0.02412           -5.66589       -7.66017         0.37870E+01    0.37870E+01    0
   19   18        20   17       -1.14114         1116.43974     1071.33616         0.77532E+00    0.56892E+00    1
   21   19        23   17       -0.20496          408.62645      404.11583         0.19522E+01    0.19522E+01    0
   23   20        26   17        0.01078          181.06560      181.76489         0.99302E+00    0.99302E+00    0
   29   25        37   17        0.51657            2.24322       18.38355         0.79645E+01    0.79645E+01    0
   20   19        21   18        0.28357          799.99899      806.55029         0.91638E+00    0.91638E+00    0
   22   20        24   18       -0.07943          504.06417      499.70358         0.77856E+00    0.77856E+00    0
   21   20        22   19        0.31174          671.33546      681.03212         0.72823E+00    0.72823E+00    0
   23   21        25   19       -0.01438          244.90895      244.64143         0.23144E+01    0.23144E+01    0
   25   22        28   19        0.08778           40.39547       41.70200         0.43923E+01    0.43923E+01    0
   33   28        42   19        0.05032            5.40041        6.71096         0.10220E+02    0.10220E+02    0
   22   21        23   20       -0.07612          717.87183      716.74365         0.14249E+01    0.14249E+01    0
   24   22        26   20       -0.28121          309.44161      306.99580         0.50080E+01    0.50080E+01    0
   30   27        37   20        0.77519          -33.15940      -13.40596         0.96055E+01    0.96055E+01    0
   32   28        40   20        1.37150            6.28852       16.29087         0.36924E+02    0.34553E+02    1
   23   22        24   21       -0.24882          987.60873      984.24692         0.16637E+01    0.16637E+01    0
   25   23        27   21       -0.07477          286.37057      285.93634         0.74722E+01    0.74722E+01    0
   31   28        38   21        0.25573           -9.06084       -2.05964         0.88502E+01    0.88502E+01    0
   24   23        25   22        0.01619          550.21358      550.37746         0.20444E+01    0.20444E+01    0
   26   24        28   22       -0.15232          327.84771      327.38459         0.13814E+02    0.13814E+02    0
   30   28        36   22        0.24368          -24.34778      -23.33412         0.59982E+02    0.59982E+02    0
   40   29        51   22       -0.55583           10.79649        2.98256         0.11066E+02    0.11066E+02    0
   25   24        26   23        0.16861         1431.72776     1433.89274         0.17368E+01    0.17368E+01    0
   29   28        34   23       -1.60608           22.97787      -10.94295         0.15705E+02    0.14504E+02    1
   39   29        49   23       -1.58847            9.76301        3.57482         0.54758E+02    0.34501E+02    1
   41   30        52   23       -0.63907           26.24306       18.27405         0.12339E+02    0.12339E+02    0
   26   25        27   24        0.02633          424.20450      424.39082         0.28686E+01    0.28686E+01    0
   38   29        47   24        0.09318           -0.48492        0.51152         0.10518E+02    0.10518E+02    0
   40   30        50   24       -1.80367           10.69008       -2.87408         0.29222E+02    0.17598E+02    1
   27   26        28   25       -0.36767         1240.03993     1237.10088         0.26837E+01    0.26837E+01    0
   37   29        45   25       -0.24433           19.12465       17.65277         0.15119E+02    0.15119E+02    0
   39   30        48   25       -1.04602           25.85651       16.98302         0.13098E+02    0.13098E+02    0
   41   31        51   25       -1.43298           29.15141       26.13930         0.80729E+02    0.62881E+02    1
   36   29        43   26       -0.46273           25.26934       23.22927         0.15493E+02    0.15493E+02    0
   38   30        46   26       -0.74055           15.10254       11.34337         0.17496E+02    0.17496E+02    0
   40   31        49   26        1.14628           -3.58268       -0.81757         0.45763E+02    0.45763E+02    0
   37   30        44   27       -1.05743          113.69643      107.22517         0.11463E+02    0.10950E+02    1
   39   31        47   27        1.01889           68.82720       69.52365         0.14284E+03    0.12963E+03    1
   34   29        39   28        0.22978           94.20464       95.77397         0.39183E+01    0.32693E+01    1
   36   30        42   28       -1.56517           86.94378       86.63058         0.22273E+03    0.22273E+03    0
   38   31        45   28       -1.38143           75.06539       68.46619         0.14013E+02    0.14013E+02    0
   40   32        48   28       -1.72716           24.56122        5.56649         0.95136E+01    0.79757E+01    1
   42   33        51   28        0.97537           14.43081       17.32500         0.36565E+02    0.36565E+02    0
   31   30        32   29       -0.43457          300.49460      298.36538         0.39930E+01    0.39930E+01    0
   33   31        35   29       -0.67193          310.32208      305.46667         0.57275E+01    0.55354E+01    1
   37   33        41   29        2.20094           24.80436       37.34303         0.19659E+02    0.14377E+02    1
   39   34        44   29       -0.14266           -5.14307       -6.58922         0.97566E+01    0.97566E+01    0
   43   36        50   29        0.12507           41.50278       43.58419         0.81965E+01    0.81965E+01    0
   32   31        33   30        0.00269          503.56411      503.58981         0.21892E+01    0.21892E+01    0
   34   32        36   30       -0.21245          193.66472      193.26025         0.21415E+02    0.21415E+02    0
   36   33        39   30       -1.84547           54.27797       54.02727         0.45463E+03    0.45463E+03    0
   38   34        42   30        2.15050          -30.24875       -5.58632         0.14592E+02    0.70736E+01    1
   42   36        48   30       -0.01729           20.83387       20.51257         0.62925E+01    0.62925E+01    0
   44   37        51   30        0.20971           19.55653       25.62831         0.47393E+01    0.47393E+01    0
   33   32        34   31       -0.16579          337.77467      336.77031         0.32055E+01    0.32055E+01    0
   35   33        37   31       -0.71345          206.31233      202.48377         0.83944E+01    0.75732E+01    1
   37   34        40   31        2.76525           11.69313       49.82121         0.22909E+02    0.43705E+01    1
   39   35        43   31        1.60015          -66.79742      -24.83087         0.33731E+01    0.30396E+01    1
   41   36        46   31        0.08143           -7.32504       -5.97930         0.58978E+01    0.58978E+01    0
   43   37        49   31        0.61343           15.04744       30.29087         0.46863E+01    0.46863E+01    0
   45   38        52   31       -0.44491           33.13300       23.68825         0.64777E+01    0.64777E+01    0
   34   33        35   32        0.72820          598.27407      604.21822         0.25213E+01    0.25203E+01    1
   36   34        38   32       -0.66353          190.76306      190.53852         0.35534E+03    0.11795E+03    1
   38   35        41   32        1.52419           33.90212       73.94536         0.31832E+01    0.22908E+01    1
   40   36        44   32       -0.54721           13.73294        6.24213         0.57666E+01    0.57666E+01    0
   42   37        47   32        0.41153           40.81594       49.61643         0.45360E+01    0.45360E+01    0
   44   38        50   32        0.16046           27.17196       29.60992         0.77463E+01    0.77463E+01    0
   37   35        39   33        0.20696          180.85497      184.08953         0.25784E+01    0.25784E+01    0
   39   36        42   33       -1.93927          130.61911       90.70687         0.48865E+01    0.29082E+01    1
   41   37        45   33        0.25307           60.35752       65.37683         0.39224E+01    0.39224E+01    0
   43   38        48   33       -0.01458           63.95295       63.74123         0.66823E+01    0.66823E+01    0
   45   39        51   33        1.46003           26.04602       38.23363         0.14207E+02    0.14207E+02    0
   36   35        37   34       -1.73000          616.53529      582.41332         0.13200E+01    0.10084E+01    1
   38   36        40   34       -0.23407          207.76813      204.80785         0.31962E+01    0.31962E+01    0
   40   37        43   34        0.87109           18.23318       33.67843         0.34101E+01    0.34101E+01    0
   42   38        46   34       -0.61623           53.61741       43.87820         0.49342E+01    0.49342E+01    0
   44   39        49   34        0.97318           19.41631       22.08480         0.36243E+02    0.36243E+02    0
   46   40        52   34        1.77368           29.33665       41.10085         0.39236E+02    0.17974E+02    1
   37   36        38   35        0.28858          511.89373      516.74967         0.12150E+01    0.12150E+01    0
   43   39        47   35       -1.40552          106.81442       82.70275         0.45924E+01    0.45924E+01    0
   38   37        39   36        0.12446          336.92235      338.02736         0.22972E+01    0.22972E+01    0
   40   38        42   36        0.02568          117.04969      117.26335         0.49016E+01    0.49016E+01    0
   42   39        45   36       -0.41660          111.96362      111.20592         0.46783E+02    0.32461E+02    1
   44   40        48   36       -1.51562           84.82224       81.95279         0.62521E+02    0.41898E+02    1
   46   41        51   36        0.21690           38.63320       41.85818         0.67206E+01    0.67206E+01    0
   39   38        40   37       -0.33045          321.44615      318.82032         0.24925E+01    0.24925E+01    0
   41   39        43   37       -0.18065          142.50074      142.43207         0.10854E+03    0.10854E+03    0
   43   40        46   37        2.04618          115.75061      127.13933         0.33485E+02    0.10589E+02    1
   45   41        49   37       -0.32223           52.88938       48.13191         0.54579E+01    0.54579E+01    0
   47   42        52   37        0.10381            2.80426        3.26938         0.22493E+02    0.22493E+02    0
   40   39        41   38       -0.33999          104.18759      104.05411         0.13970E+03    0.53317E+02    1
   42   40        44   38        0.36843          232.64621      233.16950         0.65342E+02    0.27521E+02    1
   44   41        47   38       -0.42280           77.95959       74.63877         0.76235E+01    0.76235E+01    0
   46   42        50   38       -0.06985           44.61102       44.40296         0.27218E+02    0.27218E+02    0
   41   40        42   39        0.06568          298.67720      298.90350         0.61313E+01    0.58913E+01    1
   43   41        45   39        1.60759          165.29663      184.57473         0.32627E+01    0.32554E+01    1
   45   42        48   39       -0.59080           81.80239       77.64498         0.86277E+01    0.86277E+01    0
   47   43        51   39       -1.55289            9.96339       -8.65131         0.72281E+01    0.66997E+01    1
   42   41        43   40       -1.17625          210.26401      203.09004         0.47839E+01    0.32625E+01    1
   44   42        46   40       -0.75488           44.58053       44.40626         0.65468E+03    0.17590E+03    1
   46   43        49   40        0.37955           -2.82328       -2.40735         0.56045E+02    0.56045E+02    0
   48   44        52   40       -0.74938           40.56958       40.28138         0.10000E+04    0.20460E+03    1
   43   42        44   41       -3.47525          538.40270      379.98162         0.99603E+01    0.44159E+00    1
   45   43        47   41        0.28084          120.40221      121.12725         0.15775E+02    0.15775E+02    0
   47   44        50   41       -0.37435           81.82287       81.64812         0.12606E+03    0.12606E+03    0
   44   43        45   42       -2.22218          180.59769      143.15872         0.10504E+02    0.11875E+01    1
   46   44        48   42        0.04625          210.10622      210.14918         0.45521E+02    0.42075E+02    1
   48   45        51   42       -2.06263          122.08034      114.07908         0.33929E+02    0.14947E+02    1
   45   44        46   43       -0.60206          211.95508      210.28205         0.86042E+01    0.69559E+01    1
   47   45        49   43       -0.66897          101.29624       99.36549         0.13528E+02    0.13528E+02    0
   49   46        52   43        0.20124           73.64173       74.18479         0.21457E+02    0.21457E+02    0
   46   45        47   44        0.68950          186.38187      188.29954         0.99517E+01    0.69980E+01    1
   48   46        50   44       -0.09696           67.62687       67.59616         0.12604E+03    0.12195E+03    1
   47   46        48   45        0.24355           86.52884       87.17737         0.73199E+01    0.73199E+01    0
   49   47        51   45        0.98474          137.10678      142.98498         0.69026E+01    0.65436E+01    1
   48   47        49   46       -0.51805          232.33857      230.63158         0.60124E+01    0.59578E+01    1
   50   48        52   46       -0.42121           97.81388       96.91932         0.18340E+02    0.18340E+02    0
   49   48        50   47       -0.51275          210.02448      209.27073         0.13333E+02    0.13333E+02    0
   50   49        51   48        0.42403          177.63349      178.86855         0.67960E+01    0.67960E+01    0
   51   50        52   49       -0.37154          261.07114      259.59919         0.48903E+01    0.48903E+01    0
