    P+   P-        C+   C-  Normalised_Error  Observed_Rho_a  Calculated_Rho_a  Original_Weight  Final_Weight    C
    2    8         4    6        0.07439          956.26066      957.20673         0.39377E+01    0.39377E+01    0
    2   20         8   14       -0.03065          187.71865      186.75763         0.43843E+01    0.43843E+01    0
    2   23         9   16       -1.27045          192.79373      147.70741         0.94904E+01    0.44675E+01    1
    2   26        10   18       -1.17694          227.55935      171.58538         0.55164E+01    0.37694E+01    1
    2   31        13   24       -1.02563           61.99596       47.69051         0.12512E+02    0.11347E+02    1
    2   34        14   26       -0.30354           15.35061       12.83956         0.21319E+02    0.21319E+02    0
    2   37        15   28       -0.00778           28.29416       27.92616         0.41671E+01    0.41671E+01    0
    3    6         4    5       -0.03453          775.16892      774.53105         0.14419E+01    0.11538E+01    1
    3    9         5    7       -0.03904          778.83607      778.65785         0.93022E+01    0.93022E+01    0
    3   12         6    9       -0.40469          402.45280      401.89866         0.46010E+02    0.45565E+02    1
    3   15         7   11       -1.03751          170.72225      160.39845         0.98398E+01    0.88217E+01    1
    3   18         8   13        0.35281          130.75543      152.67639         0.17801E+01    0.17801E+01    0
    3   21         9   15       -0.10479           96.61002       96.38292         0.61118E+02    0.61118E+02    0
    3   24        10   17        0.87456           96.34919      108.62715         0.10982E+02    0.10982E+02    0
    3   27        11   19       -0.82252           90.19228       77.56504         0.11302E+02    0.11302E+02    0
    3   29        13   23        0.03481           37.90193       38.28370         0.12442E+02    0.12442E+02    0
    3   32        14   25       -0.32340           31.17705       26.62050         0.11041E+02    0.11041E+02    0
    4    7         5    6       -1.53619         2494.69246     1378.72925         0.13981E+00    0.32490E-01    1
    4   10         6    8       -0.02181          536.73087      536.70687         0.66495E+02    0.37838E+02    1
    4   13         7   10        1.07416          165.90548      173.57198         0.19000E+02    0.91318E+01    1
    4   16         8   12       -0.18776          190.30763      189.43325         0.19183E+02    0.19183E+02    0
    4   19         9   14       -0.10495          119.55546      118.63818         0.12611E+02    0.12611E+02    0
    4   22        10   16        0.31028           83.09104       85.31576         0.18444E+02    0.18444E+02    0
    4   28        12   20        0.59242           43.66163       49.30547         0.17909E+02    0.17909E+02    0
    4   30        14   24       -0.33502           31.91474       31.67362         0.18679E+03    0.18679E+03    0
    4   33        15   26        1.47519           -4.44469        0.20032         0.47007E+03    0.49005E+02    1
    4   36        16   28        0.19603           -1.51105        9.62025         0.30671E+01    0.30671E+01    0
    4   45        19   30       -0.10480           32.51043       30.00322         0.15154E+02    0.15154E+02    0
    5    8         6    7        0.24327         1150.60264     1152.42150         0.27416E+01    0.27416E+01    0
    5   14         8   11       -0.99390          203.76135      195.44490         0.13247E+02    0.78892E+01    1
    5   17         9   13        0.04651          206.48110      206.65845         0.41312E+02    0.23112E+02    1
    5   20        10   15        1.11515           75.57787      106.63593         0.51159E+01    0.39493E+01    1
    5   23        11   17       -0.74402           95.31817       58.16486         0.26249E+01    0.26249E+01    0
    5   26        12   19        1.17353           32.96624       44.23104         0.37765E+02    0.15741E+02    1
    5   31        15   25       -0.66440           33.52610       31.11142         0.37048E+02    0.37048E+02    0
    5   34        16   27       -0.48027            7.71798        3.47527         0.17330E+02    0.17330E+02    0
    5   43        19   29        0.84775           14.81796       22.21342         0.39516E+02    0.39516E+02    0
    5   46        20   31        1.33487           -6.71324       17.67604         0.37741E+02    0.19855E+02    1
    6    9         7    8       -0.84652          948.68748      924.87165         0.28949E+01    0.81226E+00    1
    6   15         9   12       -0.30127          285.34297      285.09074         0.80320E+02    0.80320E+02    0
    6   18        10   14        0.00193          162.54619      162.63163         0.19983E+01    0.19983E+01    0
    6   24        12   18       -0.04569           76.55674       76.03019         0.11267E+02    0.11267E+02    0
    6   27        13   20        0.01936            7.65917        7.87195         0.13657E+02    0.13657E+02    0
    6   29        15   24       -0.40670           31.64415       27.86464         0.12209E+02    0.12209E+02    0
    6   32        16   26        0.65410            4.81928        8.11155         0.26418E+02    0.26418E+02    0
    6   44        20   30        0.59935           11.00104       15.74082         0.43760E+02    0.43760E+02    0
    6   47        21   32        1.11735            7.49124       11.31951         0.15336E+03    0.10642E+03    1
    7   16        10   13       -0.43641          391.05723      389.98919         0.80181E+02    0.26622E+02    1
    7   22        12   17        0.00311           83.24023       83.32970         0.37273E+01    0.37273E+01    0
    7   25        13   19        1.04511           21.82228       32.96358         0.17346E+02    0.12053E+02    1
    7   28        14   21       -0.05552           36.41741       36.40539         0.10000E+04    0.68078E+03    1
    7   30        16   25       -0.02594           54.86934       54.66731         0.14426E+02    0.14426E+02    0
    7   33        17   27       -1.71187           57.24841       33.36010         0.44145E+02    0.94650E+01    1
    7   42        20   29       -0.32818           22.48925       21.09286         0.76624E+02    0.76624E+02    0
    7   45        21   31        0.07367           12.77160       14.10845         0.18945E+02    0.18945E+02    0
    7   48        22   33       -0.36635           27.66864       24.61712         0.43780E+02    0.43780E+02    0
    8   14        10   12        0.86936          393.30733      403.66735         0.96160E+01    0.36511E+01    1
    8   20        12   16       -0.14125           87.91427       85.37682         0.47074E+01    0.47074E+01    0
    8   26        14   20       -0.12908           15.53730       15.51072         0.97872E+03    0.61848E+03    1
    8   31        17   26       -0.81439           32.52537       30.33567         0.41367E+02    0.41367E+02    0
    8   43        21   30       -0.85245            7.85239        1.35209         0.43021E+02    0.43021E+02    0
    9   18        12   15        0.08943          163.98542      166.93816         0.19159E+01    0.19159E+01    0
    9   21        13   17       -0.33987           55.07707       47.34725         0.37647E+01    0.37647E+01    0
    9   24        14   19        0.01329           12.82990       12.96375         0.10660E+02    0.10660E+02    0
    9   27        15   21       -1.13837           39.54808       18.56873         0.84212E+01    0.68810E+01    1
    9   29        17   25        0.58491           54.87797       55.00659         0.41403E+03    0.41403E+03    0
    9   32        18   27       -1.75150           74.44917       26.75773         0.20006E+02    0.40631E+01    1
    9   41        21   29       -0.00774           -2.74784       -3.09073         0.69477E+01    0.69477E+01    0
    9   44        22   31        0.18083           12.12412       13.69833         0.37687E+02    0.37687E+02    0
    9   47        23   33        1.40406           13.20581       20.17074         0.19929E+03    0.69760E+02    1
   10   16        12   14       -1.05688          336.69889      335.71765         0.10000E+04    0.45396E+02    1
   10   19        13   16        0.17355          132.00381      132.95708         0.11511E+02    0.11511E+02    0
   10   25        15   20        0.50657           35.68388       36.82553         0.86792E+02    0.47132E+02    1
   10   28        16   22       -0.53118           34.63176       30.80678         0.17456E+02    0.17456E+02    0
   10   30        18   26       -1.52442           53.15548       20.17892         0.10641E+02    0.41266E+01    1
   10   33        19   28       -0.51689           22.20893       21.33225         0.65151E+02    0.65151E+02    0
   10   42        22   30       -0.47137           20.80898       14.99153         0.25306E+02    0.25306E+02    0
   10   48        24   34       -1.29451           29.84467        8.41008         0.32923E+02    0.21074E+02    1
   11   14        12   13        0.18489          735.28304      735.88787         0.62834E+01    0.62834E+01    0
   11   17        13   15        0.06057          316.64428      316.76191         0.29901E+02    0.21945E+02    1
   11   20        14   17       -0.71251          175.09911      151.35641         0.19310E+01    0.19310E+01    0
   11   23        15   19       -1.29729          124.32676       77.36202         0.39930E+01    0.23951E+01    1
   11   26        16   21        0.90102           78.01469       92.22092         0.67874E+01    0.67874E+01    0
   11   31        19   27        1.43122           89.80602      101.90761         0.35268E+02    0.10582E+02    1
   11   40        22   29        1.01302            9.73581       26.79601         0.18954E+02    0.17404E+02    1
   11   43        23   31        0.99815           16.55185       24.45636         0.42367E+02    0.39481E+02    1
   11   46        24   33       -0.33241           28.06255       21.83200         0.17585E+02    0.17585E+02    0
   12   15        13   14       -0.37610         1824.37137     1821.23798         0.32426E+01    0.26422E+01    1
   12   18        14   16       -0.30386          277.82409      270.51203         0.17798E+01    0.17798E+01    0
   12   24        16   20       -0.42446          137.36992      136.09287         0.28909E+02    0.28909E+02    0
   12   27        17   22        0.10109           91.79542       92.27032         0.22514E+02    0.22514E+02    0
   12   29        19   26        0.73465           51.10951       55.16872         0.12288E+02    0.12288E+02    0
   12   32        20   28        0.99748           49.91848       52.24909         0.40970E+02    0.38206E+02    1
   12   41        23   30        0.16974           24.01994       32.06914         0.62387E+01    0.62387E+01    0
   12   44        24   32       -1.10312           35.30074       27.69981         0.69817E+02    0.45583E+02    1
   12   47        25   34       -0.22249           12.31617       12.10129         0.34325E+03    0.34325E+03    0
   12   50        26   36       -1.39247           32.88457       11.86719         0.46693E+02    0.23217E+02    1
   13   16        14   15        0.01892          483.21952      483.30286         0.69523E+01    0.48688E+01    1
   13   19        15   17       -0.15426          455.74287      453.91890         0.36338E+01    0.36338E+01    0
   13   22        16   19       -0.04455          149.10269      148.42604         0.43654E+01    0.43654E+01    0
   13   25        17   21       -1.39089          164.91215      151.94512         0.33162E+02    0.91643E+01    1
   13   30        20   27        0.03311          146.00999      146.06606         0.40432E+02    0.39716E+02    1
   13   39        23   29       -0.17946           38.92907       36.50362         0.20517E+02    0.20517E+02    0
   13   42        24   31       -0.49851           38.48701       30.55141         0.18642E+02    0.18642E+02    0
   13   45        25   33       -1.41468           43.05504       17.99596         0.47569E+02    0.17611E+02    1
   14   17        15   16        0.11286          454.21973      454.99698         0.48089E+01    0.30949E+01    1
   14   23        17   20        0.39347          155.01325      161.32610         0.40492E+01    0.40492E+01    0
   14   31        21   28       -0.54887          102.43485      100.94026         0.24841E+02    0.24841E+02    0
   14   40        24   30       -0.68012           42.53710       34.22592         0.22918E+02    0.22918E+02    0
   14   43        25   32        0.48788           12.30265       13.07040         0.18912E+03    0.18912E+03    0
   14   46        26   34       -1.48409           33.46831       19.22373         0.84251E+02    0.32830E+02    1
   14   52        28   38        1.62757          -41.96724      -13.79494         0.11814E+03    0.20097E+02    1
   15   18        16   17        0.01598          902.06785      902.53645         0.75351E+00    0.75351E+00    0
   15   21        17   19       -0.08735          195.73099      195.04275         0.55639E+01    0.55639E+01    0
   15   24        18   21        1.29724          105.37034      150.85402         0.62631E+01    0.18530E+01    1
   15   27        19   23        1.11256           38.25791       60.97930         0.68488E+01    0.41356E+01    1
   15   29        21   27       -0.07601          220.47356      219.93601         0.64071E+01    0.64071E+01    0
   15   38        24   29       -0.56186           44.88359       29.97945         0.99054E+01    0.99054E+01    0
   15   41        25   31        0.12212            5.84666       12.95958         0.47832E+01    0.47832E+01    0
   15   50        28   37        0.70901          -21.19758       -6.29978         0.15738E+02    0.15738E+02    0
   16   19        17   18        0.06972          671.70129      672.36896         0.21927E+01    0.21927E+01    0
   16   25        19   22       -0.00755          133.44425      133.43088         0.35488E+02    0.35488E+02    0
   16   28        20   24        1.05223           32.08119       40.79743         0.25327E+02    0.10177E+02    1
   16   30        22   28       -0.80601          121.09844      119.90548         0.30214E+02    0.30214E+02    0
   16   39        25   30        0.00954           10.66869       10.87864         0.11988E+02    0.11988E+02    0
   16   45        27   34        0.44092           -5.97269        1.85009         0.16763E+02    0.16763E+02    0
   16   48        28   36       -0.37089           -6.07958       -7.85756         0.65329E+02    0.65329E+02    0
   17   20        18   19       -0.35032          851.19416      844.04583         0.11020E+01    0.11020E+01    0
   17   23        19   21        0.12733          429.40457      431.85685         0.22308E+01    0.22308E+01    0
   17   26        20   23        1.38380          188.45824      237.17517         0.71467E+01    0.18297E+01    1
   17   37        25   29        0.18065            1.99246       14.31591         0.36480E+01    0.36480E+01    0
   18   21        19   20        0.02197          982.82859      983.07632         0.19485E+01    0.18780E+01    1
   18   24        20   22       -0.17870          548.64662      547.82206         0.92632E+01    0.92632E+01    0
   19   22        20   21        0.19518          792.19214      794.33891         0.20595E+01    0.20595E+01    0
   19   25        21   23       -0.26451          342.38328      341.40002         0.11581E+02    0.11581E+02    0
   19   28        22   25       -0.40091           76.81336       75.77229         0.25177E+02    0.25177E+02    0
   19   42        28   33        0.00721            9.23647        9.32150         0.22554E+02    0.22554E+02    0
   20   23        21   22       -0.07507          803.58585      802.70469         0.17993E+01    0.17993E+01    0
   20   26        22   24       -0.16677          374.44974      373.38179         0.86899E+01    0.68016E+01    1
   20   37        27   30        0.90002          -28.63781        4.48716         0.66504E+01    0.66504E+01    0
   20   40        28   32        0.41730            9.91357       16.28835         0.16496E+02    0.16496E+02    0
   21   24        22   23       -0.19332         1266.59895     1264.62422         0.22006E+01    0.22006E+01    0
   21   27        23   25       -0.15233          314.40287      313.43774         0.68497E+01    0.68497E+01    0
   21   38        28   31        0.94522           -4.07234        6.73476         0.21535E+02    0.21192E+02    1
   22   25        23   24       -0.03785          601.47328      601.16321         0.26966E+01    0.25267E+01    1
   22   28        24   26        0.00880          355.26944      355.28896         0.18927E+02    0.18927E+02    0
   22   36        28   30        0.20550          -13.30906       -4.65232         0.59231E+01    0.59231E+01    0
   22   51        29   40       -1.34021           14.89610        4.53386         0.90468E+02    0.20121E+02    1
   23   26        24   25        0.03627         1630.93153     1631.36506         0.18659E+01    0.18659E+01    0
   23   34        28   29       -0.62810           42.61474       32.55152         0.19119E+02    0.19119E+02    0
   23   49        29   39       -0.02809           19.25808       19.01840         0.15750E+02    0.15750E+02    0
   23   52        30   41       -1.38056           32.97613       20.26258         0.43897E+02    0.16708E+02    1
   24   27        25   26        0.05581          475.29210      475.77726         0.23357E+01    0.23357E+01    0
   24   47        29   38        1.56915           10.67825       30.34899         0.41614E+02    0.89723E+01    1
   24   50        30   40       -0.62735           19.11217       16.63262         0.33485E+02    0.33485E+02    0
   25   28        26   27       -0.21753         1279.44676     1277.78824         0.28137E+01    0.28137E+01    0
   25   45        29   37        0.54758           36.44189       40.36660         0.12707E+02    0.12707E+02    0
   25   48        30   39        0.07037           36.09892       36.65086         0.14167E+02    0.14167E+02    0
   25   51        31   41       -1.10576           35.58950       31.91320         0.47261E+02    0.39756E+02    1
   26   43        29   36       -1.19780           42.87424       40.30611         0.45389E+02    0.31857E+02    1
   26   46        30   38       -0.67233           28.10677       27.30428         0.98241E+02    0.74407E+02    1
   26   49        31   40        1.40163            6.30899        8.61267         0.16532E+03    0.67166E+02    1
   27   44        30   37       -0.03996          131.67334      131.54803         0.21371E+02    0.21371E+02    0
   27   47        31   39        0.70178           82.65640       91.28067         0.72102E+01    0.72102E+01    0
   28   39        29   34        0.11467          131.49513      131.86759         0.84044E+01    0.68742E+01    1
   28   42        30   36        0.37654          114.85420      115.25627         0.41739E+02    0.41739E+02    0
   28   45        31   38       -0.75450           96.05427       93.31367         0.18430E+02    0.18430E+02    0
   28   48        32   40       -1.21434           35.07331       32.46152         0.16271E+03    0.40783E+02    1
   28   51        33   42        1.09234           22.63317       26.62186         0.36779E+02    0.29713E+02    1
   29   32        30   31       -0.77955          311.53550      307.99235         0.47276E+01    0.43044E+01    1
   29   35        31   33       -0.13868          342.79119      341.04434         0.31754E+01    0.31754E+01    0
   29   41        33   37        0.33878           41.04015       47.40627         0.43587E+01    0.43587E+01    0
   29   44        34   39       -0.42958            6.99596        1.39545         0.75864E+01    0.75864E+01    0
   29   50        36   43       -1.05180           49.28477       47.73915         0.17654E+03    0.92821E+02    1
   30   33        31   32        0.01731          545.03982      545.12344         0.43328E+01    0.43328E+01    0
   30   36        32   34       -0.04521          227.50072      226.94809         0.33354E+01    0.33354E+01    0
   30   39        33   36       -0.83864           75.05828       74.20250         0.62273E+02    0.60522E+02    1
   30   42        34   38        0.73367          -11.29776       -8.33268         0.58845E+02    0.20073E+02    1
   30   48        36   42       -0.94123           30.65488       30.31438         0.10000E+04    0.32331E+03    1
   30   51        37   44        0.55415           25.34810       28.03993         0.28248E+02    0.28248E+02    0
   31   34        32   33       -0.52511          355.80631      353.11670         0.37914E+01    0.37914E+01    0
   31   37        33   35       -0.33775          233.13362      224.48451         0.15870E+01    0.15870E+01    0
   31   40        34   37        1.17186           39.21728       47.59139         0.12757E+02    0.84330E+01    1
   31   43        35   39        0.98281          -39.30752      -24.84900         0.57256E+01    0.54189E+01    1
   31   46        36   41       -1.07958            6.82194       -0.81519         0.16814E+02    0.13779E+02    1
   31   49        37   43        1.02574           24.06007       32.06425         0.16861E+02    0.14923E+02    1
   31   52        38   45       -1.16731           43.55671       30.57302         0.15515E+02    0.12363E+02    1
   32   35        33   34        0.33797          603.01214      607.20988         0.16564E+01    0.16564E+01    0
   32   38        34   36       -0.05588          223.48974      223.12535         0.61214E+01    0.61214E+01    0
   32   41        35   38        0.41145           67.01564       72.79209         0.42868E+01    0.42868E+01    0
   32   44        36   40       -1.47513           36.20870       11.12628         0.13568E+02    0.46426E+01    1
   32   47        37   42        0.59434           52.57107       57.12097         0.12671E+02    0.12671E+02    0
   32   50        38   44       -0.94240           36.13827       35.81024         0.34257E+03    0.33813E+03    1
   33   39        35   37        0.43630          213.54618      215.57089         0.86835E+01    0.86835E+01    0
   33   42        36   39       -1.41479          157.44911      120.66468         0.59291E+01    0.23021E+01    1
   33   45        37   41        0.38229           66.67424       71.69492         0.59236E+01    0.59236E+01    0
   33   48        38   43        0.06881           72.25995       72.47456         0.31106E+02    0.31106E+02    0
   33   51        39   45        0.44677           39.39425       43.85725         0.11872E+02    0.11872E+02    0
   34   37        35   36       -1.43383          617.79244      576.28789         0.18406E+01    0.68708E+00    1
   34   40        36   38       -0.83906          240.42971      238.70640         0.21996E+02    0.19681E+02    1
   34   43        37   40        1.37433           34.08127       55.75397         0.10928E+02    0.38342E+01    1
   34   46        38   42       -0.78787           62.86025       61.77287         0.11064E+03    0.56503E+02    1
   34   49        39   44        1.16422           25.00360       30.33610         0.37573E+02    0.21697E+02    1
   34   52        40   46        1.21044           36.10470       45.34109         0.47085E+02    0.15623E+02    1
   35   38        36   37        0.29810          571.38847      574.58646         0.19057E+01    0.19057E+01    0
   35   47        39   43       -1.24314          114.79598       89.15578         0.56961E+01    0.38197E+01    1
   36   39        37   38        0.25493          354.95227      355.64899         0.74628E+01    0.74628E+01    0
   36   42        38   40        1.41853          132.14664      148.26430         0.21563E+02    0.35889E+01    1
   36   45        39   42       -0.57029          118.32636      115.82216         0.13445E+02    0.13445E+02    0
   36   48        40   44       -0.94513           93.47818       93.28056         0.50969E+03    0.37937E+03    1
   36   51        41   46        0.92232           48.29025       49.86789         0.66360E+02    0.58418E+02    1
   37   40        38   39       -0.33242          361.20951      359.64857         0.42885E+01    0.42179E+01    1
   37   43        39   41       -0.12125          154.64565      154.46254         0.27320E+02    0.27320E+02    0
   37   46        40   43        0.19541          129.97777      130.35993         0.30957E+02    0.30135E+02    1
   37   49        41   45       -1.12325           66.62487       63.17538         0.32427E+02    0.26240E+02    1
   37   52        42   47       -0.63955           15.09537       14.72597         0.17449E+03    0.17449E+03    0
   38   41        39   40       -0.02415          120.10175      119.95789         0.35140E+01    0.35140E+01    0
   38   44        40   42        0.06316          249.42073      249.54656         0.20738E+02    0.19622E+02    1
   38   47        41   44       -0.96845           88.70186       86.17093         0.23854E+02    0.22912E+02    1
   38   50        42   46       -1.10892           55.91219       52.19957         0.35482E+02    0.24215E+02    1
   39   42        40   41        0.11582          310.35492      310.81751         0.12722E+02    0.50822E+01    1
   39   45        41   43        1.32107          173.98524      185.34924         0.92041E+01    0.45383E+01    1
   39   48        42   45       -0.69029           98.62473       95.71914         0.17940E+02    0.14424E+02    1
   39   51        43   47       -1.24468           22.78753       12.49920         0.51449E+02    0.97159E+01    1
   40   43        41   42       -0.45657          226.24658      225.41811         0.14482E+02    0.10966E+02    1
   40   46        42   44       -0.61407           51.19455       49.78890         0.41805E+02    0.17740E+02    1
   40   49        43   46        1.38509            5.08947       12.79526         0.58141E+02    0.11040E+02    1
   40   52        44   48       -1.09413           53.63648       51.15225         0.10908E+03    0.34657E+02    1
   41   44        42   43       -1.96078          557.39711      381.95726         0.88355E+01    0.22498E+00    1
   41   47        43   45        0.37767          131.99346      133.82882         0.83807E+01    0.83807E+01    0
   41   50        44   47       -0.63217           95.26574       93.73552         0.24312E+02    0.24312E+02    0
   42   45        43   44       -1.02828          179.88404      171.34075         0.79202E+01    0.24081E+01    1
   42   48        44   46        0.31724          222.73747      223.39387         0.18885E+02    0.18885E+02    0
   42   51        45   48       -1.38195          128.52650      114.58618         0.23053E+02    0.57479E+01    1
   43   46        44   45       -0.61303          236.67875      233.47073         0.70634E+01    0.36937E+01    1
   43   49        45   47       -0.57397          103.40081      102.27700         0.19942E+02    0.19942E+02    0
   43   52        46   49        0.11228           89.31453       89.45966         0.46960E+02    0.44798E+02    1
   44   47        45   46        0.68461          178.60530      181.40127         0.57702E+01    0.47657E+01    1
   44   50        46   48        0.28103           80.20467       80.94631         0.14636E+02    0.14636E+02    0
   45   48        46   47        0.16943          102.99957      103.31184         0.10641E+02    0.10576E+02    1
   45   51        47   49       -0.05382          152.94046      152.82596         0.21506E+02    0.18361E+02    1
   46   49        47   48       -0.42597          238.87526      238.06135         0.10629E+02    0.10274E+02    1
   46   52        48   50       -0.71323          113.11776      112.00206         0.27715E+02    0.24900E+02    1
   47   50        48   49       -0.43775          229.85045      228.86987         0.87499E+01    0.87499E+01    0
   48   51        49   50        0.51625          193.00927      194.13553         0.90733E+01    0.90733E+01    0
   49   52        50   51       -0.74812          309.05325      306.67010         0.60820E+01    0.60820E+01    0
    6    4         8    2        0.04027          956.26066      957.20673         0.21316E+01    0.21316E+01    0
   14    8        20    2       -0.29419          187.71865      186.75763         0.55151E+02    0.42082E+02    1
   16    9        23    2       -1.28069          192.79373      147.70741         0.10119E+02    0.45034E+01    1
   18   10        26    2       -1.12374          227.55935      171.58538         0.45847E+01    0.35990E+01    1
   24   13        31    2       -0.42525           61.99596       47.69051         0.47048E+01    0.47048E+01    0
   26   14        34    2       -0.71991           15.35061       12.83956         0.50563E+02    0.50563E+02    0
   28   15        37    2       -1.14160           28.29416       27.92616         0.10000E+04    0.61119E+03    1
    5    4         6    3       -0.03166          775.16892      774.53105         0.12123E+01    0.10580E+01    1
    7    5         9    3       -0.00087          778.83607      778.65785         0.20831E+00    0.20831E+00    0
    9    6        12    3       -0.05373          402.45280      401.89866         0.60496E+01    0.60496E+01    0
   11    7        15    3       -0.01824          170.72225      160.39845         0.15510E+00    0.15510E+00    0
   13    8        18    3        1.42173          130.75543      152.67639         0.24735E+02    0.71735E+01    1
   15    9        21    3       -0.02156           96.61002       96.38292         0.12575E+02    0.12575E+02    0
   17   10        24    3        0.41281           96.34919      108.62715         0.51837E+01    0.51837E+01    0
   19   11        27    3       -0.44271           90.19228       77.56504         0.60834E+01    0.60834E+01    0
   23   13        29    3        0.01406           37.90193       38.28370         0.50256E+01    0.50256E+01    0
   25   14        32    3       -0.61097           31.17705       26.62050         0.20858E+02    0.20858E+02    0
    6    5         7    4       -1.58157         2494.69246     1378.72925         0.19178E+00    0.33450E-01    1
    8    6        10    4       -0.00172          536.73087      536.70687         0.29816E+01    0.29816E+01    0
   10    7        13    4        0.01793          165.90548      173.57198         0.15243E+00    0.15243E+00    0
   12    8        16    4       -0.10028          190.30763      189.43325         0.10246E+02    0.10246E+02    0
   14    9        19    4       -0.33351          119.55546      118.63818         0.40077E+02    0.40077E+02    0
   16   10        22    4        0.08187           83.09104       85.31576         0.48663E+01    0.48663E+01    0
   20   12        28    4        0.39849           43.66163       49.30547         0.12047E+02    0.12047E+02    0
   24   14        30    4       -0.76901           31.91474       31.67362         0.88640E+03    0.42877E+03    1
   26   15        33    4        0.55586           -4.44469        0.20032         0.18465E+02    0.18465E+02    0
   28   16        36    4        1.02895           -1.51105        9.62025         0.17809E+02    0.16099E+02    1
   30   19        45    4       -1.33413           32.51043       30.00322         0.10000E+04    0.19291E+03    1
    7    6         8    5        0.15037         1150.60264     1152.42150         0.16947E+01    0.16947E+01    0
   11    8        14    5       -1.03918          203.76135      195.44490         0.27020E+02    0.82486E+01    1
   13    9        17    5        0.01944          206.48110      206.65845         0.96607E+01    0.96607E+01    0
   15   10        20    5        1.15128           75.57787      106.63593         0.58118E+01    0.40772E+01    1
   17   11        23    5       -1.56785           95.31817       58.16486         0.19029E+02    0.55314E+01    1
   19   12        26    5        0.77877           32.96624       44.23104         0.10446E+02    0.10446E+02    0
   25   15        31    5       -0.34855           33.52610       31.11142         0.19436E+02    0.19436E+02    0
   27   16        34    5       -0.53336            7.71798        3.47527         0.19246E+02    0.19246E+02    0
   29   19        43    5        0.24287           14.81796       22.21342         0.11321E+02    0.11321E+02    0
   31   20        46    5        0.19659           -6.71324       17.67604         0.29240E+01    0.29240E+01    0
    8    7         9    6       -0.14963          948.68748      924.87165         0.14358E+00    0.14358E+00    0
   12    9        15    6       -0.08935          285.34297      285.09074         0.23822E+02    0.23822E+02    0
   14   10        18    6        0.02099          162.54619      162.63163         0.47145E+02    0.21762E+02    1
   18   12        24    6       -0.13923           76.55674       76.03019         0.34338E+02    0.34338E+02    0
   20   13        27    6        0.00949            7.65917        7.87195         0.66962E+01    0.66962E+01    0
   24   15        29    6       -0.67891           31.64415       27.86464         0.20381E+02    0.20381E+02    0
   26   16        32    6        0.28261            4.81928        8.11155         0.11414E+02    0.11414E+02    0
   30   20        44    6        0.03544           11.00104       15.74082         0.25877E+01    0.25877E+01    0
   32   21        47    6        0.09866            7.49124       11.31951         0.93964E+01    0.93964E+01    0
   13   10        16    7       -0.15770          391.05723      389.98919         0.96199E+01    0.96199E+01    0
   17   12        22    7        0.08032           83.24023       83.32970         0.10157E+03    0.96373E+02    1
   19   13        25    7        0.39969           21.82228       32.96358         0.46094E+01    0.46094E+01    0
   21   14        28    7       -0.00194           36.41741       36.40539         0.23805E+02    0.23805E+02    0
   25   16        30    7       -0.46837           54.86934       54.66731         0.27953E+03    0.26044E+03    1
   27   17        33    7       -1.59934           57.24841       33.36010         0.25623E+02    0.88428E+01    1
   29   20        42    7       -0.01595           22.48925       21.09286         0.37246E+01    0.37246E+01    0
   31   21        45    7        0.05518           12.77160       14.10845         0.14191E+02    0.14191E+02    0
   33   22        48    7       -0.09162           27.66864       24.61712         0.10948E+02    0.10948E+02    0
   12   10        14    8        0.85816          393.30733      403.66735         0.86688E+01    0.36041E+01    1
   16   12        20    8       -0.87819           87.91427       85.37682         0.57000E+02    0.29267E+02    1
   20   14        26    8       -0.00617           15.53730       15.51072         0.29545E+02    0.29545E+02    0
   26   17        31    8       -0.83961           32.52537       30.33567         0.42647E+02    0.42647E+02    0
   30   21        43    8       -0.38463            7.85239        1.35209         0.19412E+02    0.19412E+02    0
   15   12        18    9        0.50137          163.98542      166.93816         0.10741E+02    0.10741E+02    0
   17   13        21    9       -0.87798           55.07707       47.34725         0.97253E+01    0.97253E+01    0
   19   14        24    9        0.04063           12.82990       12.96375         0.32591E+02    0.32591E+02    0
   21   15        27    9       -1.47507           39.54808       18.56873         0.21557E+02    0.89163E+01    1
   25   17        29    9        0.15574           54.87797       55.00659         0.11024E+03    0.11024E+03    0
   27   18        32    9       -0.72123           74.44917       26.75773         0.16731E+01    0.16731E+01    0
   29   21        41    9       -0.96244           -2.74784       -3.09073         0.10000E+04    0.86447E+03    1
   31   22        44    9        0.05560           12.12412       13.69833         0.11588E+02    0.11588E+02    0
   33   23        47    9        0.08406           13.20581       20.17074         0.41767E+01    0.41767E+01    0
   14   12        16   10       -0.19089          336.69889      335.71765         0.81994E+01    0.81994E+01    0
   16   13        19   10        0.12050          132.00381      132.95708         0.79924E+01    0.79924E+01    0
   20   15        25   10        0.16379           35.68388       36.82553         0.15240E+02    0.15240E+02    0
   22   16        28   10       -1.11281           34.63176       30.80678         0.52527E+02    0.36570E+02    1
   26   18        30   10       -0.59335           53.15548       20.17892         0.16062E+01    0.16062E+01    0
   28   19        33   10       -0.57787           22.20893       21.33225         0.72837E+02    0.72837E+02    0
   30   22        42   10       -0.29965           20.80898       14.99153         0.16087E+02    0.16087E+02    0
   34   24        48   10       -0.70800           29.84467        8.41008         0.11526E+02    0.11526E+02    0
   13   12        14   11        0.13622          735.28304      735.88787         0.46293E+01    0.46293E+01    0
   15   13        17   11        0.07142          316.64428      316.76191         0.41575E+02    0.25876E+02    1
   17   14        20   11       -1.04586          175.09911      151.35641         0.56280E+01    0.28344E+01    1
   19   15        23   11       -1.49263          124.32676       77.36202         0.18758E+02    0.27558E+01    1
   21   16        26   11        1.37790           78.01469       92.22092         0.16870E+02    0.10380E+02    1
   27   19        31   11        1.54213           89.80602      101.90761         0.11642E+03    0.11402E+02    1
   29   22        40   11        0.63516            9.73581       26.79601         0.10912E+02    0.10912E+02    0
   31   23        43   11        0.09302           16.55185       24.45636         0.36792E+01    0.36792E+01    0
   33   24        46   11       -1.09901           28.06255       21.83200         0.10353E+03    0.58141E+02    1
   14   13        15   12       -0.40756         1824.37137     1821.23798         0.44716E+01    0.28632E+01    1
   16   14        18   12       -0.66018          277.82409      270.51203         0.62209E+01    0.38670E+01    1
   20   16        24   12       -0.43971          137.36992      136.09287         0.29947E+02    0.29947E+02    0
   22   17        27   12        0.14266           91.79542       92.27032         0.36422E+02    0.31773E+02    1
   26   19        29   12        0.99915           51.10951       55.16872         0.17951E+02    0.16712E+02    1
   28   20        32   12        0.09826           49.91848       52.24909         0.37637E+01    0.37637E+01    0
   30   23        41   12        0.16674           24.01994       32.06914         0.61283E+01    0.61283E+01    0
   32   24        44   12       -0.19000           35.30074       27.69981         0.78512E+01    0.78512E+01    0
   34   25        47   12       -0.01002           12.31617       12.10129         0.15463E+02    0.15463E+02    0
   36   26        50   12       -1.09086           32.88457       11.86719         0.21331E+02    0.18188E+02    1
   15   14        16   13        0.01320          483.21952      483.30286         0.33983E+01    0.33983E+01    0
   17   15        19   13       -0.35990          455.74287      453.91890         0.84778E+01    0.84778E+01    0
   19   16        22   13       -1.01625          149.10269      148.42604         0.14740E+03    0.99574E+02    1
   21   17        25   13       -1.27857          164.91215      151.94512         0.14377E+02    0.84242E+01    1
   27   20        30   13        0.00318          146.00999      146.06606         0.38162E+01    0.38162E+01    0
   29   23        39   13       -0.08742           38.92907       36.50362         0.99946E+01    0.99946E+01    0
   31   24        42   13       -0.22372           38.48701       30.55141         0.83658E+01    0.83658E+01    0
   33   25        45   13       -1.27045           43.05504       17.99596         0.25800E+02    0.15815E+02    1
   16   15        17   14        0.13099          454.21973      454.99698         0.64772E+01    0.35919E+01    1
   20   17        23   14        0.97310          155.01325      161.32610         0.15709E+02    0.10014E+02    1
   28   21        31   14       -0.46277          102.43485      100.94026         0.20945E+02    0.20945E+02    0
   30   24        40   14       -0.19140           42.53710       34.22592         0.64495E+01    0.64495E+01    0
   32   25        43   14        0.01997           12.30265       13.07040         0.77401E+01    0.77401E+01    0
   34   26        46   14       -0.46049           33.46831       19.22373         0.10187E+02    0.10187E+02    0
   38   28        52   14        0.52090          -41.96724      -13.79494         0.64321E+01    0.64321E+01    0
   17   16        18   15        0.04369          902.06785      902.53645         0.20601E+01    0.20601E+01    0
   19   17        21   15       -2.35070          195.73099      195.04275         0.10000E+04    0.14973E+03    1
   21   18        24   15        1.07482          105.37034      150.85402         0.18465E+01    0.15353E+01    1
   23   19        27   15        1.12810           38.25791       60.97930         0.76524E+01    0.41934E+01    1
   27   21        29   15       -0.57582          220.47356      219.93601         0.72733E+02    0.48534E+02    1
   29   24        38   15       -0.28703           44.88359       29.97945         0.50603E+01    0.50603E+01    0
   31   25        41   15        0.31868            5.84666       12.95958         0.12482E+02    0.12482E+02    0
   37   28        50   15        0.31590          -21.19758       -6.29978         0.70122E+01    0.70122E+01    0
   18   17        19   16        0.12629          671.70129      672.36896         0.39715E+01    0.39715E+01    0
   22   19        25   16       -0.00132          133.44425      133.43088         0.62021E+01    0.62021E+01    0
   24   20        28   16        0.50220           32.08119       40.79743         0.48570E+01    0.48570E+01    0
   28   22        30   16       -1.26875          121.09844      119.90548         0.97329E+02    0.47560E+02    1
   30   25        39   16        0.00539           10.66869       10.87864         0.67718E+01    0.67718E+01    0
   34   27        45   16        0.56515           -5.97269        1.85009         0.21486E+02    0.21486E+02    0
   36   28        48   16       -0.03164           -6.07958       -7.85756         0.55728E+01    0.55728E+01    0
   19   18        20   17       -0.25977          851.19416      844.04583         0.81715E+00    0.81715E+00    0
   21   19        23   17        0.23643          429.40457      431.85685         0.41422E+01    0.41422E+01    0
   23   20        26   17        1.12686          188.45824      237.17517         0.18530E+01    0.14899E+01    1
   29   25        37   17        0.28254            1.99246       14.31591         0.57055E+01    0.57055E+01    0
   20   19        21   18        0.02158          982.82859      983.07632         0.18787E+01    0.18440E+01    1
   22   20        24   18       -0.03083          548.64662      547.82206         0.15979E+01    0.15979E+01    0
   21   20        22   19        0.14176          792.19214      794.33891         0.14958E+01    0.14958E+01    0
   23   21        25   19       -0.13918          342.38328      341.40002         0.60936E+01    0.60936E+01    0
   25   22        28   19       -0.13280           76.81336       75.77229         0.83399E+01    0.83399E+01    0
   33   28        42   19        0.31946            9.23647        9.32150         0.10000E+04    0.10000E+04    0
   22   21        23   20       -0.09193          803.58585      802.70469         0.22427E+01    0.22033E+01    1
   24   22        26   20       -0.14075          374.44974      373.38179         0.61897E+01    0.57404E+01    1
   30   27        37   20        1.13609          -28.63781        4.48716         0.10253E+02    0.83947E+01    1
   32   28        40   20        0.42160            9.91357       16.28835         0.16666E+02    0.16666E+02    0
   23   22        24   21       -0.13625         1266.59895     1264.62422         0.15509E+01    0.15509E+01    0
   25   23        27   21       -0.06511          314.40287      313.43774         0.29278E+01    0.29278E+01    0
   31   28        38   21        1.21323           -4.07234        6.73476         0.61574E+02    0.27201E+02    1
   24   23        25   22       -0.02879          601.47328      601.16321         0.19217E+01    0.19217E+01    0
   26   24        28   22        0.01088          355.26944      355.28896         0.23399E+02    0.23399E+02    0
   30   28        36   22        0.65675          -13.30906       -4.65232         0.18930E+02    0.18930E+02    0
   40   29        51   22       -1.13234           14.89610        4.53386         0.23392E+02    0.17000E+02    1
   25   24        26   23        0.03955         1630.93153     1631.36506         0.20347E+01    0.20347E+01    0
   29   28        34   23       -0.61163           42.61474       32.55152         0.18618E+02    0.18618E+02    0
   39   29        49   23       -0.03709           19.25808       19.01840         0.20799E+02    0.20799E+02    0
   41   30        52   23       -1.23085           32.97613       20.26258         0.23731E+02    0.14896E+02    1
   26   25        27   24        0.06110          475.29210      475.77726         0.25570E+01    0.25570E+01    0
   38   29        47   24        1.28869           10.67825       30.34899         0.12520E+02    0.73687E+01    1
   40   30        50   24       -1.03825           19.11217       16.63262         0.18048E+03    0.55417E+02    1
   27   26        28   25       -0.20243         1279.44676     1277.78824         0.26184E+01    0.26184E+01    0
   37   29        45   25        0.93212           36.44189       40.36660         0.21676E+02    0.21631E+02    1
   39   30        48   25        0.10016           36.09892       36.65086         0.20164E+02    0.20164E+02    0
   41   31        51   25       -1.13798           35.58950       31.91320         0.50055E+02    0.40914E+02    1
   36   29        43   26       -0.56757           42.87424       40.30611         0.15095E+02    0.15095E+02    0
   38   30        46   26       -0.29485           28.10677       27.30428         0.32631E+02    0.32631E+02    0
   40   31        49   26        1.11897            6.30899        8.61267         0.64504E+02    0.53621E+02    1
   37   30        44   27       -0.24321          131.67334      131.54803         0.17043E+03    0.13007E+03    1
   39   31        47   27        1.36379           82.65640       91.28067         0.30512E+02    0.14012E+02    1
   34   29        39   28        0.08092          131.49513      131.86759         0.48511E+01    0.48511E+01    0
   36   30        42   28        0.47428          114.85420      115.25627         0.76331E+02    0.52573E+02    1
   38   31        45   28       -1.03711           96.05427       93.31367         0.42124E+02    0.25333E+02    1
   40   32        48   28       -0.86938           35.07331       32.46152         0.29197E+02    0.29197E+02    0
   42   33        51   28        1.01390           22.63317       26.62186         0.30062E+02    0.27580E+02    1
   31   30        32   29       -0.66160          311.53550      307.99235         0.36531E+01    0.36531E+01    0
   33   31        35   29       -0.26121          342.79119      341.04434         0.59811E+01    0.59811E+01    0
   37   33        41   29        1.09594           41.04015       47.40627         0.18320E+02    0.14100E+02    1
   39   34        44   29       -1.07063            6.99596        1.39545         0.25362E+02    0.18907E+02    1
   43   36        50   29       -0.05666           49.28477       47.73915         0.50005E+01    0.50005E+01    0
   32   31        33   30        0.01379          545.03982      545.12344         0.34529E+01    0.34529E+01    0
   34   32        36   30       -0.20071          227.50072      226.94809         0.26206E+02    0.14808E+02    1
   36   33        39   30       -0.22485           75.05828       74.20250         0.16227E+02    0.16227E+02    0
   38   34        42   30        0.50997          -11.29776       -8.33268         0.13952E+02    0.13952E+02    0
   42   36        48   30       -0.01569           30.65488       30.31438         0.53890E+01    0.53890E+01    0
   44   37        51   30        0.09247           25.34810       28.03993         0.47137E+01    0.47137E+01    0
   33   32        34   31       -0.43674          355.80631      353.11670         0.31534E+01    0.31534E+01    0
   35   33        37   31       -1.02645          233.13362      224.48451         0.60941E+01    0.48230E+01    1
   37   34        40   31        1.29044           39.21728       47.59139         0.54272E+02    0.92863E+01    1
   39   35        43   31        0.68294          -39.30752      -24.84900         0.37655E+01    0.37655E+01    0
   41   36        46   31       -0.39875            6.82194       -0.81519         0.50892E+01    0.50892E+01    0
   43   37        49   31        0.31546           24.06007       32.06425         0.45895E+01    0.45895E+01    0
   45   38        52   31       -1.07266           43.55671       30.57302         0.13101E+02    0.11361E+02    1
   34   33        35   32        0.66762          603.01214      607.20988         0.35207E+01    0.32720E+01    1
   36   34        38   32       -0.61201          223.48974      223.12535         0.67040E+02    0.67040E+02    0
   38   35        41   32        0.34276           67.01564       72.79209         0.35712E+01    0.35712E+01    0
   40   36        44   32       -1.15779           36.20870       11.12628         0.45355E+01    0.36438E+01    1
   42   37        47   32        0.19620           52.57107       57.12097         0.41828E+01    0.41828E+01    0
   44   38        50   32       -0.03223           36.13827       35.81024         0.11564E+02    0.11564E+02    0
   37   35        39   33        0.15725          213.54618      215.57089         0.31297E+01    0.31297E+01    0
   39   36        42   33       -1.36593          157.44911      120.66468         0.44846E+01    0.22226E+01    1
   41   37        45   33        0.28205           66.67424       71.69492         0.43703E+01    0.43703E+01    0
   43   38        48   33        0.03264           72.25995       72.47456         0.14757E+02    0.14757E+02    0
   45   39        51   33        0.78310           39.39425       43.85725         0.20809E+02    0.20809E+02    0
   36   35        37   34       -1.41720          617.79244      576.28789         0.16766E+01    0.67911E+00    1
   38   36        40   34       -0.15212          240.42971      238.70640         0.35681E+01    0.35681E+01    0
   40   37        43   34        1.14845           34.08127       55.75397         0.41018E+01    0.32040E+01    1
   42   38        46   34       -0.15412           62.86025       61.77287         0.11053E+02    0.11053E+02    0
   44   39        49   34        1.11455           25.00360       30.33610         0.29173E+02    0.20771E+02    1
   46   40        52   34        1.21483           36.10470       45.34109         0.49893E+02    0.15680E+02    1
   37   36        38   35        0.20519          571.38847      574.58646         0.13117E+01    0.13117E+01    0
   43   39        47   35       -1.15094          114.79598       89.15578         0.43757E+01    0.35364E+01    1
   38   37        39   36        0.09405          354.95227      355.64899         0.27532E+01    0.27532E+01    0
   40   38        42   36        1.34068          132.14664      148.26430         0.89519E+01    0.33919E+01    1
   42   39        45   36       -0.78646          118.32636      115.82216         0.68712E+02    0.18542E+02    1
   44   40        48   36       -0.20361           93.47818       93.28056         0.81728E+02    0.81728E+02    0
   46   41        51   36        0.07801           48.29025       49.86789         0.49410E+01    0.49410E+01    0
   39   38        40   37       -0.28694          361.20951      359.64857         0.36409E+01    0.36409E+01    0
   41   39        43   37       -0.36162          154.64565      154.46254         0.81479E+02    0.81479E+02    0
   43   40        46   37        0.30961          129.97777      130.35993         0.11620E+03    0.47747E+02    1
   45   41        49   37       -0.19098           66.62487       63.17538         0.44614E+01    0.44614E+01    0
   47   42        52   37       -0.65749           15.09537       14.72597         0.17938E+03    0.17938E+03    0
   40   39        41   38       -0.33732          120.10175      119.95789         0.12046E+03    0.49079E+02    1
   42   40        44   38        0.15976          249.42073      249.54656         0.14516E+03    0.49630E+02    1
   44   41        47   38       -0.20546           88.70186       86.17093         0.48607E+01    0.48607E+01    0
   46   42        50   38       -1.12801           55.91219       52.19957         0.40673E+02    0.24632E+02    1
   41   40        42   39        0.10122          310.35492      310.81751         0.74222E+01    0.44417E+01    1
   43   41        45   39        0.84424          173.98524      185.34924         0.29002E+01    0.29002E+01    0
   45   42        48   39       -0.44432           98.62473       95.71914         0.92841E+01    0.92841E+01    0
   47   43        51   39       -1.00412           22.78753       12.49920         0.86491E+01    0.78381E+01    1
   42   41        43   40       -0.13744          226.24658      225.41811         0.33009E+01    0.33009E+01    0
   44   42        46   40       -0.49739           51.19455       49.78890         0.18065E+02    0.14369E+02    1
   46   43        49   40        1.27759            5.08947       12.79526         0.18346E+02    0.10183E+02    1
   48   44        52   40       -0.45004           53.63648       51.15225         0.14255E+02    0.14255E+02    0
   43   42        44   41       -1.99538          557.39711      381.95726         0.11690E+02    0.22895E+00    1
   45   43        47   41        0.83094          131.99346      133.82882         0.18439E+02    0.18439E+02    0
   47   44        50   41       -0.50495           95.26574       93.73552         0.19419E+02    0.19419E+02    0
   44   43        45   42       -1.05706          179.88404      171.34075         0.12318E+02    0.24755E+01    1
   46   44        48   42        0.27137          222.73747      223.39387         0.16154E+02    0.16154E+02    0
   48   45        51   42       -1.30580          128.52650      114.58618         0.11020E+02    0.54312E+01    1
   45   44        46   43       -0.62377          236.67875      233.47073         0.75712E+01    0.37584E+01    1
   47   45        49   43       -0.24893          103.40081      102.27700         0.86487E+01    0.86487E+01    0
   49   46        52   43        0.07712           89.31453       89.45966         0.30770E+02    0.30770E+02    0
   46   45        47   44        0.70845          178.60530      181.40127         0.66168E+01    0.49317E+01    1
   48   46        50   44        0.50979           80.20467       80.94631         0.31728E+02    0.26550E+02    1
   47   46        48   45        0.12063          102.99957      103.31184         0.75295E+01    0.75295E+01    0
   49   47        51   45       -0.02104          152.94046      152.82596         0.71783E+01    0.71783E+01    0
   48   47        49   46       -0.24039          238.87526      238.06135         0.57981E+01    0.57981E+01    0
   50   48        52   46       -0.42857          113.11776      112.00206         0.14962E+02    0.14962E+02    0
   49   48        50   47       -0.52475          229.85045      228.86987         0.10489E+02    0.10489E+02    0
   50   49        51   48        0.48470          193.00927      194.13553         0.85189E+01    0.85189E+01    0
   51   50        52   49       -0.57967          309.05325      306.67010         0.47125E+01    0.47125E+01    0
