    P+   P-        C+   C-  Normalised_Error  Observed_Rho_a  Calculated_Rho_a  Original_Weight  Final_Weight    C
    2    8         4    6       -0.42169          963.81033      959.33657         0.47201E+01    0.47201E+01    0
    2   20         8   14        0.42339          216.95422      219.54459         0.22469E+02    0.22469E+02    0
    2   23         9   16       -1.52987          198.86570      182.65535         0.36319E+02    0.14963E+02    1
    2   26        10   18        0.07200          198.13186      200.92959         0.46135E+01    0.46135E+01    0
    2   31        13   24       -0.75459           62.95271       56.52912         0.18592E+02    0.18592E+02    0
    2   34        14   26        0.69852           20.54217       24.61882         0.30219E+02    0.30219E+02    0
    2   37        15   28        1.16039           29.08375       41.42674         0.21598E+02    0.18522E+02    1
    3    6         4    5       -0.25367          884.65337      882.04841         0.20756E+01    0.20756E+01    0
    3    9         5    7       -0.18267          739.13565      737.82043         0.58975E+01    0.58975E+01    0
    3   12         6    9       -0.36542          446.26556      443.64354         0.86953E+01    0.86953E+01    0
    3   15         7   11       -1.27324          240.44843      214.03717         0.58940E+01    0.42318E+01    1
    3   18         8   13        1.07234          163.22893      174.04000         0.14399E+02    0.10971E+02    1
    3   21         9   15       -0.42882          105.84077      102.83045         0.18868E+02    0.18868E+02    0
    3   24        10   17        0.20268          106.35043      119.20464         0.24310E+01    0.24310E+01    0
    3   27        11   19       -0.82022           95.06662       84.29467         0.13212E+02    0.13212E+02    0
    3   29        13   23       -0.46704           39.30568       34.94986         0.14631E+02    0.14631E+02    0
    3   32        14   25       -0.94545           33.52131       32.45553         0.13799E+03    0.13799E+03    0
    4    7         5    6       -0.13165         1359.71123     1358.24019         0.21785E+01    0.21122E+01    1
    4   10         6    8       -0.20389          558.04391      556.54011         0.56437E+01    0.56437E+01    0
    4   13         7   10        0.00120          183.71596      183.72456         0.94638E+01    0.91173E+01    1
    4   16         8   12       -1.30833          222.58549      210.71514         0.12270E+02    0.98463E+01    1
    4   19         9   14       -0.44489          131.07051      128.54843         0.19444E+02    0.19444E+02    0
    4   22        10   16       -0.80528           92.51208       89.08734         0.31095E+02    0.31095E+02    0
    4   28        12   20       -0.28157           45.72951       43.20720         0.19047E+02    0.19047E+02    0
    4   30        14   24       -1.19885           33.29834       23.92084         0.19624E+02    0.17187E+02    1
    4   33        15   26        1.06869           -0.89912        6.98683         0.21284E+02    0.20911E+02    1
    4   36        16   28        0.49337            0.11920        7.25982         0.12033E+02    0.12033E+02    0
    4   45        19   30       -1.21122           35.96052       19.26806         0.30346E+02    0.26306E+02    1
    5    8         6    7       -0.12674         1182.39080     1180.90391         0.26476E+01    0.17472E+01    1
    5   14         8   11       -1.17774          258.07550      232.60338         0.53909E+01    0.30522E+01    1
    5   17         9   13       -1.07035          238.99176      227.81163         0.13726E+02    0.84376E+01    1
    5   20        10   15        0.41398           98.41624      101.14657         0.19506E+02    0.16677E+02    1
    5   23        11   17       -1.04918          117.05870       60.99259         0.24529E+01    0.24529E+01    0
    5   26        12   19        0.37762           41.71230       45.80118         0.13954E+02    0.13954E+02    0
    5   31        15   25        0.74036           38.18359       39.86246         0.67715E+02    0.59377E+02    1
    5   34        16   27       -0.46535           13.41675        8.45906         0.14370E+02    0.14370E+02    0
    5   43        19   29        0.04070           15.51323       16.31969         0.17398E+02    0.17398E+02    0
    5   46        20   31        1.29114           -2.00403        8.97226         0.54834E+02    0.42672E+02    1
    6    9         7    8        0.19903          951.05528      952.89694         0.26145E+01    0.24697E+01    1
    6   15         9   12        0.38537          307.50364      310.59123         0.10052E+02    0.83932E+01    1
    6   18        10   14       -0.46332          180.45932      178.04229         0.16979E+02    0.16979E+02    0
    6   24        12   18       -0.14085           77.77699       73.75145         0.45435E+01    0.45435E+01    0
    6   27        13   20       -0.56794            9.95991        4.69575         0.16196E+02    0.16196E+02    0
    6   29        15   24       -0.86466           34.71619       28.60516         0.16054E+02    0.16054E+02    0
    6   32        16   26        0.27221           10.20352       13.12020         0.12410E+02    0.12410E+02    0
    6   44        20   30       -0.05076           11.78522       11.36612         0.41911E+02    0.41911E+02    0
    6   47        21   32        0.41913            7.27801       10.48090         0.47714E+02    0.47714E+02    0
    7   16        10   13       -0.93948          429.38572      420.12829         0.10661E+02    0.66119E+01    1
    7   22        12   17       -0.14960           99.92936       93.35289         0.24420E+01    0.24420E+01    0
    7   25        13   19        1.00598           30.51053       41.30935         0.11969E+02    0.11969E+02    0
    7   28        14   21        0.04350           42.07117       42.75525         0.93728E+01    0.93728E+01    0
    7   30        16   25       -0.12356           60.99682       60.28597         0.19526E+02    0.19526E+02    0
    7   33        17   27       -1.58369           57.69941       47.82285         0.32442E+02    0.21179E+02    1
    7   42        20   29       -0.04657           26.63520       25.87117         0.19874E+02    0.19874E+02    0
    7   45        21   31        0.42212           14.87619       17.51970         0.54897E+02    0.54897E+02    0
    7   48        22   33       -0.24219           29.72038       28.42336         0.68092E+02    0.68092E+02    0
    8   14        10   12       -0.06160          445.30932      444.76671         0.59641E+01    0.49393E+01    1
    8   20        12   16       -0.50170          101.36075       99.42179         0.21881E+02    0.21881E+02    0
    8   26        14   20        0.04838           23.54527       23.96715         0.14607E+02    0.14607E+02    0
    8   31        17   26        0.56859           35.81050       39.20546         0.18628E+02    0.18628E+02    0
    8   43        21   30       -0.15942            9.37385        7.59049         0.29325E+02    0.29325E+02    0
    9   18        12   15       -0.10085          180.00600      179.57131         0.14677E+02    0.14677E+02    0
    9   21        13   17       -0.28537           91.56898       80.99041         0.23098E+01    0.23098E+01    0
    9   24        14   19        0.01907           37.38036       37.55854         0.11492E+02    0.11492E+02    0
    9   27        15   21       -1.17075           75.38107       54.73799         0.80196E+01    0.71920E+01    1
    9   29        17   25        0.92944           59.60696       61.13083         0.55532E+02    0.55532E+02    0
    9   32        18   27       -2.18724          110.92183       52.10775         0.18565E+02    0.41143E+01    1
    9   41        21   29        0.75007           -0.20087       11.96357         0.18991E+02    0.18991E+02    0
    9   44        22   31        0.76435           13.44075       18.47055         0.49856E+02    0.49856E+02    0
    9   47        23   33        1.31615           15.61491       28.98839         0.48266E+02    0.34057E+02    1
   10   16        12   14       -1.26423          354.62901      348.42312         0.10339E+02    0.85860E+01    1
   10   19        13   16        0.05024          146.16116      146.36424         0.15643E+02    0.15643E+02    0
   10   25        15   20        1.29067           51.33047       65.39885         0.12840E+02    0.97449E+01    1
   10   28        16   22       -0.76557           52.16369       44.66938         0.12841E+02    0.12841E+02    0
   10   30        18   26       -2.10743           76.78843       32.55665         0.14857E+02    0.42532E+01    1
   10   33        19   28        0.88769           25.66400       31.26805         0.17503E+02    0.17503E+02    0
   10   42        22   30       -0.48559           22.77981       18.96778         0.39785E+02    0.39785E+02    0
   10   48        24   34       -1.09582           33.17605       18.26800         0.26770E+02    0.25649E+02    1
   11   14        12   13        0.20352          737.81136      738.87613         0.39288E+01    0.39288E+01    0
   11   17        13   15       -0.03549          340.22917      339.99051         0.88491E+01    0.63369E+01    1
   11   20        14   17       -0.90895          206.24621      177.84780         0.22458E+01    0.20595E+01    1
   11   23        15   19       -1.59551          173.99091      130.28217         0.92535E+01    0.31652E+01    1
   11   26        16   21        1.14560           98.15561      119.65847         0.62210E+01    0.57015E+01    1
   11   31        19   27        1.68687           98.84953      124.32885         0.20374E+02    0.59240E+01    1
   11   40        22   29        1.26833           12.16161       34.05871         0.20508E+02    0.16977E+02    1
   11   43        23   31        1.25462           18.00490       27.52288         0.49247E+02    0.41213E+02    1
   11   46        24   33        0.16082           33.77460       34.42429         0.81589E+02    0.81589E+02    0
   12   15        13   14       -0.83461         1884.33232     1863.98288         0.27914E+01    0.90283E+00    1
   12   18        14   16        0.24590          302.04410      303.26824         0.86036E+01    0.86036E+01    0
   12   24        16   20       -0.24828          167.81042      165.00155         0.76879E+01    0.76879E+01    0
   12   27        17   22       -0.17720          103.75894      102.87108         0.21109E+02    0.21109E+02    0
   12   29        19   26        0.63254           56.62609       59.71539         0.13902E+02    0.13902E+02    0
   12   32        20   28        0.35510           58.06915       59.96380         0.16731E+02    0.16731E+02    0
   12   41        23   30        0.71317           26.01103       32.76771         0.31226E+02    0.31226E+02    0
   12   44        24   32       -0.28041           36.76672       34.63797         0.41373E+02    0.41373E+02    0
   12   47        25   34        0.52986           12.68413       20.83789         0.21541E+02    0.21541E+02    0
   12   50        26   36       -0.94630           28.47069       20.55362         0.41886E+02    0.41886E+02    0
   13   16        14   15        0.29535          509.94545      511.37755         0.44236E+01    0.44236E+01    0
   13   19        15   17       -0.22795          454.34468      449.31774         0.19483E+01    0.19483E+01    0
   13   22        16   19        0.29329          183.74879      186.90015         0.61703E+01    0.61703E+01    0
   13   25        17   21       -1.43624          181.07442      151.93621         0.76398E+01    0.42112E+01    1
   13   30        20   27        0.98308          161.22319      165.82715         0.17903E+02    0.14360E+02    1
   13   39        23   29       -0.10843           41.31171       39.64626         0.18053E+02    0.18053E+02    0
   13   42        24   31       -1.12083           39.73241       33.24511         0.54732E+02    0.51270E+02    1
   13   45        25   33       -1.37950           40.75267       27.31528         0.47163E+02    0.32025E+02    1
   14   17        15   16       -0.22229          488.65477      486.76873         0.38632E+01    0.25120E+01    1
   14   23        17   20       -0.34598          182.17835      179.99915         0.10314E+02    0.10314E+02    0
   14   31        21   28       -0.78293          116.92160      113.09509         0.13840E+02    0.13840E+02    0
   14   40        24   30       -1.13031           44.44558       35.24000         0.37020E+02    0.34388E+02    1
   14   43        25   32        0.49494           12.90967       17.33994         0.33249E+02    0.33249E+02    0
   14   46        26   34       -0.39472           34.03754       28.34255         0.21840E+02    0.21840E+02    0
   14   52        28   38        1.36028          -39.57006      -19.58460         0.38115E+02    0.23678E+02    1
   15   18        16   17        0.02936         1009.86415     1010.36774         0.12884E+01    0.12884E+01    0
   15   21        17   19       -0.29142          224.74882      222.38719         0.54092E+01    0.54092E+01    0
   15   24        18   21        0.66364          142.12916      150.71100         0.52107E+01    0.50240E+01    1
   15   27        19   23       -0.17504           45.30703       43.62717         0.88007E+01    0.88007E+01    0
   15   29        21   27       -0.92754          243.32161      238.35594         0.90733E+01    0.84634E+01    1
   15   38        24   29       -0.81238           47.87138       30.62901         0.12380E+02    0.12380E+02    0
   15   41        25   31        0.22964            7.01339       10.49622         0.18370E+02    0.18370E+02    0
   15   50        28   37        0.44349          -19.13163       -8.32959         0.13577E+02    0.13577E+02    0
   16   19        17   18        0.06347          766.06967      766.69287         0.21385E+01    0.21385E+01    0
   16   25        19   22       -0.41482          149.61491      147.73524         0.13861E+02    0.13861E+02    0
   16   28        20   24       -0.17817           37.60774       36.58673         0.14711E+02    0.14711E+02    0
   16   30        22   28       -0.26681          142.37398      141.23545         0.10480E+02    0.10480E+02    0
   16   39        25   30        0.22549           11.35544       13.15594         0.33040E+02    0.33040E+02    0
   16   45        27   34        0.82417          -12.86825       -1.69292         0.21934E+02    0.21934E+02    0
   16   48        28   36       -0.47222           -4.88551       -8.25883         0.43840E+02    0.43840E+02    0
   17   20        18   19       -0.19775          987.87836      985.95758         0.23150E+01    0.23150E+01    0
   17   23        19   21        0.28945          425.44883      428.19154         0.45341E+01    0.45341E+01    0
   17   26        20   23        1.65166          184.30795      220.03474         0.86343E+01    0.29779E+01    1
   17   37        25   29        0.29428            6.47366       11.85816         0.13601E+02    0.13601E+02    0
   18   21        19   20       -0.23794         1071.08661     1068.00486         0.24727E+01    0.16346E+01    1
   18   24        20   22       -0.57569          600.19970      596.79993         0.72377E+01    0.72377E+01    0
   19   22        20   21        0.03119          838.42189      838.74760         0.25745E+01    0.21688E+01    1
   19   25        21   23       -0.58220          362.98246      358.86668         0.60894E+01    0.60894E+01    0
   19   28        22   25       -0.63936           92.52303       90.97990         0.27088E+02    0.27088E+02    0
   19   42        28   33        0.06653           10.94390       11.26380         0.55353E+02    0.55353E+02    0
   20   23        21   22       -0.36821          869.97747      866.60276         0.28366E+01    0.23043E+01    1
   20   26        22   24       -0.68348          409.00256      404.92561         0.73019E+01    0.73019E+01    0
   20   37        27   30        1.19713          -26.76489      -17.76934         0.37140E+02    0.32574E+02    1
   20   40        28   32        0.14697           11.54405       12.39105         0.43725E+02    0.43725E+02    0
   21   24        22   23       -0.68680         1311.06541     1303.23571         0.20490E+01    0.19717E+01    1
   21   27        23   25       -0.42183          349.48491      347.80877         0.10922E+02    0.10922E+02    0
   21   38        28   31        0.06755           -1.55422       -1.17753         0.43447E+02    0.43447E+02    0
   22   25        23   24       -0.10186          648.81785      648.06111         0.30626E+01    0.27858E+01    1
   22   28        24   26       -0.06591          383.89903      383.54335         0.77827E+01    0.77827E+01    0
   22   36        28   30        0.16222           -8.94393       -7.81081         0.35722E+02    0.35722E+02    0
   22   51        29   40       -1.27106           15.88931        3.75773         0.23287E+02    0.16300E+02    1
   23   26        24   25       -0.18007         1681.57308     1678.27896         0.22234E+01    0.12191E+01    1
   23   34        28   29       -1.07071           45.96630       28.99806         0.19711E+02    0.19329E+02    1
   23   49        29   39       -0.35050           20.32763       15.45847         0.96751E+01    0.96751E+01    0
   23   52        30   41       -1.36085           34.07415       21.27250         0.27046E+02    0.16356E+02    1
   24   27        25   26       -0.29897          484.11041      482.11989         0.30494E+01    0.30494E+01    0
   24   47        29   38        1.43808           12.75202       21.99813         0.30445E+02    0.17494E+02    1
   24   50        30   40       -0.91414           21.03228       15.84620         0.23339E+02    0.23328E+02    1
   25   28        26   27       -0.65137         1346.36112     1338.19760         0.29436E+01    0.17117E+01    1
   25   45        29   37        0.08431           40.46491       40.87572         0.18692E+02    0.18692E+02    0
   25   48        30   39       -0.11895           40.04243       38.67198         0.96439E+01    0.96439E+01    0
   25   51        31   41        0.08521           38.67636       39.13352         0.24636E+02    0.24636E+02    0
   26   43        29   36       -1.20399           46.18828       42.16536         0.23441E+02    0.20442E+02    1
   26   46        30   38       -0.05741           33.33990       33.16391         0.28971E+02    0.28971E+02    0
   26   49        31   40        1.26874            9.98124       17.88392         0.21416E+02    0.17723E+02    1
   27   44        30   37        1.08301          146.97733      151.99847         0.14910E+02    0.14454E+02    1
   27   47        31   39        1.23662           90.64038      105.49699         0.86869E+01    0.73755E+01    1
   28   39        29   34        0.26995          157.79406      158.87921         0.55546E+01    0.55546E+01    0
   28   42        30   36        1.07234          135.92104      139.31136         0.14398E+02    0.14097E+02    1
   28   45        31   38       -1.21278          109.31300      103.61884         0.20801E+02    0.14258E+02    1
   28   48        32   40       -1.11799           43.64236       37.54942         0.20184E+02    0.16095E+02    1
   28   51        33   42        0.17620           27.19457       27.96356         0.24861E+02    0.24861E+02    0
   29   32        30   31       -1.20836          345.72694      337.49390         0.37781E+01    0.28714E+01    1
   29   35        31   33       -0.70096          368.64499      365.57406         0.91301E+01    0.91301E+01    0
   29   41        33   37        0.56785           49.32318       52.40908         0.15753E+02    0.15072E+02    1
   29   44        34   39       -0.90900           12.29169        1.98443         0.88023E+01    0.87225E+01    1
   29   50        36   43       -0.96710           53.54563       47.12279         0.20538E+02    0.20538E+02    0
   30   33        31   32       -0.66495          568.29486      564.44896         0.39175E+01    0.36190E+01    1
   30   36        32   34       -0.88412          253.72639      248.94331         0.75365E+01    0.75365E+01    0
   30   39        33   36       -1.30098           86.33139       80.89173         0.19721E+02    0.14771E+02    1
   30   42        34   38       -0.57383           -2.01480       -4.13034         0.23782E+02    0.22004E+02    1
   30   48        36   42       -1.24019           35.12612       28.03978         0.29415E+02    0.20469E+02    1
   30   51        37   44       -1.04473           28.39525       22.02385         0.22500E+02    0.22500E+02    0
   31   34        32   33       -1.30854          388.22203      379.73408         0.38025E+01    0.29938E+01    1
   31   37        33   35       -1.06866          256.98616      246.12510         0.40700E+01    0.39987E+01    1
   31   40        34   37        1.16955           52.80276       61.18897         0.13103E+02    0.84042E+01    1
   31   43        35   39        0.11520          -27.50741      -26.37746         0.81273E+01    0.81273E+01    0
   31   46        36   41       -1.08320           18.71421       12.21001         0.18937E+02    0.16233E+02    1
   31   49        37   43        0.14760           28.50019       29.53930         0.16541E+02    0.16541E+02    0
   31   52        38   45       -1.05339           40.11719       28.81603         0.12860E+02    0.12818E+02    1
   32   35        33   34       -0.47181          600.48011      597.03319         0.33861E+01    0.28160E+01    1
   32   38        34   36       -1.23838          235.19257      230.32308         0.11973E+02    0.10151E+02    1
   32   41        35   38       -0.90477           85.59639       81.91543         0.16547E+02    0.14793E+02    1
   32   44        36   40       -1.37958           44.29211       27.53827         0.16613E+02    0.65003E+01    1
   32   47        37   42       -0.62304           56.34242       53.57414         0.21831E+02    0.21831E+02    0
   32   50        38   44       -0.13684           40.49171       39.85867         0.25441E+02    0.25441E+02    0
   33   39        35   37       -0.89435          230.83441      226.59529         0.85017E+01    0.85017E+01    0
   33   42        36   39       -1.40234          170.73153      150.53303         0.72283E+01    0.41555E+01    1
   33   45        37   41       -0.19354           74.57901       73.59949         0.15371E+02    0.15371E+02    0
   33   48        38   43        0.75070           77.05251       81.03279         0.18298E+02    0.18298E+02    0
   33   51        39   45        0.86206           41.61836       50.09587         0.12060E+02    0.12060E+02    0
   34   37        35   36       -1.48412          608.56672      593.62882         0.38691E+01    0.19760E+01    1
   34   40        36   38       -1.16782          256.13808      251.22522         0.10843E+02    0.96085E+01    1
   34   43        37   40       -0.20200           43.86950       43.02020         0.14381E+02    0.14381E+02    0
   34   46        38   42       -1.29259           77.55407       68.11772         0.28754E+02    0.10682E+02    1
   34   49        39   44        1.25451           30.57165       38.76924         0.25575E+02    0.15208E+02    1
   34   52        40   46        0.57206           34.03322       37.68068         0.24963E+02    0.18697E+02    1
   35   38        36   37       -0.22658          598.52017      597.10385         0.32707E+01    0.32707E+01    0
   35   47        39   43       -1.48939          117.83828      100.76355         0.14218E+02    0.68720E+01    1
   36   39        37   38       -1.09014          363.19449      358.38790         0.62281E+01    0.46257E+01    1
   36   42        38   40        0.74069          138.43888      141.04984         0.13786E+02    0.11568E+02    1
   36   45        39   42       -1.40349          127.14983      112.65099         0.23331E+02    0.57150E+01    1
   36   48        40   44       -0.89472           99.62705       96.56817         0.23202E+02    0.23202E+02    0
   36   51        41   46       -0.00289           46.11664       46.10471         0.24177E+02    0.24177E+02    0
   37   40        38   39       -0.37291          368.56409      366.82590         0.42491E+01    0.42491E+01    0
   37   43        39   41       -0.49836          163.00331      161.60149         0.14668E+02    0.14668E+02    0
   37   46        40   43       -1.26383          146.43226      140.84176         0.16638E+02    0.13324E+02    1
   37   49        41   45       -0.58412           69.85581       66.02599         0.12290E+02    0.12290E+02    0
   37   52        42   47        0.06097           25.14396       25.37228         0.26913E+02    0.26913E+02    0
   38   41        39   40       -1.03993          126.46717      123.45971         0.10009E+02    0.72376E+01    1
   38   44        40   42       -1.16270          257.75078      254.57201         0.17285E+02    0.14298E+02    1
   38   47        41   44       -0.81048           94.63942       92.38144         0.21492E+02    0.21492E+02    0
   38   50        42   46       -0.77235           51.98397       49.10726         0.21766E+02    0.21766E+02    0
   39   42        40   41        1.48165          317.27938      340.34722         0.10336E+02    0.13038E+01    1
   39   45        41   43        0.00542          182.21552      182.23518         0.14205E+02    0.10754E+02    1
   39   48        42   45       -0.86573           99.96266       95.31611         0.11312E+02    0.11312E+02    0
   39   51        43   47       -1.17928           33.98777       22.87827         0.23902E+02    0.85250E+01    1
   40   43        41   42       -0.87586          234.17094      231.71929         0.11791E+02    0.71086E+01    1
   40   46        42   44        0.20193           67.31341       68.34965         0.18504E+02    0.79129E+01    1
   40   49        43   46       -1.05285           -3.65719       -7.79016         0.19477E+02    0.15646E+02    1
   40   52        44   48       -0.27800           60.43599       59.02815         0.18571E+02    0.15538E+02    1
   41   44        42   43       -1.63286          567.53141      550.02419         0.86429E+01    0.18775E+01    1
   41   47        43   45       -0.22384          129.48670      128.58758         0.10139E+02    0.10139E+02    0
   41   50        44   47        0.28663          107.54467      108.35730         0.20757E+02    0.20757E+02    0
   42   45        43   44       -1.16280          185.79401      182.79851         0.12307E+02    0.77663E+01    1
   42   48        44   46        0.54366          204.80458      206.28573         0.14343E+02    0.14343E+02    0
   42   51        45   48       -1.30089          140.13742      130.03431         0.15573E+02    0.74658E+01    1
   43   46        44   45        1.33107          258.75881      275.77755         0.70159E+01    0.15118E+01    1
   43   49        45   47        0.29144          120.31236      121.27585         0.16540E+02    0.11811E+02    1
   43   52        46   49        0.09912          112.02345      112.34060         0.18096E+02    0.18096E+02    0
   44   47        45   46       -0.51440          144.18233      142.74427         0.10434E+02    0.69622E+01    1
   44   50        46   48        0.02311          107.00202      107.06538         0.14085E+02    0.14085E+02    0
   45   48        46   47        1.07597          155.70367      157.71195         0.10702E+02    0.10443E+02    1
   45   51        47   49       -0.49410          152.92051      151.51607         0.14780E+02    0.13742E+02    1
   46   49        47   48       -1.17682          214.95334      211.83792         0.84158E+01    0.74154E+01    1
   46   52        48   50       -0.76182          105.06103      102.87743         0.13589E+02    0.13589E+02    0
   47   50        48   49        0.48747          247.32970      248.55435         0.89204E+01    0.78018E+01    1
   48   51        49   50       -1.13075          206.78877      203.64323         0.76634E+01    0.71157E+01    1
   49   52        50   51       -0.26524          323.97460      323.04515         0.55290E+01    0.55290E+01    0
    6    4         8    2       -0.35769          963.81033      959.33657         0.40036E+01    0.40036E+01    0
   14    8        20    2        0.22920          216.95422      219.54459         0.12163E+02    0.12163E+02    0
   16    9        23    2       -1.22450          198.86570      182.65535         0.13967E+02    0.11976E+02    1
   18   10        26    2        0.22888          198.13186      200.92959         0.14666E+02    0.14666E+02    0
   24   13        31    2       -0.70652           62.95271       56.52912         0.17408E+02    0.17408E+02    0
   26   14        34    2        0.37734           20.54217       24.61882         0.16325E+02    0.16325E+02    0
   28   15        37    2        1.01959           29.08375       41.42674         0.16275E+02    0.16275E+02    0
    5    4         6    3       -0.24481          884.65337      882.04841         0.20031E+01    0.20031E+01    0
    7    5         9    3       -0.14216          739.13565      737.82043         0.45896E+01    0.45896E+01    0
    9    6        12    3       -0.29449          446.26556      443.64354         0.70075E+01    0.70075E+01    0
   11    7        15    3       -1.34797          240.44843      214.03717         0.82002E+01    0.44801E+01    1
   13    8        18    3        0.87738          163.22893      174.04000         0.92406E+01    0.89762E+01    1
   15    9        21    3       -0.21594          105.84077      102.83045         0.95016E+01    0.95016E+01    0
   17   10        24    3        1.00439          106.35043      119.20464         0.12047E+02    0.12047E+02    0
   19   11        27    3       -0.99120           95.06662       84.29467         0.15966E+02    0.15966E+02    0
   23   13        29    3       -0.55803           39.30568       34.94986         0.17482E+02    0.17482E+02    0
   25   14        32    3       -0.12802           33.52131       32.45553         0.18685E+02    0.18685E+02    0
    6    5         7    4       -0.13284         1359.71123     1358.24019         0.22181E+01    0.21313E+01    1
    8    6        10    4       -0.19918          558.04391      556.54011         0.55135E+01    0.55135E+01    0
   10    7        13    4        0.00123          183.71596      183.72456         0.98335E+01    0.92937E+01    1
   12    8        16    4       -1.09747          222.58549      210.71514         0.86335E+01    0.82595E+01    1
   14    9        19    4       -0.43242          131.07051      128.54843         0.18899E+02    0.18899E+02    0
   16   10        22    4       -0.84292           92.51208       89.08734         0.32549E+02    0.32549E+02    0
   20   12        28    4       -1.05455           45.72951       43.20720         0.71646E+02    0.71333E+02    1
   24   14        30    4       -1.70841           33.29834       23.92084         0.67353E+02    0.24492E+02    1
   26   15        33    4        1.32208           -0.89912        6.98683         0.45318E+02    0.25869E+02    1
   28   16        36    4        1.29780            0.11920        7.25982         0.81471E+02    0.31654E+02    1
   30   19        45    4       -1.74852           35.96052       19.26806         0.12358E+03    0.37975E+02    1
    7    6         8    5       -0.12174         1182.39080     1180.90391         0.24429E+01    0.16783E+01    1
   11    8        14    5       -1.26074          258.07550      232.60338         0.92953E+01    0.32673E+01    1
   13    9        17    5       -1.06103          238.99176      227.81163         0.12798E+02    0.83641E+01    1
   15   10        20    5        0.27992           98.41624      101.14657         0.11277E+02    0.11277E+02    0
   17   11        23    5       -1.92397          117.05870       60.99259         0.14904E+02    0.44980E+01    1
   19   12        26    5        0.71964           41.71230       45.80118         0.27368E+02    0.26593E+02    1
   25   15        31    5        0.38066           38.18359       39.86246         0.30530E+02    0.30530E+02    0
   27   16        34    5       -0.82491           13.41675        8.45906         0.25473E+02    0.25473E+02    0
   29   19        43    5        0.09100           15.51323       16.31969         0.38897E+02    0.38897E+02    0
   31   20        46    5        1.05679           -2.00403        8.97226         0.35154E+02    0.34926E+02    1
    8    7         9    6        0.19509          951.05528      952.89694         0.25119E+01    0.24207E+01    1
   12    9        15    6        0.36041          307.50364      310.59123         0.87918E+01    0.78494E+01    1
   14   10        18    6       -0.33111          180.45932      178.04229         0.12134E+02    0.12134E+02    0
   18   12        24    6       -0.95479           77.77699       73.75145         0.30800E+02    0.30800E+02    0
   20   13        27    6       -1.15819            9.95991        4.69575         0.36435E+02    0.33029E+02    1
   24   15        29    6       -1.36070           34.71619       28.60516         0.32742E+02    0.25264E+02    1
   26   16        32    6        0.88459           10.20352       13.12020         0.41075E+02    0.40328E+02    1
   30   20        44    6       -0.08290           11.78522       11.36612         0.68451E+02    0.68451E+02    0
   32   21        47    6        0.48099            7.27801       10.48090         0.54756E+02    0.54756E+02    0
   13   10        16    7       -0.88975          429.38572      420.12829         0.85766E+01    0.62620E+01    1
   17   12        22    7       -1.31006           99.92936       93.35289         0.26683E+02    0.21385E+02    1
   19   13        25    7        1.49192           30.51053       41.30935         0.69167E+02    0.17751E+02    1
   21   14        28    7        0.25349           42.07117       42.75525         0.82507E+02    0.54616E+02    1
   25   16        30    7       -0.84466           60.99682       60.28597         0.13349E+03    0.13349E+03    0
   27   17        33    7       -1.84685           57.69941       47.82285         0.60000E+02    0.24698E+02    1
   29   20        42    7       -1.37600           26.63520       25.87117         0.76953E+03    0.58717E+03    1
   31   21        45    7        1.34940           14.87619       17.51970         0.22554E+03    0.17549E+03    1
   33   22        48    7       -0.98511           29.72038       28.42336         0.27697E+03    0.27697E+03    0
   12   10        14    8       -0.06308          445.30932      444.76671         0.62550E+01    0.50583E+01    1
   16   12        20    8       -0.56266          101.36075       99.42179         0.24539E+02    0.24539E+02    0
   20   14        26    8        0.13796           23.54527       23.96715         0.41652E+02    0.41652E+02    0
   26   17        31    8        1.03402           35.81050       39.20546         0.44568E+02    0.33876E+02    1
   30   21        43    8       -0.51692            9.37385        7.59049         0.95090E+02    0.95090E+02    0
   15   12        18    9       -0.06195          180.00600      179.57131         0.90150E+01    0.90150E+01    0
   17   13        21    9       -1.33243           91.56898       80.99041         0.14148E+02    0.10785E+02    1
   19   14        24    9        0.04455           37.38036       37.55854         0.26843E+02    0.26843E+02    0
   21   15        27    9       -1.66956           75.38107       54.73799         0.25317E+02    0.10256E+02    1
   25   17        29    9        0.47511           59.60696       61.13083         0.28387E+02    0.28387E+02    0
   27   18        32    9       -2.34031          110.92183       52.10775         0.31895E+02    0.44023E+01    1
   29   21        41    9        1.32899           -0.20087       11.96357         0.54869E+02    0.33648E+02    1
   31   22        44    9        0.71313           13.44075       18.47055         0.46515E+02    0.46515E+02    0
   33   23        47    9        1.27291           15.61491       28.98839         0.42229E+02    0.32938E+02    1
   14   12        16   10       -1.03852          354.62901      348.42312         0.70531E+01    0.70531E+01    0
   16   13        19   10        0.04499          146.16116      146.36424         0.14009E+02    0.14009E+02    0
   20   15        25   10        1.53912           51.33047       65.39885         0.25966E+02    0.11621E+02    1
   22   16        28   10       -1.40638           52.16369       44.66938         0.31597E+02    0.23589E+02    1
   26   18        30   10       -2.33180           76.78843       32.55665         0.32012E+02    0.47060E+01    1
   28   19        33   10        1.15732           25.66400       31.26805         0.31152E+02    0.22820E+02    1
   30   22        42   10       -0.80098           22.77981       18.96778         0.65625E+02    0.65625E+02    0
   34   24        48   10       -1.71547           33.17605       18.26800         0.75416E+02    0.40153E+02    1
   13   12        14   11        0.15489          737.81136      738.87613         0.29902E+01    0.29902E+01    0
   15   13        17   11       -0.02583          340.22917      339.99051         0.46865E+01    0.46116E+01    1
   17   14        20   11       -1.14113          206.24621      177.84780         0.57535E+01    0.25856E+01    1
   19   15        23   11       -1.54925          173.99091      130.28217         0.73125E+01    0.30734E+01    1
   21   16        26   11        1.30903           98.15561      119.65847         0.81224E+01    0.65148E+01    1
   27   19        31   11        1.42512           98.84953      124.32885         0.85649E+01    0.50047E+01    1
   29   22        40   11        0.75030           12.16161       34.05871         0.10043E+02    0.10043E+02    0
   31   23        43   11        0.29824           18.00490       27.52288         0.97969E+01    0.97969E+01    0
   33   24        46   11        0.01920           33.77460       34.42429         0.97399E+01    0.97399E+01    0
   14   13        15   12       -0.83542         1884.33232     1863.98288         0.28022E+01    0.90370E+00    1
   16   14        18   12        0.21343          302.04410      303.26824         0.74675E+01    0.74675E+01    0
   20   16        24   12       -0.68705          167.81042      165.00155         0.21274E+02    0.21274E+02    0
   22   17        27   12       -0.20695          103.75894      102.87108         0.25845E+02    0.24653E+02    1
   26   19        29   12        1.07610           56.62609       59.71539         0.24239E+02    0.23650E+02    1
   28   20        32   12        0.75189           58.06915       59.96380         0.35426E+02    0.35426E+02    0
   30   23        41   12        1.27073           26.01103       32.76771         0.75611E+02    0.55639E+02    1
   32   24        44   12       -0.43286           36.76672       34.63797         0.63865E+02    0.63865E+02    0
   34   25        47   12        1.33559           12.68413       20.83789         0.84470E+02    0.54299E+02    1
   36   26        50   12       -1.27637           28.47069       20.55362         0.79993E+02    0.56496E+02    1
   15   14        16   13        0.22577          509.94545      511.37755         0.33815E+01    0.33815E+01    0
   17   15        19   13       -0.72858          454.34468      449.31774         0.62272E+01    0.62272E+01    0
   19   16        22   13        0.63302          183.74879      186.90015         0.13318E+02    0.13318E+02    0
   21   17        25   13       -1.62729          181.07442      151.93621         0.17800E+02    0.47714E+01    1
   27   20        30   13        1.00963          161.22319      165.82715         0.19917E+02    0.14748E+02    1
   29   23        39   13       -0.25059           41.31171       39.64626         0.41723E+02    0.41723E+02    0
   31   24        42   13       -0.84433           39.73241       33.24511         0.38622E+02    0.38622E+02    0
   33   25        45   13       -1.24865           40.75267       27.31528         0.34474E+02    0.28988E+02    1
   16   15        17   14       -0.22451          488.65477      486.76873         0.39409E+01    0.25372E+01    1
   20   17        23   14       -0.52893          182.17835      179.99915         0.15768E+02    0.15768E+02    0
   28   21        31   14       -1.14993          116.92160      113.09509         0.22264E+02    0.20328E+02    1
   30   24        40   14       -1.35220           44.44558       35.24000         0.52982E+02    0.41138E+02    1
   32   25        43   14        0.73403           12.90967       17.33994         0.49311E+02    0.49311E+02    0
   34   26        46   14       -1.11669           34.03754       28.34255         0.65716E+02    0.61787E+02    1
   38   28        52   14        1.48236          -39.57006      -19.58460         0.57401E+02    0.25803E+02    1
   17   16        18   15        0.05802         1009.86415     1010.36774         0.26975E+01    0.25461E+01    1
   19   17        21   15       -0.47845          224.74882      222.38719         0.88808E+01    0.88808E+01    0
   21   18        24   15        0.94657          142.12916      150.71100         0.14682E+02    0.71659E+01    1
   23   19        27   15       -0.41481           45.30703       43.62717         0.20856E+02    0.20856E+02    0
   27   21        29   15       -1.06542          243.32161      238.35594         0.12327E+02    0.97215E+01    1
   29   24        38   15       -1.50155           47.87138       30.62901         0.39675E+02    0.22882E+02    1
   31   25        41   15        0.43575            7.01339       10.49622         0.34857E+02    0.34857E+02    0
   37   28        50   15        1.17679          -19.13163       -8.32959         0.40379E+02    0.36026E+02    1
   18   17        19   16        0.08824          766.06967      766.69287         0.35507E+01    0.29730E+01    1
   22   19        25   16       -0.54707          149.61491      147.73524         0.18280E+02    0.18280E+02    0
   24   20        28   16       -0.34782           37.60774       36.58673         0.28717E+02    0.28717E+02    0
   28   22        30   16       -0.39282          142.37398      141.23545         0.15429E+02    0.15429E+02    0
   30   25        39   16        0.48038           11.35544       13.15594         0.70389E+02    0.70389E+02    0
   34   27        45   16        1.59339          -12.86825       -1.69292         0.76607E+02    0.42405E+02    1
   36   28        48   16       -0.87957           -4.88551       -8.25883         0.81658E+02    0.81658E+02    0
   19   18        20   17       -0.11783          987.87836      985.95758         0.13794E+01    0.13794E+01    0
   21   19        23   17        0.13008          425.44883      428.19154         0.20376E+01    0.20376E+01    0
   23   20        26   17        1.15432          184.30795      220.03474         0.22881E+01    0.20812E+01    1
   29   25        37   17        0.05379            6.47366       11.85816         0.24862E+01    0.24862E+01    0
   20   19        21   18       -0.20368         1071.08661     1068.00486         0.18118E+01    0.13992E+01    1
   22   20        24   18       -0.25041          600.19970      596.79993         0.31482E+01    0.31482E+01    0
   21   20        22   19        0.03262          838.42189      838.74760         0.28172E+01    0.22687E+01    1
   23   21        25   19       -0.53262          362.98246      358.86668         0.55709E+01    0.55709E+01    0
   25   22        28   19       -0.22887           92.52303       90.97990         0.96967E+01    0.96967E+01    0
   33   28        42   19        0.01691           10.94390       11.26380         0.14070E+02    0.14070E+02    0
   22   21        23   20       -0.35350          869.97747      866.60276         0.26144E+01    0.22122E+01    1
   24   22        26   20       -0.64734          409.00256      404.92561         0.69158E+01    0.69158E+01    0
   30   27        37   20        0.65669          -26.76489      -17.76934         0.17868E+02    0.17868E+02    0
   32   28        40   20        0.06482           11.54405       12.39105         0.19285E+02    0.19285E+02    0
   23   22        24   21       -0.65661         1311.06541     1303.23571         0.18851E+01    0.18851E+01    0
   25   23        27   21       -0.20539          349.48491      347.80877         0.53177E+01    0.53177E+01    0
   31   28        38   21        0.01508           -1.55422       -1.17753         0.97017E+01    0.97017E+01    0
   24   23        25   22       -0.10545          648.81785      648.06111         0.32824E+01    0.28840E+01    1
   26   24        28   22       -0.06989          383.89903      383.54335         0.82527E+01    0.82527E+01    0
   30   28        36   22        0.18819           -8.94393       -7.81081         0.41440E+02    0.41440E+02    0
   40   29        51   22       -1.39715           15.88931        3.75773         0.35777E+02    0.17917E+02    1
   25   24        26   23       -0.16987         1681.57308     1678.27896         0.19787E+01    0.11500E+01    1
   29   28        34   23       -0.97735           45.96630       28.99806         0.17644E+02    0.17644E+02    0
   39   29        49   23       -0.61117           20.32763       15.45847         0.16871E+02    0.16871E+02    0
   41   30        52   23       -1.21529           34.07415       21.27250         0.17203E+02    0.14607E+02    1
   26   25        27   24       -0.28958          484.11041      482.11989         0.29536E+01    0.29536E+01    0
   38   29        47   24        1.26577           12.75202       21.99813         0.18563E+02    0.15398E+02    1
   40   30        50   24       -0.75931           21.03228       15.84620         0.19377E+02    0.19377E+02    0
   27   26        28   25       -0.67312         1346.36112     1338.19760         0.31435E+01    0.17689E+01    1
   37   29        45   25        0.29535           40.46491       40.87572         0.65480E+02    0.65480E+02    0
   39   30        48   25       -0.94398           40.04243       38.67198         0.90729E+02    0.76536E+02    1
   41   31        51   25        0.39832           38.67636       39.13352         0.11516E+03    0.11516E+03    0
   36   29        43   26       -1.05851           46.18828       42.16536         0.18119E+02    0.17972E+02    1
   38   30        46   26       -0.04161           33.33990       33.16391         0.20999E+02    0.20999E+02    0
   40   31        49   26        1.30821            9.98124       17.88392         0.22770E+02    0.18274E+02    1
   37   30        44   27        1.22120          146.97733      151.99847         0.19818E+02    0.16299E+02    1
   39   31        47   27        1.64640           90.64038      105.49699         0.23510E+02    0.98195E+01    1
   34   29        39   28        0.27272          157.79406      158.87921         0.56115E+01    0.56115E+01    0
   36   30        42   28        0.83414          135.92104      139.31136         0.10966E+02    0.10966E+02    0
   38   31        45   28       -1.10959          109.31300      103.61884         0.14575E+02    0.13045E+02    1
   40   32        48   28       -1.09536           43.64236       37.54942         0.18599E+02    0.15769E+02    1
   42   33        51   28        0.13908           27.19457       27.96356         0.19624E+02    0.19624E+02    0
   31   30        32   29       -1.17022          345.72694      337.49390         0.33232E+01    0.27808E+01    1
   33   31        35   29       -0.50095          368.64499      365.57406         0.65250E+01    0.65250E+01    0
   37   33        41   29        0.55793           49.32318       52.40908         0.15208E+02    0.14808E+02    1
   39   34        44   29       -1.11853           12.29169        1.98443         0.15954E+02    0.10733E+02    1
   43   36        50   29       -0.79826           53.54563       47.12279         0.16952E+02    0.16952E+02    0
   32   31        33   30       -0.64801          568.29486      564.44896         0.37204E+01    0.35268E+01    1
   34   32        36   30       -0.98573          253.72639      248.94331         0.84027E+01    0.84027E+01    0
   36   33        39   30       -1.30021           86.33139       80.89173         0.19674E+02    0.14762E+02    1
   38   34        42   30       -0.57671           -2.01480       -4.13034         0.24263E+02    0.22114E+02    1
   42   36        48   30       -1.21697           35.12612       28.03978         0.26905E+02    0.20086E+02    1
   44   37        51   30       -1.19602           28.39525       22.02385         0.29342E+02    0.25758E+02    1
   33   32        34   31       -1.29542          388.22203      379.73408         0.36567E+01    0.29638E+01    1
   35   33        37   31       -1.42224          256.98616      246.12510         0.90896E+01    0.53217E+01    1
   37   34        40   31        1.24792           52.80276       61.18897         0.20896E+02    0.89673E+01    1
   39   35        43   31        0.35711          -27.50741      -26.37746         0.25194E+02    0.25194E+02    0
   41   36        46   31       -1.16332           18.71421       12.21001         0.30524E+02    0.17433E+02    1
   43   37        49   31        0.30230           28.50019       29.53930         0.34230E+02    0.33878E+02    1
   45   38        52   31       -1.56668           40.11719       28.81603         0.35565E+02    0.19063E+02    1
   34   33        35   32       -0.49337          600.48011      597.03319         0.37027E+01    0.29446E+01    1
   36   34        38   32       -1.27732          235.19257      230.32308         0.12738E+02    0.10470E+02    1
   38   35        41   32       -0.94413           85.59639       81.91543         0.18018E+02    0.15436E+02    1
   40   36        44   32       -1.43998           44.29211       27.53827         0.23406E+02    0.67849E+01    1
   42   37        47   32       -0.76406           56.34242       53.57414         0.26773E+02    0.26773E+02    0
   44   38        50   32       -0.16821           40.49171       39.85867         0.31274E+02    0.31274E+02    0
   37   35        39   33       -1.12565          230.83441      226.59529         0.11472E+02    0.10700E+02    1
   39   36        42   33       -1.62701          170.73153      150.53303         0.18789E+02    0.48213E+01    1
   41   37        45   33       -0.34305           74.57901       73.59949         0.27246E+02    0.27246E+02    0
   43   38        48   33        1.20879           77.05251       81.03279         0.35102E+02    0.29464E+02    1
   45   39        51   33        1.36832           41.61836       50.09587         0.37276E+02    0.19142E+02    1
   36   35        37   34       -1.44797          608.56672      593.62882         0.35057E+01    0.19279E+01    1
   38   36        40   34       -1.06206          256.13808      251.22522         0.88393E+01    0.87383E+01    1
   40   37        43   34       -0.20691           43.86950       43.02020         0.14730E+02    0.14730E+02    0
   42   38        46   34       -1.21718           77.55407       68.11772         0.17776E+02    0.10059E+02    1
   44   39        49   34        1.17370           30.57165       38.76924         0.19595E+02    0.14229E+02    1
   46   40        52   34        0.51375           34.03322       37.68068         0.20133E+02    0.16792E+02    1
   37   36        38   35       -0.16685          598.52017      597.10385         0.24085E+01    0.24085E+01    0
   43   39        47   35       -1.11873          117.83828      100.76355         0.55001E+01    0.51618E+01    1
   38   37        39   36       -1.10404          363.19449      358.38790         0.65517E+01    0.46846E+01    1
   40   38        42   36        0.78625          138.43888      141.04984         0.17504E+02    0.12279E+02    1
   42   39        45   36       -1.40808          127.14983      112.65099         0.23949E+02    0.57337E+01    1
   44   40        48   36       -1.10760           99.62705       96.56817         0.30300E+02    0.28723E+02    1
   46   41        51   36       -0.00390           46.11664       46.10471         0.32644E+02    0.32644E+02    0
   39   38        40   37       -0.48150          368.56409      366.82590         0.54865E+01    0.54865E+01    0
   41   39        43   37       -0.46430          163.00331      161.60149         0.13665E+02    0.13665E+02    0
   43   40        46   37       -1.26440          146.43226      140.84176         0.16668E+02    0.13330E+02    1
   45   41        49   37       -0.85323           69.85581       66.02599         0.17953E+02    0.17953E+02    0
   47   42        52   37        0.04254           25.14396       25.37228         0.18777E+02    0.18777E+02    0
   40   39        41   38       -1.09500          126.46717      123.45971         0.12071E+02    0.76209E+01    1
   42   40        44   38       -1.17286          257.75078      254.57201         0.17897E+02    0.14423E+02    1
   44   41        47   38       -0.93804           94.63942       92.38144         0.24875E+02    0.24875E+02    0
   46   42        50   38       -0.92561           51.98397       49.10726         0.28436E+02    0.26085E+02    1
   41   40        42   39        1.39457          317.27938      340.34722         0.63664E+01    0.12272E+01    1
   43   41        45   39        0.00387          182.21552      182.23518         0.76920E+01    0.76920E+01    0
   45   42        48   39       -0.65207           99.96266       95.31611         0.85200E+01    0.85200E+01    0
   47   43        51   39       -1.03353           33.98777       22.87827         0.88599E+01    0.74713E+01    1
   42   41        43   40       -0.80337          234.17094      231.71929         0.99201E+01    0.65203E+01    1
   44   42        46   40        0.19564           67.31341       68.34965         0.16305E+02    0.76666E+01    1
   46   43        49   40       -1.02840           -3.65719       -7.79016         0.18068E+02    0.15283E+02    1
   48   44        52   40       -0.27792           60.43599       59.02815         0.18561E+02    0.15534E+02    1
   43   42        44   41       -1.64297          567.53141      550.02419         0.90802E+01    0.18891E+01    1
   45   43        47   41       -0.33620          129.48670      128.58758         0.15229E+02    0.15229E+02    0
   47   44        50   41        0.23903          107.54467      108.35730         0.17310E+02    0.17310E+02    0
   44   43        45   42       -1.17342          185.79401      182.79851         0.13236E+02    0.78373E+01    1
   46   44        48   42        0.63221          204.80458      206.28573         0.16679E+02    0.16679E+02    0
   48   45        51   42       -1.35484          140.13742      130.03431         0.21554E+02    0.77754E+01    1
   45   44        46   43        1.36713          258.75881      275.77755         0.86887E+01    0.15527E+01    1
   47   45        49   43        0.26828          120.31236      121.27585         0.13820E+02    0.10872E+02    1
   49   46        52   43        0.08646          112.02345      112.34060         0.15784E+02    0.15784E+02    0
   46   45        47   44       -0.52892          144.18233      142.74427         0.11031E+02    0.71587E+01    1
   48   46        50   44        0.02563          107.00202      107.06538         0.16181E+02    0.15624E+02    1
   47   46        48   45        0.76008          155.70367      157.71195         0.73768E+01    0.73768E+01    0
   49   47        51   45       -0.34836          152.92051      151.51607         0.96888E+01    0.96888E+01    0
   48   47        49   46       -1.19190          214.95334      211.83792         0.88555E+01    0.75104E+01    1
   50   48        52   46       -0.74489          105.06103      102.87743         0.13287E+02    0.13287E+02    0
   49   48        50   47        0.50379          247.32970      248.55435         0.95278E+01    0.80630E+01    1
   50   49        51   48       -1.10000          206.78877      203.64323         0.72523E+01    0.69222E+01    1
   51   50        52   49       -0.26001          323.97460      323.04515         0.54198E+01    0.54198E+01    0
