    P+   P-        C+   C-  Normalised_Error  Observed_Rho_a  Calculated_Rho_a  Original_Weight  Final_Weight    C
    2    8         4    6       -0.26845         1007.10892     1003.34669         0.35731E+01    0.35731E+01    0
    2   20         8   14        1.12291          211.98272      231.37121         0.10453E+02    0.79616E+01    1
    2   23         9   16       -0.85440          198.41952      191.67087         0.20072E+02    0.20072E+02    0
    2   26        10   18       -0.14826          212.06266      207.23470         0.55051E+01    0.55051E+01    0
    2   31        13   24       -0.10248           64.66017       63.78304         0.18491E+02    0.18491E+02    0
    2   34        14   26        1.23694           25.66560       36.26773         0.46532E+02    0.20576E+02    1
    2   37        15   28        1.14149           28.60406       54.94332         0.10918E+02    0.85384E+01    1
    3    6         4    5        0.02420          855.83353      856.12060         0.17969E+01    0.17969E+01    0
    3    9         5    7        0.00477          746.37562      746.41640         0.49669E+01    0.49669E+01    0
    3   12         6    9        0.16913          455.44921      456.29726         0.12443E+02    0.12443E+02    0
    3   15         7   11       -1.29407          232.24466      202.86762         0.10367E+02    0.38668E+01    1
    3   18         8   13        0.60133          169.22216      188.14501         0.35148E+01    0.35148E+01    0
    3   21         9   15       -0.99712          110.72258      108.23068         0.56253E+02    0.53001E+02    1
    3   24        10   17        0.06775          119.78501      122.59486         0.37174E+01    0.37174E+01    0
    3   27        11   19        0.26008          104.85856      108.63859         0.11938E+02    0.11938E+02    0
    3   29        13   23       -0.32606           42.16446       39.60817         0.17405E+02    0.17405E+02    0
    3   32        14   25        0.42658           38.29397       40.97466         0.24754E+02    0.24754E+02    0
    4    7         5    6       -0.10740         1349.79944     1348.19953         0.15843E+01    0.15843E+01    0
    4   10         6    8       -0.12333          588.05302      587.07353         0.52414E+01    0.52414E+01    0
    4   13         7   10        0.79942          197.38840      204.12004         0.10976E+02    0.77400E+01    1
    4   16         8   12       -0.55557          239.86478      237.33321         0.21064E+02    0.19605E+02    1
    4   19         9   14       -0.86449          139.16368      137.30988         0.10231E+03    0.51403E+02    1
    4   22        10   16       -0.41731          103.00284      102.15962         0.65449E+02    0.65449E+02    0
    4   28        12   20       -1.21130           51.03040       44.46240         0.12623E+03    0.31466E+02    1
    4   30        14   24       -1.45492           38.96305       27.36323         0.66315E+02    0.16862E+02    1
    4   33        15   26        1.39935            3.82337       19.15863         0.49605E+02    0.14080E+02    1
    4   36        16   28        0.41745            1.67893       18.44119         0.43373E+01    0.43373E+01    0
    4   45        19   30       -0.99767           25.88994        5.83285         0.19150E+02    0.18033E+02    1
    5    8         6    7        0.03278         1170.72951     1171.15460         0.21607E+01    0.15806E+01    1
    5   14         8   11       -1.34516          275.38385      229.54656         0.83943E+01    0.19372E+01    1
    5   17         9   13        0.00719          252.78687      252.82793         0.19967E+02    0.15430E+02    1
    5   20        10   15       -0.33806          112.40218      109.13763         0.11390E+02    0.11390E+02    0
    5   23        11   17       -0.57179          128.41323       99.35758         0.25795E+01    0.25795E+01    0
    5   26        12   19       -0.07779           49.29869       48.56800         0.16086E+02    0.16086E+02    0
    5   31        15   25        0.23613           44.32745       44.86964         0.58641E+02    0.58641E+02    0
    5   34        16   27       -0.08408           17.27072       15.07295         0.58569E+01    0.58569E+01    0
    5   43        19   29       -0.84129           15.04998        1.40949         0.21261E+02    0.21261E+02    0
    5   46        20   31        1.09337           -5.05032       -0.82289         0.12791E+03    0.93824E+02    1
    6    9         7    8        0.00708          945.71579      945.79106         0.21482E+01    0.21482E+01    0
    6   15         9   12        1.20861          339.45782      373.97985         0.12423E+02    0.23543E+01    1
    6   18        10   14        0.09822          203.26422      205.55160         0.38033E+01    0.38033E+01    0
    6   24        12   18        0.07409           92.15989       93.57997         0.67747E+01    0.67747E+01    0
    6   27        13   20       -0.47735           17.42166       12.90905         0.15880E+02    0.15880E+02    0
    6   29        15   24       -0.62127           41.14855       36.04125         0.13802E+02    0.13802E+02    0
    6   32        16   26        0.31318           14.64880       21.57069         0.60163E+01    0.60163E+01    0
    6   44        20   30       -0.94725            9.76462        3.45151         0.52354E+02    0.51925E+02    1
    6   47        21   32        0.31578            4.80206        7.44666         0.43537E+02    0.43537E+02    0
    7   16        10   13       -0.46176          444.99584      443.05841         0.15528E+02    0.15528E+02    0
    7   22        12   17       -0.03866          103.03046      101.61985         0.29418E+01    0.29418E+01    0
    7   25        13   19        1.06975           40.65217       54.66742         0.11167E+02    0.98071E+01    1
    7   28        14   21        0.10770           50.06642       50.59232         0.30184E+02    0.30184E+02    0
    7   30        16   25       -0.27948           68.21601       62.88795         0.58928E+01    0.58928E+01    0
    7   33        17   27       -1.28368           58.23211       57.92365         0.10000E+04    0.54965E+03    1
    7   42        20   29       -0.12732           22.09109       20.75407         0.31045E+02    0.31045E+02    0
    7   45        21   31        1.21766            0.04984       16.45458         0.33718E+02    0.25518E+02    1
    7   48        22   33       -0.21600           27.91942       26.81510         0.71326E+02    0.71326E+02    0
    8   14        10   12       -0.01076          476.33783      476.26068         0.66832E+01    0.60662E+01    1
    8   20        12   16       -0.20861          107.96167      106.47677         0.11880E+02    0.11880E+02    0
    8   26        14   20        0.07780           31.39457       31.55766         0.60759E+02    0.60759E+02    0
    8   31        17   26        1.19174           38.92123       43.79356         0.68044E+02    0.27205E+02    1
    8   43        21   30       -0.26756            6.80567        5.75582         0.83605E+02    0.83605E+02    0
    9   18        12   15        0.11575          187.74090      189.75344         0.36382E+01    0.36382E+01    0
    9   21        13   17       -0.02823           75.97668       75.04970         0.26071E+01    0.26071E+01    0
    9   24        14   19       -0.04425           48.38177       48.24010         0.33534E+02    0.33534E+02    0
    9   27        15   21       -0.01130           68.38531       68.22448         0.89116E+01    0.89116E+01    0
    9   29        17   25       -0.25041           63.90650       63.52156         0.59230E+02    0.59230E+02    0
    9   32        18   27       -1.54034           97.45285       51.81463         0.11407E+02    0.37340E+01    1
    9   41        21   29        0.56743           -2.47980       12.71076         0.11505E+02    0.11505E+02    0
    9   44        22   31        1.29121           12.74030       16.02672         0.23669E+03    0.12890E+03    1
    9   47        23   33        1.05975           15.87667       27.73291         0.39421E+02    0.30931E+02    1
   10   16        12   14       -0.74467          359.89828      357.74673         0.14588E+02    0.14588E+02    0
   10   19        13   16       -0.23078          153.85051      153.36586         0.30109E+02    0.30109E+02    0
   10   25        15   20        1.56920           57.73569       83.39959         0.20359E+02    0.64947E+01    1
   10   28        16   22       -0.11975           51.43242       48.75525         0.56225E+01    0.56225E+01    0
   10   30        18   26       -1.50911           74.26644       30.34154         0.95204E+01    0.30669E+01    1
   10   33        19   28        1.00434           29.33491       35.48344         0.19296E+02    0.18050E+02    1
   10   42        22   30       -1.23475           22.18271       17.81110         0.11594E+03    0.88214E+02    1
   10   48        24   34       -1.63727           31.33416       17.96656         0.15968E+03    0.42738E+02    1
   11   14        12   13        0.06058          732.18732      732.65427         0.34578E+01    0.26667E+01    1
   11   17        13   15       -0.11436          355.44368      354.88833         0.98354E+01    0.87764E+01    1
   11   20        14   17       -1.16749          202.47421      149.50160         0.21527E+01    0.14181E+01    1
   11   23        15   19       -1.23928          175.86414      140.98476         0.52926E+01    0.30808E+01    1
   11   26        16   21        0.27422          106.35904      113.84271         0.39214E+01    0.39214E+01    0
   11   31        19   27        1.14449          107.53255      116.79341         0.22497E+02    0.11058E+02    1
   11   40        22   29        1.38759           13.02050       33.07944         0.65220E+02    0.20275E+02    1
   11   43        23   31        0.92983           18.75869       22.38504         0.80168E+02    0.80168E+02    0
   11   46        24   33        0.32218           32.14759       33.35850         0.87698E+02    0.87698E+02    0
   12   15        13   14       -0.35392         1926.69527     1920.53938         0.23615E+01    0.12656E+01    1
   12   18        14   16       -0.11899          332.91662      331.21114         0.29882E+01    0.29882E+01    0
   12   24        16   20        0.00119          180.14664      180.16614         0.52969E+01    0.52969E+01    0
   12   27        17   22        0.02588          119.79312      119.91716         0.22066E+02    0.22066E+02    0
   12   29        19   26       -0.11419           66.41586       65.90500         0.15176E+02    0.15176E+02    0
   12   32        20   28        0.61705           65.37504       67.56154         0.26065E+02    0.25192E+02    1
   12   41        23   30        0.28942           28.61788       34.93744         0.13549E+02    0.13549E+02    0
   12   44        24   32       -0.61436           36.87487       36.48402         0.50310E+03    0.49369E+03    1
   12   47        25   34        1.10789            8.46137       21.27864         0.42700E+02    0.28653E+02    1
   12   50        26   36       -0.96390           23.31921       19.64048         0.94208E+02    0.91821E+02    1
   13   16        14   15       -0.20240          523.63104      522.65139         0.44316E+01    0.44316E+01    0
   13   19        15   17        0.00769          457.43266      457.58703         0.21395E+01    0.21395E+01    0
   13   22        16   19        0.08994          196.98000      198.88074         0.31373E+01    0.31373E+01    0
   13   25        17   21       -1.21253          193.44915      181.43554         0.13048E+02    0.86231E+01    1
   13   30        20   27        0.07207          169.81221      170.00786         0.25253E+02    0.24774E+02    1
   13   39        23   29        0.31183           43.30594       45.55734         0.38406E+02    0.38406E+02    0
   13   42        24   31       -0.83297           40.98833       37.36314         0.68184E+02    0.68184E+02    0
   13   45        25   33       -0.95004           38.86031       30.65586         0.36529E+02    0.36123E+02    1
   14   17        15   16        0.30173          521.83011      524.93301         0.34756E+01    0.20726E+01    1
   14   23        17   20        0.08645          203.54682      204.26241         0.78483E+01    0.78483E+01    0
   14   31        21   28       -0.91815          127.72573      123.29890         0.14030E+02    0.14030E+02    0
   14   40        24   30       -1.34955           46.28548       42.78542         0.19254E+03    0.10799E+03    1
   14   43        25   32        1.27413           10.08354       18.94665         0.92213E+02    0.42784E+02    1
   14   46        26   34        0.08769           31.74921       32.16651         0.66219E+02    0.66219E+02    0
   14   52        28   38        1.41132          -40.65522      -12.66562         0.14449E+03    0.17541E+02    1
   15   18        16   17        0.02892         1017.50514     1018.24239         0.86694E+00    0.86694E+00    0
   15   21        17   19       -0.19160          256.51540      254.92187         0.52707E+01    0.52707E+01    0
   15   24        18   21        1.10976          157.19977      184.38733         0.61378E+01    0.26519E+01    1
   15   27        19   23       -0.15857           55.35955       54.10978         0.10717E+02    0.10717E+02    0
   15   29        21   27       -0.60621          254.45110      251.80623         0.10385E+02    0.10385E+02    0
   15   38        24   29       -0.80342           49.86179       42.35624         0.28126E+02    0.28126E+02    0
   15   41        25   31        0.54147            2.82226       13.08590         0.14698E+02    0.14698E+02    0
   15   50        28   37        1.01103          -17.23378       -5.24334         0.30007E+02    0.27884E+02    1
   16   19        17   18        0.05954          773.99652      774.62650         0.19844E+01    0.19844E+01    0
   16   25        19   22       -0.12882          165.76865      165.27582         0.16417E+02    0.16417E+02    0
   16   28        20   24       -0.23787           44.59451       43.75874         0.23992E+02    0.23992E+02    0
   16   30        22   28       -0.04627          155.18153      155.01324         0.12294E+02    0.12294E+02    0
   16   39        25   30        1.21641            8.14646       15.88116         0.13624E+03    0.41490E+02    1
   16   45        27   34        1.00590           -9.70056        6.19986         0.20145E+02    0.18815E+02    1
   16   48        28   36       -0.44867           -2.38043       -2.99699         0.28287E+03    0.22789E+03    1
   17   20        18   19       -0.57111          995.73881      987.00943         0.14712E+01    0.14712E+01    0
   17   23        19   21       -0.11919          449.37066      448.05077         0.38795E+01    0.38795E+01    0
   17   26        20   23        1.52879          188.75835      237.19229         0.11638E+02    0.20332E+01    1
   17   37        25   29        0.99404           -0.69547       20.32724         0.12450E+02    0.11767E+02    1
   18   21        19   20        0.31056         1066.11719     1070.20937         0.20709E+01    0.16067E+01    1
   18   24        20   22       -0.51297          616.93692      614.58969         0.93410E+01    0.93410E+01    0
   19   22        20   21        0.24597          863.30050      866.86909         0.22476E+01    0.15613E+01    1
   19   25        21   23       -0.34946          391.82531      389.49443         0.64542E+01    0.64542E+01    0
   19   28        22   25       -1.77366          112.37849      110.76224         0.13708E+03    0.71746E+02    1
   19   42        28   33       -0.14901           13.49830       13.30835         0.22561E+03    0.20879E+03    1
   20   23        21   22       -0.32537          879.90742      876.52977         0.20345E+01    0.20345E+01    0
   20   26        22   24       -0.45804          437.15451      434.46037         0.74051E+01    0.74051E+01    0
   20   37        27   30        1.08415          -29.23033       -9.69355         0.15674E+02    0.13583E+02    1
   20   40        28   32       -0.38745           14.80716       13.66564         0.85530E+02    0.85530E+02    0
   21   24        22   23       -0.44038         1333.86622     1328.67773         0.19172E+01    0.19079E+01    1
   21   27        23   25       -0.28775          372.79554      371.18154         0.77370E+01    0.77370E+01    0
   21   38        28   31        0.80977            1.31816        4.56374         0.64682E+02    0.60453E+02    1
   22   25        23   24       -0.03367          664.96709      664.65153         0.25878E+01    0.22082E+01    1
   22   28        24   26       -0.10067          411.48406      411.07987         0.10461E+02    0.10461E+02    0
   22   36        28   30        0.29215           -4.31338       -1.43762         0.25348E+02    0.25348E+02    0
   22   51        29   40       -1.10067           18.14821        7.39068         0.23610E+02    0.15918E+02    1
   23   26        24   25       -0.11358         1692.46226     1690.52557         0.17813E+01    0.13078E+01    1
   23   34        28   29       -0.99740           55.00863       45.90426         0.36702E+02    0.33558E+02    1
   23   49        29   39        0.14637           24.12582       25.52657         0.14045E+02    0.14045E+02    0
   23   52        30   41       -1.23473           37.28883       28.71672         0.91422E+02    0.22163E+02    1
   24   27        25   26       -0.20500          518.58687      516.93665         0.25222E+01    0.25222E+01    0
   24   47        29   38        1.28586           17.74951       28.58825         0.31808E+02    0.13344E+02    1
   24   50        30   40       -0.93746           24.98759       20.48375         0.27834E+02    0.27548E+02    1
   25   28        26   27       -0.37829         1348.41895     1344.08716         0.25353E+01    0.18735E+01    1
   25   45        29   37       -0.31838           44.74245       43.08414         0.17486E+02    0.17486E+02    0
   25   48        30   39       -0.03061           45.12652       44.91637         0.16184E+02    0.16184E+02    0
   25   51        31   41       -0.15543           43.41437       43.04833         0.56125E+02    0.56125E+02    0
   26   43        29   36       -1.12594           55.09977       51.17442         0.29586E+02    0.19592E+02    1
   26   46        30   38       -0.61593           40.54586       40.13794         0.13410E+03    0.13410E+03    0
   26   49        31   40        1.34412           14.35410       22.03786         0.36567E+02    0.19311E+02    1
   27   44        30   37        0.70123          154.59956      156.33333         0.27104E+02    0.27104E+02    0
   27   47        31   39        1.24128           96.53842      112.93325         0.10997E+02    0.67086E+01    1
   28   39        29   34        0.24716          173.82030      174.82545         0.54905E+01    0.54905E+01    0
   28   42        30   36        1.01983          148.64788      151.74920         0.19243E+02    0.14656E+02    1
   28   45        31   38       -0.86259          118.81240      115.71513         0.18644E+02    0.18644E+02    0
   28   48        32   40       -0.81628           50.64044       48.08337         0.28001E+02    0.28001E+02    0
   28   51        33   42        0.93056           32.00022       37.05979         0.19955E+02    0.19955E+02    0
   29   32        30   31       -0.47958          353.97930      351.21208         0.33906E+01    0.33906E+01    0
   29   35        31   33       -0.16420          382.30430      381.31220         0.66203E+01    0.66203E+01    0
   29   41        33   37        0.95071           56.11638       65.38391         0.85025E+01    0.84021E+01    1
   29   44        34   39       -0.07833           17.75825       16.95942         0.96982E+01    0.96982E+01    0
   29   50        36   43       -0.82539           57.20536       52.87769         0.26015E+02    0.26015E+02    0
   30   33        31   32       -0.34058          584.89301      582.76841         0.33553E+01    0.33553E+01    0
   30   36        32   34       -0.22169          271.96031      270.63874         0.68395E+01    0.68395E+01    0
   30   39        33   36       -1.01141           96.06214       91.76194         0.19405E+02    0.14526E+02    1
   30   42        34   38       -0.05922            5.44268        5.26918         0.27688E+02    0.27688E+02    0
   30   48        36   42       -0.75042           39.21736       36.99090         0.86057E+02    0.39421E+02    1
   30   51        37   44       -1.23335           33.95385       25.26913         0.25582E+02    0.19487E+02    1
   31   34        32   33       -0.49183          396.66841      393.81108         0.33426E+01    0.33426E+01    0
   31   37        33   35       -0.23291          256.04362      252.94219         0.30519E+01    0.30519E+01    0
   31   40        34   37        0.47570           60.73430       62.49598         0.16272E+02    0.16272E+02    0
   31   43        35   39        0.97402          -20.99100      -11.15501         0.81846E+01    0.78943E+01    1
   31   46        36   41       -0.82828           24.64748       21.61328         0.28345E+02    0.26608E+02    1
   31   49        37   43        0.48679           32.75985       35.71199         0.19202E+02    0.19202E+02    0
   31   52        38   45       -1.36523           46.13967       22.92289         0.19250E+02    0.80862E+01    1
   32   35        33   34        0.58730          618.03705      623.30101         0.24937E+01    0.22953E+01    1
   32   38        34   36       -0.36509          246.07528      244.62872         0.10074E+02    0.10074E+02    0
   32   41        35   38        0.33157           92.68504       95.34835         0.76796E+01    0.74924E+01    1
   32   44        36   40       -1.33535           51.04267       27.41510         0.16359E+02    0.44614E+01    1
   32   47        37   42        0.71880           61.43116       65.36071         0.17744E+02    0.17744E+02    0
   32   50        38   44       -0.96955           43.90037       41.86377         0.59595E+02    0.56030E+02    1
   33   39        35   37       -0.21670          240.48060      239.47381         0.86736E+01    0.86736E+01    0
   33   42        36   39       -1.23843          180.14365      164.10543         0.95140E+01    0.46217E+01    1
   33   45        37   41        0.30715           85.04474       87.22433         0.10963E+02    0.10963E+02    0
   33   48        38   43        0.96526           81.82956       84.72216         0.38308E+02    0.32375E+02    1
   33   51        39   45       -0.07291           36.12227       35.54200         0.14902E+02    0.14902E+02    0
   34   37        35   36       -1.12955          626.28931      607.88819         0.26092E+01    0.12209E+01    1
   34   40        36   38       -0.26548          267.55133      266.59835         0.11261E+02    0.11261E+02    0
   34   43        37   40        0.14367           53.45255       54.23000         0.11174E+02    0.11174E+02    0
   34   46        38   42       -0.67345           83.51051       81.61237         0.74804E+02    0.27668E+02    1
   34   49        39   44       -0.34637           34.87202       34.34088         0.64807E+02    0.64807E+02    0
   34   52        40   46        0.10999           37.09152       37.51750         0.31386E+02    0.30781E+02    1
   35   38        36   37        0.08648          607.87903      608.48012         0.29415E+01    0.29415E+01    0
   35   47        39   43       -1.33619          119.83511       97.90135         0.16175E+02    0.47994E+01    1
   36   39        37   38       -0.22571          371.00190      370.14506         0.55416E+01    0.53727E+01    1
   36   42        38   40        1.34483          145.02376      164.13038         0.14924E+02    0.28702E+01    1
   36   45        39   42       -1.15866          132.82950      120.17068         0.17304E+02    0.54039E+01    1
   36   48        40   44       -0.37369          103.82539      103.06072         0.38765E+02    0.38765E+02    0
   36   51        41   46       -0.58815           49.63993       48.01930         0.36264E+02    0.36264E+02    0
   37   40        38   39       -0.14440          377.36835      376.63787         0.42572E+01    0.39151E+01    1
   37   43        39   41       -0.23754          167.27669      166.64653         0.15552E+02    0.15552E+02    0
   37   46        40   43       -0.49804          151.92549      150.23946         0.18388E+02    0.17410E+02    1
   37   49        41   45       -1.25090           74.72513       65.43424         0.16547E+02    0.10849E+02    1
   37   52        42   47       -0.00550           29.59179       29.58077         0.50327E+02    0.50327E+02    0
   38   41        39   40       -0.28519          130.10323      128.98450         0.58130E+01    0.53358E+01    1
   38   44        40   42       -0.45495          262.11075      260.81225         0.16805E+02    0.13695E+02    1
   38   47        41   44        0.39455          100.33464      101.31833         0.24016E+02    0.24016E+02    0
   38   50        42   46       -0.19469           56.16556       55.51102         0.24114E+02    0.24114E+02    0
   39   42        40   41        1.60994          320.94763      375.24322         0.10175E+02    0.60190E+00    1
   39   45        41   43        0.95265          188.71504      196.27949         0.11526E+02    0.49165E+01    1
   39   48        42   45       -0.75816          101.27285       97.97462         0.13956E+02    0.13956E+02    0
   39   51        43   47       -1.06088           39.49867       29.65136         0.40132E+02    0.86520E+01    1
   40   43        41   42       -0.00014          235.98589      235.98554         0.11984E+02    0.77509E+01    1
   40   46        42   44        0.08870           74.23041       74.46798         0.26841E+02    0.15161E+02    1
   40   49        43   46       -0.62415            0.31805       -1.15624         0.31596E+02    0.26002E+02    1
   40   52        44   48       -0.65932           65.29119       62.31310         0.33924E+02    0.17421E+02    1
   41   44        42   43       -1.37463          568.91981      553.92420         0.80537E+01    0.18453E+01    1
   41   47        43   45       -0.15175          130.79926      130.17642         0.99231E+01    0.99231E+01    0
   41   50        44   47        0.19515          112.95842      113.43508         0.24094E+02    0.24094E+02    0
   42   45        43   44       -0.36287          191.04501      189.85883         0.10591E+02    0.61205E+01    1
   42   48        44   46        0.19666          208.24356      208.69228         0.17739E+02    0.17126E+02    1
   42   51        45   48       -1.13955          151.05113      140.17611         0.18813E+02    0.60756E+01    1
   43   46        44   45        1.17086          256.48117      275.38724         0.69717E+01    0.11971E+01    1
   43   49        45   47        0.32390          128.41016      129.66683         0.18760E+02    0.10064E+02    1
   43   52        46   49        0.24752          119.60685      120.12301         0.27766E+02    0.27766E+02    0
   44   47        45   46        0.20961          151.06106      152.08239         0.83598E+01    0.39944E+01    1
   44   50        46   48        0.15373          114.90248      115.25790         0.16707E+02    0.16707E+02    0
   45   48        46   47        0.34516          160.13778      160.73039         0.11352E+02    0.11352E+02    0
   45   51        47   49       -0.35365          156.64845      155.90017         0.18461E+02    0.18461E+02    0
   46   49        47   48       -0.48646          217.58981      216.55672         0.92439E+01    0.92439E+01    0
   46   52        48   50       -0.33372          111.50385      110.70157         0.16202E+02    0.16202E+02    0
   47   50        48   49        0.04321          252.35397      252.45730         0.81959E+01    0.81959E+01    0
   48   51        49   50       -0.19653          210.16775      209.63591         0.73147E+01    0.73147E+01    0
   49   52        50   51       -0.12473          333.80472      333.31295         0.49140E+01    0.49140E+01    0
    6    4         8    2       -0.26734         1007.10892     1003.34669         0.35583E+01    0.35583E+01    0
   14    8        20    2        1.20531          211.98272      231.37121         0.16111E+02    0.85459E+01    1
   16    9        23    2       -0.83156          198.41952      191.67087         0.19536E+02    0.19536E+02    0
   18   10        26    2       -0.85852          212.06266      207.23470         0.31878E+02    0.31878E+02    0
   24   13        31    2       -1.02938           64.66017       63.78304         0.20352E+03    0.18574E+03    1
   26   14        34    2        1.00936           25.66560       36.26773         0.18039E+02    0.16790E+02    1
   28   15        37    2        1.29183           28.60406       54.94332         0.20239E+02    0.96629E+01    1
    5    4         6    3        0.02197          855.83353      856.12060         0.16313E+01    0.16313E+01    0
    7    5         9    3        0.00365          746.37562      746.41640         0.38055E+01    0.38055E+01    0
    9    6        12    3        0.11395          455.44921      456.29726         0.83837E+01    0.83837E+01    0
   11    7        15    3       -1.23144          232.24466      202.86762         0.69711E+01    0.36797E+01    1
   13    8        18    3        0.97446          169.22216      188.14501         0.62707E+01    0.56958E+01    1
   15    9        21    3       -0.30822          110.72258      108.23068         0.16383E+02    0.16383E+02    0
   17   10        24    3        0.70409          119.78501      122.59486         0.38632E+02    0.38632E+02    0
   19   11        27    3        0.59454          104.85856      108.63859         0.27291E+02    0.27291E+02    0
   23   13        29    3       -0.84998           42.16446       39.60817         0.45757E+02    0.45372E+02    1
   25   14        32    3        0.65132           38.29397       40.97466         0.37796E+02    0.37796E+02    0
    6    5         7    4       -0.10582         1349.79944     1348.19953         0.15611E+01    0.15611E+01    0
    8    6        10    4       -0.10341          588.05302      587.07353         0.43945E+01    0.43945E+01    0
   10    7        13    4        0.53818          197.38840      204.12004         0.52106E+01    0.52106E+01    0
   12    8        16    4       -0.09605          239.86478      237.33321         0.33895E+01    0.33895E+01    0
   14    9        19    4       -0.16464          139.16368      137.30988         0.97896E+01    0.97896E+01    0
   16   10        22    4       -0.13484          103.00284      102.15962         0.21147E+02    0.21147E+02    0
   20   12        28    4       -0.71476           51.03040       44.46240         0.18567E+02    0.18567E+02    0
   24   14        30    4       -1.22836           38.96305       27.36323         0.20818E+02    0.14236E+02    1
   26   15        33    4        1.05765            3.82337       19.15863         0.11981E+02    0.10642E+02    1
   28   16        36    4        1.23418            1.67893       18.44119         0.20665E+02    0.12823E+02    1
   30   19        45    4       -1.07580           25.88994        5.83285         0.22267E+02    0.19445E+02    1
    7    6         8    5        0.03294         1170.72951     1171.15460         0.21816E+01    0.15882E+01    1
   11    8        14    5       -1.38329          275.38385      229.54656         0.13128E+02    0.19921E+01    1
   13    9        17    5        0.00761          252.78687      252.82793         0.22372E+02    0.16333E+02    1
   15   10        20    5       -0.89089          112.40218      109.13763         0.31303E+02    0.30016E+02    1
   17   11        23    5       -1.77670          128.41323       99.35758         0.61448E+02    0.80151E+01    1
   19   12        26    5       -1.41785           49.29869       48.56800         0.10000E+04    0.29319E+03    1
   25   15        31    5        0.33250           44.32745       44.86964         0.82573E+02    0.82573E+02    0
   27   16        34    5       -0.83367           17.27072       15.07295         0.58073E+02    0.58073E+02    0
   29   19        43    5       -1.20530           15.04998        1.40949         0.43972E+02    0.30460E+02    1
   31   20        46    5        0.14350           -5.05032       -0.82289         0.12314E+02    0.12314E+02    0
    8    7         9    6        0.00621          945.71579      945.79106         0.18843E+01    0.18843E+01    0
   12    9        15    6        1.15874          339.45782      373.97985         0.63299E+01    0.22571E+01    1
   14   10        18    6        0.15157          203.26422      205.55160         0.58693E+01    0.58693E+01    0
   18   12        24    6        0.30042           92.15989       93.57997         0.27472E+02    0.27472E+02    0
   20   13        27    6       -0.74400           17.42166       12.90905         0.24751E+02    0.24751E+02    0
   24   15        29    6       -0.89096           41.14855       36.04125         0.19793E+02    0.19793E+02    0
   26   16        32    6        1.14038           14.64880       21.57069         0.30206E+02    0.21907E+02    1
   30   20        44    6       -0.14743            9.76462        3.45151         0.80816E+01    0.80816E+01    0
   32   21        47    6        0.17944            4.80206        7.44666         0.24740E+02    0.24740E+02    0
   13   10        16    7       -0.12338          444.99584      443.05841         0.41492E+01    0.41492E+01    0
   17   12        22    7       -1.57634          103.03046      101.61985         0.49248E+03    0.11997E+03    1
   19   13        25    7        1.34729           40.65217       54.66742         0.57781E+02    0.12352E+02    1
   21   14        28    7        0.45258           50.06642       50.59232         0.12684E+03    0.12684E+03    0
   25   16        30    7       -1.33061           68.21601       62.88795         0.75920E+02    0.28055E+02    1
   27   17        33    7       -0.09470           58.23211       57.92365         0.40547E+02    0.40547E+02    0
   29   20        42    7       -0.05343           22.09109       20.75407         0.13029E+02    0.13029E+02    0
   31   21        45    7        1.61406            0.04984       16.45458         0.17425E+03    0.33825E+02    1
   33   22        48    7       -1.18915           27.91942       26.81510         0.49703E+03    0.39267E+03    1
   12   10        14    8       -0.01064          476.33783      476.26068         0.65404E+01    0.60011E+01    1
   16   12        20    8       -0.61712          107.96167      106.47677         0.35145E+02    0.35145E+02    0
   20   14        26    8        0.07551           31.39457       31.55766         0.58965E+02    0.58965E+02    0
   26   17        31    8        1.24787           38.92123       43.79356         0.14211E+03    0.28486E+02    1
   30   21        43    8       -1.61259            6.80567        5.75582         0.10000E+04    0.50389E+03    1
   15   12        18    9        0.26078          187.74090      189.75344         0.81968E+01    0.81968E+01    0
   17   13        21    9       -1.42843           75.97668       75.04970         0.48978E+03    0.13194E+03    1
   19   14        24    9       -0.15979           48.38177       48.24010         0.13675E+03    0.12109E+03    1
   21   15        27    9       -0.36343           68.38531       68.22448         0.10000E+04    0.28656E+03    1
   25   17        29    9       -0.69071           63.90650       63.52156         0.16337E+03    0.16337E+03    0
   27   18        32    9       -1.27136           97.45285       51.81463         0.43912E+01    0.30819E+01    1
   29   21        41    9        1.23835           -2.47980       12.71076         0.50479E+02    0.25107E+02    1
   31   22        44    9        0.59618           12.74030       16.02672         0.59516E+02    0.59516E+02    0
   33   23        47    9        0.97008           15.87667       27.73291         0.29236E+02    0.28314E+02    1
   14   12        16   10       -0.18789          359.89828      357.74673         0.36807E+01    0.36807E+01    0
   16   13        19   10       -0.14050          153.85051      153.36586         0.18330E+02    0.18330E+02    0
   20   15        25   10        1.71431           57.73569       83.39959         0.50632E+02    0.70953E+01    1
   22   16        28   10       -0.95529           51.43242       48.75525         0.48834E+02    0.44853E+02    1
   26   18        30   10       -1.27134           74.26644       30.34154         0.38771E+01    0.25837E+01    1
   28   19        33   10        1.12937           29.33491       35.48344         0.29123E+02    0.20297E+02    1
   30   22        42   10       -1.14502           22.18271       17.81110         0.99701E+02    0.81804E+02    1
   34   24        48   10       -0.80825           31.33416       17.96656         0.21098E+02    0.21098E+02    0
   13   12        14   11        0.06000          732.18732      732.65427         0.33263E+01    0.26410E+01    1
   15   13        17   11       -0.10874          355.44368      354.88833         0.88924E+01    0.83451E+01    1
   17   14        20   11       -1.31630          202.47421      149.50160         0.93041E+01    0.15989E+01    1
   19   15        23   11       -1.35620          175.86414      140.98476         0.13948E+02    0.33715E+01    1
   21   16        26   11        1.17372          106.35904      113.84271         0.20969E+02    0.16784E+02    1
   27   19        31   11        1.21023          107.53255      116.79341         0.44027E+02    0.11693E+02    1
   29   22        40   11        1.20116           13.02050       33.07944         0.25294E+02    0.17551E+02    1
   31   23        43   11        0.14219           18.75869       22.38504         0.12259E+02    0.12259E+02    0
   33   24        46   11        0.13602           32.14759       33.35850         0.37026E+02    0.37026E+02    0
   14   13        15   12       -0.35694         1926.69527     1920.53938         0.24432E+01    0.12764E+01    1
   16   14        18   12       -0.19575          332.91662      331.21114         0.49158E+01    0.49158E+01    0
   20   16        24   12        0.01596          180.14664      180.16614         0.84035E+02    0.71190E+02    1
   22   17        27   12        0.06734          119.79312      119.91716         0.81713E+02    0.57417E+02    1
   26   19        29   12       -0.90885           66.41586       65.90500         0.14529E+03    0.12079E+03    1
   28   20        32   12        0.30022           65.37504       67.56154         0.12257E+02    0.12257E+02    0
   30   23        41   12        0.52246           28.61788       34.93744         0.24459E+02    0.24459E+02    0
   32   24        44   12       -0.01804           36.87487       36.48402         0.14496E+02    0.14496E+02    0
   34   25        47   12        1.04059            8.46137       21.27864         0.32284E+02    0.26913E+02    1
   36   26        50   12       -0.49929           23.31921       19.64048         0.47562E+02    0.47562E+02    0
   15   14        16   13       -0.10281          523.63104      522.65139         0.22509E+01    0.22509E+01    0
   17   15        19   13        0.02276          457.43266      457.58703         0.63350E+01    0.63350E+01    0
   19   16        22   13        0.54405          196.98000      198.88074         0.18977E+02    0.18977E+02    0
   21   17        25   13       -1.33442          193.44915      181.43554         0.37308E+02    0.94900E+01    1
   27   20        30   13        0.02535          169.81221      170.00786         0.87143E+01    0.87143E+01    0
   29   23        39   13        0.12690           43.30594       45.55734         0.15629E+02    0.15629E+02    0
   31   24        42   13       -0.26375           40.98833       37.36314         0.21590E+02    0.21590E+02    0
   33   25        45   13       -1.74067           38.86031       30.65586         0.66286E+03    0.66184E+02    1
   16   15        17   14        0.30838          521.83011      524.93301         0.36306E+01    0.21183E+01    1
   20   17        23   14        0.25854          203.54682      204.26241         0.23471E+02    0.23471E+02    0
   28   21        31   14       -1.34223          127.72573      123.29890         0.56684E+02    0.20510E+02    1
   30   24        40   14       -0.23268           46.28548       42.78542         0.18618E+02    0.18618E+02    0
   32   25        43   14        1.01551           10.08354       18.94665         0.36860E+02    0.34100E+02    1
   34   26        46   14        0.06692           31.74921       32.16651         0.50534E+02    0.50534E+02    0
   38   28        52   14        1.26194          -40.65522      -12.66562         0.34345E+02    0.15684E+02    1
   17   16        18   15        0.06966         1017.50514     1018.24239         0.20880E+01    0.20880E+01    0
   19   17        21   15       -0.38842          256.51540      254.92187         0.10685E+02    0.10685E+02    0
   21   18        24   15        1.05469          157.19977      184.38733         0.35994E+01    0.25203E+01    1
   23   19        27   15       -0.99669           55.35955       54.10978         0.71458E+02    0.67356E+02    1
   27   21        29   15       -0.85979          254.45110      251.80623         0.14729E+02    0.14729E+02    0
   29   24        38   15       -0.43428           49.86179       42.35624         0.15203E+02    0.15203E+02    0
   31   25        41   15        1.15237            2.82226       13.08590         0.48839E+02    0.31281E+02    1
   37   28        50   15        1.06857          -17.23378       -5.24334         0.33520E+02    0.29471E+02    1
   18   17        19   16        0.08571          773.99652      774.62650         0.31751E+01    0.28566E+01    1
   22   19        25   16       -0.92105          165.76865      165.27582         0.11738E+03    0.11738E+03    0
   24   20        28   16       -0.10524           44.59451       43.75874         0.10614E+02    0.10614E+02    0
   28   22        30   16       -0.09019          155.18153      155.01324         0.23967E+02    0.23967E+02    0
   30   25        39   16        0.95017            8.14646       15.88116         0.32778E+02    0.32409E+02    1
   34   27        45   16        1.68815           -9.70056        6.19986         0.21670E+03    0.31576E+02    1
   36   28        48   16       -0.04525           -2.38043       -2.99699         0.22983E+02    0.22983E+02    0
   19   18        20   17       -0.38647          995.73881      987.00943         0.99553E+00    0.99553E+00    0
   21   19        23   17       -0.07018          449.37066      448.05077         0.22842E+01    0.22842E+01    0
   23   20        26   17        1.20095          188.75835      237.19229         0.21259E+01    0.15972E+01    1
   29   25        37   17        0.25083           -0.69547       20.32724         0.29692E+01    0.29692E+01    0
   20   19        21   18        0.27339         1066.11719     1070.20937         0.16049E+01    0.14144E+01    1
   22   20        24   18       -0.13341          616.93692      614.58969         0.24294E+01    0.24294E+01    0
   21   20        22   19        0.22796          863.30050      866.86909         0.19305E+01    0.14470E+01    1
   23   21        25   19       -0.24911          391.82531      389.49443         0.46007E+01    0.46007E+01    0
   25   22        28   19       -0.18889          112.37849      110.76224         0.76407E+01    0.76407E+01    0
   33   28        42   19       -0.01387           13.49830       13.30835         0.19428E+02    0.19428E+02    0
   22   21        23   20       -0.34923          879.90742      876.52977         0.21836E+01    0.21836E+01    0
   24   22        26   20       -0.41969          437.15451      434.46037         0.67852E+01    0.67852E+01    0
   30   27        37   20        1.11056          -29.23033       -9.69355         0.16712E+02    0.13914E+02    1
   32   28        40   20       -0.79766           14.80716       13.66564         0.17609E+03    0.17609E+03    0
   23   22        24   21       -0.37524         1333.86622     1328.67773         0.16257E+01    0.16257E+01    0
   25   23        27   21       -0.15584          372.79554      371.18154         0.41903E+01    0.41903E+01    0
   31   28        38   21        0.40072            1.31816        4.56374         0.29916E+02    0.29916E+02    0
   24   23        25   22       -0.03224          664.96709      664.65153         0.23724E+01    0.21143E+01    1
   26   24        28   22       -0.10997          411.48406      411.07987         0.11427E+02    0.11427E+02    0
   30   28        36   22        0.85794           -4.31338       -1.43762         0.75681E+02    0.74439E+02    1
   40   29        51   22       -1.15624           18.14821        7.39068         0.35013E+02    0.16721E+02    1
   25   24        26   23       -0.11370         1692.46226     1690.52557         0.17851E+01    0.13093E+01    1
   29   28        34   23       -1.04899           55.00863       45.90426         0.51627E+02    0.35294E+02    1
   39   29        49   23        0.25668           24.12582       25.52657         0.24629E+02    0.24629E+02    0
   41   30        52   23       -1.16031           37.28883       28.71672         0.44943E+02    0.20827E+02    1
   26   25        27   24       -0.20026          518.58687      516.93665         0.24638E+01    0.24638E+01    0
   38   29        47   24        1.20184           17.74951       28.58825         0.19664E+02    0.12472E+02    1
   40   30        50   24       -0.98698           24.98759       20.48375         0.34138E+02    0.29002E+02    1
   27   26        28   25       -0.37537         1348.41895     1344.08716         0.24963E+01    0.18590E+01    1
   37   29        45   25       -0.61689           44.74245       43.08414         0.33881E+02    0.33881E+02    0
   39   30        48   25       -0.33927           45.12652       44.91637         0.19058E+03    0.17938E+03    1
   41   31        51   25       -0.74268           43.41437       43.04833         0.26818E+03    0.26818E+03    0
   36   29        43   26       -1.09348           55.09977       51.17442         0.25092E+02    0.19027E+02    1
   38   30        46   26       -0.46636           40.54586       40.13794         0.10153E+03    0.10153E+03    0
   40   31        49   26        1.44024           14.35410       22.03786         0.61286E+02    0.20692E+02    1
   37   30        44   27        0.95328          154.59956      156.33333         0.37388E+02    0.36847E+02    1
   39   31        47   27        1.44264           96.53842      112.93325         0.40512E+02    0.77969E+01    1
   34   29        39   28        0.19743          173.82030      174.82545         0.43856E+01    0.43856E+01    0
   36   30        42   28        0.77919          148.64788      151.74920         0.11198E+02    0.11198E+02    0
   38   31        45   28       -0.59524          118.81240      115.71513         0.12865E+02    0.12865E+02    0
   40   32        48   28       -0.91481           50.64044       48.08337         0.33197E+02    0.31380E+02    1
   42   33        51   28        1.06814           32.00022       37.05979         0.26042E+02    0.22905E+02    1
   31   30        32   29       -0.41878          353.97930      351.21208         0.29608E+01    0.29608E+01    0
   33   31        35   29       -0.13124          382.30430      381.31220         0.52912E+01    0.52912E+01    0
   37   33        41   29        1.17123           56.11638       65.38391         0.22109E+02    0.10351E+02    1
   39   34        44   29       -0.22302           17.75825       16.95942         0.30663E+02    0.27613E+02    1
   43   36        50   29       -0.49470           57.20536       52.87769         0.15592E+02    0.15592E+02    0
   32   31        33   30       -0.29037          584.89301      582.76841         0.28607E+01    0.28607E+01    0
   34   32        36   30       -0.28813          271.96031      270.63874         0.88892E+01    0.88892E+01    0
   36   33        39   30       -1.02820           96.06214       91.76194         0.25251E+02    0.14767E+02    1
   38   34        42   30       -0.07374            5.44268        5.26918         0.53620E+02    0.34479E+02    1
   42   36        48   30       -0.41773           39.21736       36.99090         0.21944E+02    0.21944E+02    0
   44   37        51   30       -0.96097           33.95385       25.26913         0.15530E+02    0.15183E+02    1
   33   32        34   31       -0.45520          396.66841      393.81108         0.30937E+01    0.30937E+01    0
   35   33        37   31       -0.67813          256.04362      252.94219         0.88858E+01    0.88858E+01    0
   37   34        40   31        0.59654           60.73430       62.49598         0.27502E+02    0.20406E+02    1
   39   35        43   31        1.13227          -20.99100      -11.15501         0.15753E+02    0.91769E+01    1
   41   36        46   31       -0.75917           24.64748       21.61328         0.24388E+02    0.24388E+02    0
   43   37        49   31        0.43809           32.75985       35.71199         0.17281E+02    0.17281E+02    0
   45   38        52   31       -1.47744           46.13967       22.92289         0.47066E+02    0.87508E+01    1
   34   33        35   32        0.61639          618.03705      623.30101         0.28262E+01    0.24090E+01    1
   36   34        38   32       -0.55484          246.07528      244.62872         0.15310E+02    0.15310E+02    0
   38   35        41   32        0.39047           92.68504       95.34835         0.11228E+02    0.88235E+01    1
   40   36        44   32       -1.34170           51.04267       27.41510         0.17649E+02    0.44827E+01    1
   42   37        47   32        0.60780           61.43116       65.36071         0.15004E+02    0.15004E+02    0
   44   38        50   32       -0.70884           43.90037       41.86377         0.40964E+02    0.40964E+02    0
   37   35        39   33       -0.18604          240.48060      239.47381         0.74463E+01    0.74463E+01    0
   39   36        42   33       -1.29361          180.14365      164.10543         0.13909E+02    0.48277E+01    1
   41   37        45   33        0.35581           85.04474       87.22433         0.12700E+02    0.12700E+02    0
   43   38        48   33        1.00139           81.82956       84.72216         0.44374E+02    0.33587E+02    1
   45   39        51   33       -1.06474           36.12227       35.54200         0.70279E+03    0.21761E+03    1
   36   35        37   34       -1.13062          626.28931      607.88819         0.26291E+01    0.12220E+01    1
   38   36        40   34       -0.17347          267.55133      266.59835         0.73579E+01    0.73579E+01    0
   40   37        43   34        0.14661           53.45255       54.23000         0.11402E+02    0.11402E+02    0
   42   38        46   34       -0.60367           83.51051       81.61237         0.31177E+02    0.24801E+02    1
   44   39        49   34       -0.71768           34.87202       34.34088         0.13428E+03    0.13428E+03    0
   46   40        52   34        0.13637           37.09152       37.51750         0.48250E+02    0.38164E+02    1
   37   36        38   35        0.05865          607.87903      608.48012         0.19949E+01    0.19949E+01    0
   43   39        47   35       -1.16655          119.83511       97.90135         0.61637E+01    0.41901E+01    1
   38   37        39   36       -0.19060          371.00190      370.14506         0.45369E+01    0.45369E+01    0
   40   38        42   36        1.36087          145.02376      164.13038         0.18040E+02    0.29044E+01    1
   42   39        45   36       -1.23630          132.82950      120.17068         0.48844E+02    0.57660E+01    1
   44   40        48   36       -0.72018          103.82539      103.06072         0.74708E+02    0.74708E+02    0
   46   41        51   36       -0.22473           49.63993       48.01930         0.13856E+02    0.13856E+02    0
   39   38        40   37       -0.15491          377.36835      376.63787         0.48996E+01    0.42001E+01    1
   41   39        43   37       -0.46372          167.27669      166.64653         0.30361E+02    0.30361E+02    0
   43   40        46   37       -0.70650          151.92549      150.23946         0.37002E+02    0.24696E+02    1
   45   41        49   37       -1.15313           74.72513       65.43424         0.12276E+02    0.10001E+02    1
   47   42        52   37       -0.00526           29.59179       29.58077         0.48094E+02    0.48094E+02    0
   40   39        41   38       -0.45982          130.10323      128.98450         0.15111E+02    0.86030E+01    1
   42   40        44   38       -0.57311          262.11075      260.81225         0.26669E+02    0.17252E+02    1
   44   41        47   38        0.21357          100.33464      101.31833         0.13000E+02    0.13000E+02    0
   46   42        50   38       -0.48343           56.16556       55.51102         0.81607E+02    0.59877E+02    1
   41   40        42   39        1.57627          320.94763      375.24322         0.72552E+01    0.58931E+00    1
   43   41        45   39        0.88819          188.71504      196.27949         0.58874E+01    0.45838E+01    1
   45   42        48   39       -0.64308          101.27285       97.97462         0.11837E+02    0.11837E+02    0
   47   43        51   39       -0.98152           39.49867       29.65136         0.11567E+02    0.80048E+01    1
   42   41        43   40       -0.00010          235.98589      235.98554         0.60631E+01    0.55131E+01    1
   44   42        46   40        0.07349           74.23041       74.46798         0.18425E+02    0.12561E+02    1
   46   43        49   40       -0.43984            0.31805       -1.15624         0.18323E+02    0.18323E+02    0
   48   44        52   40       -0.57214           65.29119       62.31310         0.16623E+02    0.15118E+02    1
   43   42        44   41       -1.38744          568.91981      553.92420         0.93419E+01    0.18625E+01    1
   45   43        47   41       -0.28100          130.79926      130.17642         0.18374E+02    0.18374E+02    0
   47   44        50   41        0.16155          112.95842      113.43508         0.19945E+02    0.19945E+02    0
   44   43        45   42       -0.38045          191.04501      189.85883         0.12797E+02    0.64169E+01    1
   46   44        48   42        0.19887          208.24356      208.69228         0.18140E+02    0.17318E+02    1
   48   45        51   42       -1.12920          151.05113      140.17611         0.16257E+02    0.60204E+01    1
   45   44        46   43        1.18385          256.48117      275.38724         0.83178E+01    0.12103E+01    1
   47   45        49   43        0.28533          128.41016      129.66683         0.11297E+02    0.88653E+01    1
   49   46        52   43        0.16536          119.60685      120.12301         0.18550E+02    0.18550E+02    0
   46   45        47   44        0.21467          151.06106      152.08239         0.91974E+01    0.40909E+01    1
   48   46        50   44        0.19554          114.90248      115.25790         0.21777E+02    0.21251E+02    1
   47   46        48   45        0.22239          160.13778      160.73039         0.73143E+01    0.73143E+01    0
   49   47        51   45       -0.17087          156.64845      155.90017         0.89194E+01    0.89194E+01    0
   48   47        49   46       -0.39460          217.58981      216.55672         0.74982E+01    0.74982E+01    0
   50   48        52   46       -0.29630          111.50385      110.70157         0.14386E+02    0.14386E+02    0
   49   48        50   47        0.04844          252.35397      252.45730         0.94640E+01    0.91885E+01    1
   50   49        51   48       -0.19570          210.16775      209.63591         0.72837E+01    0.72837E+01    0
   51   50        52   49       -0.11642          333.80472      333.31295         0.45866E+01    0.45866E+01    0
