    P+   P-        C+   C-  Normalised_Error  Observed_Rho_a  Calculated_Rho_a  Original_Weight  Final_Weight    C
    2    8         4    6       -0.23697         1012.88640     1010.54053         0.50584E+01    0.50584E+01    0
    2   20         8   14        0.62433          231.91094      235.85364         0.21768E+02    0.21768E+02    0
    2   23         9   16       -1.49523          205.55084      192.32289         0.38811E+02    0.17921E+02    1
    2   26        10   18       -0.16428          222.90855      214.53439         0.35168E+01    0.35168E+01    0
    2   31        13   24       -0.96377           71.39341       60.23106         0.13665E+02    0.13665E+02    0
    2   34        14   26        0.24946           25.64953       25.95208         0.15854E+03    0.14542E+03    1
    2   37        15   28        1.17955           30.26027       42.76993         0.20188E+02    0.18577E+02    1
    3    6         4    5       -0.15980          844.22314      842.70827         0.22491E+01    0.22484E+01    1
    3    9         5    7       -0.08786          752.74229      752.17887         0.68905E+01    0.66218E+01    1
    3   12         6    9       -0.18039          493.25125      492.13479         0.10081E+02    0.10081E+02    0
    3   15         7   11       -1.16650          280.53088      254.44540         0.42187E+01    0.39254E+01    1
    3   18         8   13        1.35784          182.31372      197.96520         0.15943E+02    0.95955E+01    1
    3   21         9   15       -0.07772          122.91810      122.46296         0.22618E+02    0.22618E+02    0
    3   24        10   17        0.23612          125.80414      140.51604         0.24744E+01    0.24744E+01    0
    3   27        11   19       -1.23656          108.54552      100.30055         0.36289E+02    0.26023E+02    1
    3   29        13   23       -0.58036           50.59084       45.10560         0.14438E+02    0.14438E+02    0
    3   32        14   25       -1.12119           40.71644       39.65405         0.21309E+03    0.16417E+03    1
    4    7         5    6       -0.02317         1310.04087     1309.81658         0.25189E+01    0.24385E+01    1
    4   10         6    8       -0.23005          654.80087      653.13726         0.57562E+01    0.57562E+01    0
    4   13         7   10        0.50732          232.29096      236.42349         0.87364E+01    0.80011E+01    1
    4   16         8   12       -1.29711          266.83636      255.46378         0.14358E+02    0.10189E+02    1
    4   19         9   14       -0.34085          150.88877      149.10491         0.21062E+02    0.21062E+02    0
    4   22        10   16       -0.73091          115.47331      113.76579         0.56608E+02    0.56608E+02    0
    4   28        12   20       -0.13530           53.69316       51.89004         0.12803E+02    0.12803E+02    0
    4   30        14   24       -1.32243           43.55742       31.54630         0.18034E+02    0.14801E+02    1
    4   33        15   26        1.38684            5.80150       12.20375         0.46780E+02    0.33425E+02    1
    4   36        16   28        0.32878            4.13264       10.77606         0.86192E+01    0.86192E+01    0
    4   45        19   30       -1.11066           32.36654       15.72033         0.24751E+02    0.24189E+02    1
    5    8         6    7       -0.01564         1166.47542     1166.31247         0.29311E+01    0.19675E+01    1
    5   14         8   11       -1.23113          299.56706      272.08532         0.39686E+01    0.29572E+01    1
    5   17         9   13       -0.85945          270.28878      262.86573         0.14692E+02    0.10204E+02    1
    5   20        10   15        0.05384          126.55599      126.77686         0.26810E+02    0.26810E+02    0
    5   23        11   17       -1.06446          135.31219       79.54954         0.25021E+01    0.25021E+01    0
    5   26        12   19        1.03919           53.17255       57.33872         0.39113E+02    0.37689E+02    1
    5   31        15   25        1.16533           48.16613       50.28934         0.86435E+02    0.73902E+02    1
    5   34        16   27       -0.38457           19.84145       13.65815         0.95218E+01    0.95218E+01    0
    5   43        19   29       -0.16694           16.15041       13.34041         0.20480E+02    0.20480E+02    0
    5   46        20   31        1.23385           -0.01350        8.99633         0.56473E+02    0.49678E+02    1
    6    9         7    8        0.18412          968.83272      970.36549         0.28092E+01    0.27451E+01    1
    6   15         9   12        0.63977          358.98744      363.32805         0.11637E+02    0.99115E+01    1
    6   18        10   14       -0.01171          217.53156      217.48302         0.21373E+02    0.21373E+02    0
    6   24        12   18       -0.08110           96.21208       93.27570         0.35866E+01    0.35866E+01    0
    6   27        13   20       -0.16271           23.51715       21.00990         0.97425E+01    0.97425E+01    0
    6   29        15   24       -0.80975           46.72008       40.00564         0.13683E+02    0.13683E+02    0
    6   32        16   26        0.18039           18.28617       20.44114         0.11131E+02    0.11131E+02    0
    6   44        20   30       -0.24600           12.40680       10.84822         0.54620E+02    0.54620E+02    0
    6   47        21   32        0.66405            7.83370       12.21456         0.55269E+02    0.55269E+02    0
    7   16        10   13       -0.79445          469.93760      463.45898         0.12850E+02    0.79895E+01    1
    7   22        12   17       -0.11696          118.17941      113.16494         0.25039E+01    0.25039E+01    0
    7   25        13   19        1.16670           50.88218       59.09962         0.19609E+02    0.18242E+02    1
    7   28        14   21        0.11819           53.62345       55.45360         0.95183E+01    0.95183E+01    0
    7   30        16   25       -0.05138           73.11034       72.64231         0.12332E+02    0.12332E+02    0
    7   33        17   27       -1.70608           62.89947       53.94083         0.41743E+02    0.25153E+02    1
    7   42        20   29       -0.14395           27.06695       25.80197         0.37100E+02    0.37100E+02    0
    7   45        21   31        1.35808           10.92154       21.22566         0.56694E+02    0.45311E+02    1
    7   48        22   33       -0.48002           30.94126       28.35915         0.67791E+02    0.67791E+02    0
    8   14        10   12       -0.01080          522.49518      522.40980         0.72246E+01    0.55045E+01    1
    8   20        12   16       -0.40283          117.51175      116.58979         0.40254E+02    0.36948E+02    1
    8   26        14   20        0.02158           38.56267       38.82942         0.10305E+02    0.10305E+02    0
    8   31        17   26        0.30791           47.51140       48.18437         0.50890E+02    0.50890E+02    0
    8   43        21   30       -0.26753           11.59568        9.16667         0.36131E+02    0.36131E+02    0
    9   18        12   15       -0.02575          198.38019      198.30350         0.21240E+02    0.21240E+02    0
    9   21        13   17       -0.26614          122.27692      112.32771         0.22904E+01    0.22904E+01    0
    9   24        14   19       -0.04002           58.70268       58.51505         0.22900E+02    0.22900E+02    0
    9   27        15   21       -0.94402           85.79015       70.39863         0.77779E+01    0.77779E+01    0
    9   29        17   25        0.30681           73.39622       73.57660         0.15487E+03    0.15487E+03    0
    9   32        18   27       -2.17247          107.01305       57.66840         0.15859E+02    0.48708E+01    1
    9   41        21   29        1.04898            2.56961       12.41727         0.32807E+02    0.32807E+02    0
    9   44        22   31        0.60353           15.81502       19.19751         0.58538E+02    0.58538E+02    0
    9   47        23   33        1.02653           15.88154       25.76293         0.35949E+02    0.35949E+02    0
   10   16        12   14       -1.04472          367.82448      364.55171         0.13454E+02    0.13454E+02    0
   10   19        13   16        0.41580          170.96190      172.44671         0.17706E+02    0.17706E+02    0
   10   25        15   20        1.25374           66.22577       83.45478         0.89284E+01    0.77296E+01    1
   10   28        16   22       -0.41709           61.42526       55.46702         0.87993E+01    0.87993E+01    0
   10   30        18   26       -2.31936           79.75985       41.72784         0.20221E+02    0.54439E+01    1
   10   33        19   28        0.68134           31.65045       36.74262         0.14785E+02    0.14785E+02    0
   10   42        22   30       -1.33492           25.68300       17.18158         0.60315E+02    0.49042E+02    1
   10   48        24   34       -1.25189           32.52261       15.77383         0.30082E+02    0.26082E+02    1
   11   14        12   13        0.21911          725.70573      726.99057         0.46955E+01    0.35053E+01    1
   11   17        13   15       -0.05486          385.53805      385.18583         0.98330E+01    0.66379E+01    1
   11   20        14   17       -0.84751          226.85660      203.13540         0.22989E+01    0.22989E+01    0
   11   23        15   19       -1.75375          202.05040      159.58056         0.14719E+02    0.35805E+01    1
   11   26        16   21        1.01840          116.63230      138.12882         0.50699E+01    0.50699E+01    0
   11   31        19   27        1.70030          111.26587      133.91950         0.16632E+02    0.67159E+01    1
   11   40        22   29        1.59841           16.75047       33.02340         0.43834E+02    0.28789E+02    1
   11   43        23   31        0.92443           18.65715       25.30557         0.43473E+02    0.43473E+02    0
   11   46        24   33       -0.08177           35.12196       34.88772         0.11507E+03    0.11507E+03    0
   12   15        13   14       -0.76079         1974.44480     1957.67767         0.30854E+01    0.99880E+00    1
   12   18        14   16       -0.03399          348.14561      348.00099         0.10866E+02    0.10065E+02    1
   12   24        16   20       -0.03082          196.63947      196.11348         0.50955E+01    0.50955E+01    0
   12   27        17   22       -0.08616          126.31200      125.94125         0.24578E+02    0.24578E+02    0
   12   29        19   26        0.50198           75.35831       77.27119         0.17817E+02    0.17817E+02    0
   12   32        20   28        0.43158           71.43799       73.56417         0.18120E+02    0.18120E+02    0
   12   41        23   30        0.13310           28.16141       29.32696         0.33783E+02    0.33783E+02    0
   12   44        24   32       -0.24192           37.37617       36.31740         0.71765E+02    0.71765E+02    0
   12   47        25   34        0.37489           11.90922       17.25756         0.23236E+02    0.23236E+02    0
   12   50        26   36       -0.29537           26.32358       24.05804         0.45688E+02    0.45688E+02    0
   13   16        14   15        0.09263          539.98060      540.35657         0.52848E+01    0.52848E+01    0
   13   19        15   17       -0.12226          469.65954      467.03044         0.19980E+01    0.19980E+01    0
   13   22        16   19        0.46398          224.12086      228.81218         0.65572E+01    0.65572E+01    0
   13   25        17   21       -1.50069          202.30755      174.41097         0.81009E+01    0.45961E+01    1
   13   30        20   27        1.10893          176.28664      180.75708         0.20016E+02    0.16682E+02    1
   13   39        23   29       -0.62801           42.27781       36.31523         0.29206E+02    0.29206E+02    0
   13   42        24   31       -1.20347           39.67272       35.24051         0.10612E+03    0.80575E+02    1
   13   45        25   33       -1.52587           38.01743       26.07139         0.58789E+02    0.39846E+02    1
   14   17        15   16        0.09701          526.50245      527.26626         0.44102E+01    0.27069E+01    1
   14   23        17   20       -0.06631          209.59314      209.06628         0.81761E+01    0.81761E+01    0
   14   31        21   28       -0.97723          136.62529      132.10668         0.14629E+02    0.14629E+02    0
   14   40        24   30       -1.45865           45.61313       36.13503         0.62026E+02    0.43101E+02    1
   14   43        25   32        0.69545           12.41403       17.03122         0.44828E+02    0.44828E+02    0
   14   46        26   34       -0.35569           35.38940       29.84230         0.20205E+02    0.20205E+02    0
   14   52        28   38        1.54879          -36.01665      -16.32646         0.47965E+02    0.27363E+02    1
   15   18        16   17        0.05205         1054.77339     1055.64996         0.13121E+01    0.13121E+01    0
   15   21        17   19       -0.19306          286.70048      285.70805         0.85276E+01    0.85276E+01    0
   15   24        18   21        1.03749          154.18850      166.68213         0.53951E+01    0.53951E+01    0
   15   27        19   23       -0.05185           64.15822       63.68720         0.92969E+01    0.92969E+01    0
   15   29        21   27       -0.96020          263.80344      259.93678         0.11252E+02    0.11252E+02    0
   15   38        24   29       -1.36361           49.37838       33.03852         0.27548E+02    0.21928E+02    1
   15   41        25   31        0.50878            5.95686       10.66445         0.30111E+02    0.30111E+02    0
   15   50        28   37        0.60803          -13.71051       -4.83969         0.22666E+02    0.22666E+02    0
   16   19        17   18        0.10703          831.94737      833.07495         0.19931E+01    0.19931E+01    0
   16   25        19   22       -0.37089          159.65677      157.74203         0.12166E+02    0.12166E+02    0
   16   28        20   24       -0.23074           55.17588       53.72975         0.13450E+02    0.13450E+02    0
   16   30        22   28       -0.47946          165.49142      163.69183         0.11914E+02    0.11914E+02    0
   16   39        25   30        0.29094           10.96983       12.40497         0.53484E+02    0.53484E+02    0
   16   45        27   34        1.13015          -13.26533        2.11204         0.22759E+02    0.21858E+02    1
   16   48        28   36       -0.33852            0.36436       -1.49898         0.56896E+02    0.56896E+02    0
   17   20        18   19       -0.47149         1060.69294     1056.89222         0.27895E+01    0.27895E+01    0
   17   23        19   21        0.09363          440.52048      441.39170         0.46171E+01    0.46171E+01    0
   17   26        20   23        2.01786          207.91726      259.28019         0.10184E+02    0.25306E+01    1
   17   37        25   29        0.85274            6.02218       13.47300         0.28481E+02    0.28481E+02    0
   18   21        19   20       -0.02049         1112.38696     1112.12567         0.23917E+01    0.16602E+01    1
   18   24        20   22       -0.81670          621.03503      616.47593         0.76567E+01    0.76567E+01    0
   19   22        20   21        0.09001          893.36721      894.27301         0.27720E+01    0.22509E+01    1
   19   25        21   23       -0.43193          439.36407      436.54152         0.65877E+01    0.65877E+01    0
   19   28        22   25       -0.65805          134.69743      133.55050         0.37511E+02    0.37511E+02    0
   19   42        28   33        0.12688           15.72461       16.38972         0.50771E+02    0.50771E+02    0
   20   23        21   22       -0.07075          877.47537      876.86361         0.31466E+01    0.24424E+01    1
   20   26        22   24       -0.45591          469.04502      466.34378         0.73513E+01    0.73513E+01    0
   20   37        27   30        1.56366          -20.75593       -8.18398         0.49471E+02    0.30443E+02    1
   20   40        28   32        0.31652           17.63654       19.14720         0.52798E+02    0.52798E+02    0
   21   24        22   23       -0.50591         1414.67421     1408.89680         0.22942E+01    0.19683E+01    1
   21   27        23   25       -0.50632          374.95648      373.18830         0.12427E+02    0.12427E+02    0
   21   38        28   31        0.71091            4.98649        8.35177         0.51185E+02    0.51185E+02    0
   22   25        23   24       -0.06446          673.43579      672.97798         0.32189E+01    0.29143E+01    1
   22   28        24   26        0.03565          406.18335      406.31431         0.11432E+02    0.11432E+02    0
   22   36        28   30        0.48219            0.92356        3.60348         0.44894E+02    0.44894E+02    0
   22   51        29   40       -1.38175           19.03396        8.39904         0.30292E+02    0.20213E+02    1
   23   26        24   25       -0.02080         1730.46177     1730.12152         0.25689E+01    0.13636E+01    1
   23   34        28   29       -1.28408           64.89506       50.69814         0.36747E+02    0.27706E+02    1
   23   49        29   39       -0.36695           27.62097       22.11844         0.89634E+01    0.89634E+01    0
   23   52        30   41       -1.47526           39.89844       27.43713         0.31990E+02    0.18216E+02    1
   24   27        25   26       -0.24870          554.03345      552.69177         0.37634E+01    0.37634E+01    0
   24   47        29   38        1.51710           22.49262       28.78753         0.45898E+02    0.27107E+02    1
   24   50        30   40       -1.22050           28.30944       22.63263         0.35207E+02    0.28454E+02    1
   25   28        26   27       -0.48680         1348.96703     1343.44464         0.32792E+01    0.18911E+01    1
   25   45        29   37        0.10930           52.23555       52.59349         0.27810E+02    0.27810E+02    0
   25   48        30   39       -0.02488           49.02496       48.72175         0.91164E+01    0.91164E+01    0
   25   51        31   41        0.00587           46.01685       46.04584         0.26773E+02    0.26773E+02    0
   26   43        29   36       -1.12173           63.65399       60.94600         0.29240E+02    0.28293E+02    1
   26   46        30   38       -0.10006           47.03719       46.83509         0.43970E+02    0.43970E+02    0
   26   49        31   40        1.34325           19.28206       25.94671         0.27535E+02    0.22249E+02    1
   27   44        30   37        1.36692          161.02162      167.16569         0.22646E+02    0.14909E+02    1
   27   47        31   39        1.24913          101.71259      117.13009         0.82619E+01    0.71790E+01    1
   28   39        29   34        0.38247          187.54076      188.93979         0.61043E+01    0.61043E+01    0
   28   42        30   36        1.22805          158.02626      161.50841         0.17784E+02    0.15718E+02    1
   28   45        31   38       -1.37663          127.37428      121.84178         0.26282E+02    0.16657E+02    1
   28   48        32   40       -1.16341           56.28002       51.33226         0.26342E+02    0.20625E+02    1
   28   51        33   42        0.18970           35.98957       36.86078         0.23624E+02    0.23624E+02    0
   29   32        30   31       -0.36411          357.02602      354.71072         0.43601E+01    0.30767E+01    1
   29   35        31   33       -0.30566          393.82361      392.62117         0.10168E+02    0.10168E+02    0
   29   41        33   37        0.38288           62.62531       64.49456         0.16777E+02    0.16777E+02    0
   29   44        34   39       -0.54352           21.72126       14.94271         0.79304E+01    0.79304E+01    0
   29   50        36   43       -0.87331           60.23310       54.86319         0.22183E+02    0.22183E+02    0
   30   33        31   32       -0.92034          597.21965      592.46051         0.44866E+01    0.40477E+01    1
   30   36        32   34       -0.13920          285.67709      284.99391         0.83079E+01    0.83079E+01    0
   30   39        33   36       -1.21780          106.10717      101.32162         0.17633E+02    0.15716E+02    1
   30   42        34   38       -0.20718           12.97407       12.31778         0.26597E+02    0.25609E+02    1
   30   48        36   42       -1.32047           43.49498       37.14840         0.51614E+02    0.24335E+02    1
   30   51        37   44       -0.77071           36.04190       31.49189         0.23243E+02    0.23243E+02    0
   31   34        32   33       -0.06451          402.66728      402.26312         0.43029E+01    0.30995E+01    1
   31   37        33   35       -0.72829          281.46327      273.29605         0.36239E+01    0.36239E+01    0
   31   40        34   37        1.28950           70.77207       78.12473         0.16274E+02    0.10569E+02    1
   31   43        35   39        0.26589          -11.45016       -8.53919         0.72817E+01    0.72817E+01    0
   31   46        36   41       -0.88377           32.04114       27.85595         0.22123E+02    0.20583E+02    1
   31   49        37   43        0.41714           36.86527       40.27673         0.14239E+02    0.14239E+02    0
   31   52        38   45       -0.83569           44.59741       34.51972         0.11403E+02    0.11403E+02    0
   32   35        33   34        0.07027          613.16229      613.65388         0.35721E+01    0.29408E+01    1
   32   38        34   36       -1.02809          257.30177      254.16255         0.13072E+02    0.13072E+02    0
   32   41        35   38       -0.39098          104.89128      103.43802         0.17549E+02    0.16191E+02    1
   32   44        36   40       -1.56927           57.68395       40.87475         0.21704E+02    0.73697E+01    1
   32   47        37   42       -0.09950           65.86071       65.42842         0.22327E+02    0.22327E+02    0
   32   50        38   44        0.05123           48.22388       48.37715         0.39336E+02    0.39336E+02    0
   33   39        35   37       -0.57272          247.47055      245.17578         0.10057E+02    0.10057E+02    0
   33   42        36   39       -1.43243          187.56871      168.89548         0.72102E+01    0.45914E+01    1
   33   45        37   41        0.30399           89.27505       90.91650         0.14407E+02    0.14407E+02    0
   33   48        38   43        1.08785           85.45955       90.79313         0.19833E+02    0.19788E+02    1
   33   51        39   45        1.01917           43.46981       55.05542         0.10433E+02    0.10433E+02    0
   34   37        35   36       -1.36219          615.56375      602.56598         0.42606E+01    0.20844E+01    1
   34   40        36   38       -0.62220          275.15806      272.85805         0.13246E+02    0.10935E+02    1
   34   43        37   40        0.46953           60.32747       62.32279         0.14228E+02    0.14228E+02    0
   34   46        38   42       -1.34788           91.60153       84.19628         0.43564E+02    0.14194E+02    1
   34   49        39   44        1.47039           38.67997       46.47508         0.31853E+02    0.18746E+02    1
   34   52        40   46        0.55063           37.51291       40.43619         0.23610E+02    0.22455E+02    1
   35   38        36   37       -0.28292          622.49476      621.03208         0.39544E+01    0.39544E+01    0
   35   47        39   43       -1.43692          125.52270      112.08747         0.14970E+02    0.84259E+01    1
   36   39        37   38        0.12628          378.28166      378.77150         0.66385E+01    0.52578E+01    1
   36   42        38   40        1.12270          152.34575      155.58026         0.16799E+02    0.14154E+02    1
   36   45        39   42       -1.44182          139.94912      128.66051         0.28595E+02    0.75408E+01    1
   36   48        40   44       -0.53737          109.22964      107.82766         0.30404E+02    0.30404E+02    0
   36   51        41   46        0.64315           50.37282       52.95495         0.24889E+02    0.24889E+02    0
   37   40        38   39       -0.46551          387.76680      385.65955         0.43753E+01    0.43753E+01    0
   37   43        39   41       -0.09756          172.60624      172.34019         0.15130E+02    0.15130E+02    0
   37   46        40   43       -1.23017          161.58136      156.59608         0.16483E+02    0.14543E+02    1
   37   49        41   45       -0.67060           76.28628       71.33454         0.10913E+02    0.10913E+02    0
   37   52        42   47        0.16919           35.77116       36.33258         0.30371E+02    0.30371E+02    0
   38   41        39   40       -0.41313          135.38174      133.95322         0.11226E+02    0.60534E+01    1
   38   44        40   42       -1.01422          268.10300      265.76123         0.21438E+02    0.16929E+02    1
   38   47        41   44       -0.31778          105.31604      104.54964         0.30216E+02    0.24827E+02    1
   38   50        42   46       -0.72407           56.42414       53.74548         0.21914E+02    0.21914E+02    0
   39   42        40   41        1.75116          324.10905      352.36852         0.11138E+02    0.12579E+01    1
   39   45        41   43        0.46897          196.28364      197.91682         0.14937E+02    0.11210E+02    1
   39   48        42   45       -0.70984          104.82431      100.54836         0.10079E+02    0.10079E+02    0
   39   51        43   47       -1.35452           45.61675       35.72959         0.27924E+02    0.11002E+02    1
   40   43        41   42       -0.19638          240.69971      240.07147         0.14819E+02    0.62200E+01    1
   40   46        42   44        0.30606           82.66468       83.67008         0.24298E+02    0.12361E+02    1
   40   49        43   46       -1.28280           -2.08992       -7.49050         0.20420E+02    0.14589E+02    1
   40   52        44   48       -0.13006           70.54495       69.94569         0.19920E+02    0.17078E+02    1
   41   44        42   43       -1.42073          572.50831      566.35785         0.92575E+01    0.46500E+01    1
   41   47        43   45       -0.07230          129.80321      129.48905         0.93722E+01    0.93722E+01    0
   41   50        44   47        0.38630          119.59315      120.52765         0.24326E+02    0.24326E+02    0
   42   45        43   44       -0.64548          196.26079      194.86092         0.15786E+02    0.92252E+01    1
   42   48        44   46        0.51831          202.40976      203.71175         0.15556E+02    0.15556E+02    0
   42   51        45   48       -1.34898          157.78671      147.98027         0.15254E+02    0.79760E+01    1
   43   46        44   45        1.47477          262.91761      281.02180         0.68611E+01    0.15746E+01    1
   43   49        45   47        0.59724          139.39552      141.29375         0.16896E+02    0.12285E+02    1
   43   52        46   49        0.48966          132.61984      134.01945         0.20257E+02    0.20257E+02    0
   44   47        45   46        0.00468          138.91496      138.92809         0.10583E+02    0.69429E+01    1
   44   50        46   48        0.35796          128.61116      129.53304         0.14998E+02    0.14998E+02    0
   45   48        46   47        0.08834          182.00378      182.19439         0.12021E+02    0.90335E+01    1
   45   51        47   49        0.04700          158.04278      158.17792         0.16498E+02    0.13584E+02    1
   46   49        47   48       -0.45414          207.44018      206.16797         0.92027E+01    0.70076E+01    1
   46   52        48   50       -0.49009          111.23332      110.08739         0.16658E+02    0.16658E+02    0
   47   50        48   49       -0.02218          260.35088      260.29143         0.99674E+01    0.73134E+01    1
   48   51        49   50       -0.33380          215.08273      214.35927         0.91331E+01    0.91331E+01    0
   49   52        50   51       -0.08571          354.96526      354.69264         0.63038E+01    0.60914E+01    1
    6    4         8    2       -0.20155         1012.88640     1010.54053         0.43024E+01    0.43024E+01    0
   14    8        20    2        0.35758          231.91094      235.85364         0.12467E+02    0.12467E+02    0
   16    9        23    2       -1.10922          205.55084      192.32289         0.13586E+02    0.13295E+02    1
   18   10        26    2       -0.64261          222.90855      214.53439         0.13757E+02    0.13757E+02    0
   24   13        31    2       -1.18841           71.39341       60.23106         0.18450E+02    0.16850E+02    1
   26   14        34    2        0.02652           25.64953       25.95208         0.15460E+02    0.15460E+02    0
   28   15        37    2        0.87375           30.26027       42.76993         0.13761E+02    0.13761E+02    0
    5    4         6    3       -0.15730          844.22314      842.70827         0.22132E+01    0.22132E+01    0
    7    5         9    3       -0.06504          752.74229      752.17887         0.49017E+01    0.49017E+01    0
    9    6        12    3       -0.14247          493.25125      492.13479         0.79616E+01    0.79616E+01    0
   11    7        15    3       -1.43834          280.53088      254.44540         0.85303E+01    0.48402E+01    1
   13    8        18    3        1.16235          182.31372      197.96520         0.87963E+01    0.82140E+01    1
   15    9        21    3       -0.03836          122.91810      122.46296         0.11165E+02    0.11165E+02    0
   17   10        24    3        1.24147          125.80414      140.51604         0.14881E+02    0.13010E+02    1
   19   11        27    3       -0.75912          108.54552      100.30055         0.15975E+02    0.15975E+02    0
   23   13        29    3       -0.71756           50.59084       45.10560         0.17851E+02    0.17851E+02    0
   25   14        32    3       -0.13096           40.71644       39.65405         0.19176E+02    0.19176E+02    0
    6    5         7    4       -0.02271         1310.04087     1309.81658         0.24189E+01    0.23896E+01    1
    8    6        10    4       -0.23714          654.80087      653.13726         0.59335E+01    0.59335E+01    0
   10    7        13    4        0.52418          232.29096      236.42349         0.93269E+01    0.82671E+01    1
   12    8        16    4       -0.83004          266.83636      255.46378         0.65202E+01    0.65202E+01    0
   14    9        19    4       -0.22025          150.88877      149.10491         0.13610E+02    0.13610E+02    0
   16   10        22    4       -0.36992          115.47331      113.76579         0.28650E+02    0.28650E+02    0
   20   12        28    4       -0.44061           53.69316       51.89004         0.41691E+02    0.41691E+02    0
   24   14        30    4       -1.80217           43.55742       31.54630         0.55247E+02    0.20171E+02    1
   26   15        33    4        0.94672            5.80150       12.20375         0.22817E+02    0.22817E+02    0
   28   16        36    4        1.33895            4.13264       10.77606         0.53626E+02    0.35101E+02    1
   30   19        45    4       -1.42976           32.36654       15.72033         0.42417E+02    0.31138E+02    1
    7    6         8    5       -0.01478         1166.47542     1166.31247         0.26178E+01    0.18594E+01    1
   11    8        14    5       -1.36996          299.56706      272.08532         0.93301E+01    0.32907E+01    1
   13    9        17    5       -0.82919          270.28878      262.86573         0.12730E+02    0.98449E+01    1
   15   10        20    5        0.02399          126.55599      126.77686         0.11948E+02    0.11948E+02    0
   17   11        23    5       -1.94598          135.31219       79.54954         0.13721E+02    0.45743E+01    1
   19   12        26    5        0.52880           53.17255       57.33872         0.19178E+02    0.19178E+02    0
   25   15        31    5        0.35379           48.16613       50.28934         0.22437E+02    0.22437E+02    0
   27   16        34    5       -0.74589           19.84145       13.65815         0.18468E+02    0.18468E+02    0
   29   19        43    5       -0.21321           16.15041       13.34041         0.26156E+02    0.26156E+02    0
   31   20        46    5        0.60256           -0.01350        8.99633         0.24261E+02    0.24261E+02    0
    8    7         9    6        0.18411          968.83272      970.36549         0.28089E+01    0.27450E+01    1
   12    9        15    6        0.58441          358.98744      363.32805         0.97104E+01    0.90538E+01    1
   14   10        18    6       -0.00633          217.53156      217.48302         0.11551E+02    0.11551E+02    0
   18   12        24    6       -0.79017           96.21208       93.27570         0.36822E+02    0.34944E+02    1
   20   13        27    6       -0.68067           23.51715       21.00990         0.40756E+02    0.40756E+02    0
   24   15        29    6       -1.53974           46.72008       40.00564         0.42470E+02    0.26019E+02    1
   26   16        32    6        0.81308           18.28617       20.44114         0.52465E+02    0.50170E+02    1
   30   20        44    6       -0.37523           12.40680       10.84822         0.83315E+02    0.83315E+02    0
   32   21        47    6        0.71241            7.83370       12.21456         0.59294E+02    0.59294E+02    0
   13   10        16    7       -0.61817          469.93760      463.45898         0.68992E+01    0.62166E+01    1
   17   12        22    7       -1.38643          118.17941      113.16494         0.38672E+02    0.29681E+02    1
   19   13        25    7        1.54631           50.88218       59.09962         0.76172E+02    0.24178E+02    1
   21   14        28    7        0.67408           53.62345       55.45360         0.77267E+02    0.54286E+02    1
   25   16        30    7       -0.67952           73.11034       72.64231         0.17805E+03    0.16310E+03    1
   27   17        33    7       -1.57271           62.89947       53.94083         0.33597E+02    0.23187E+02    1
   29   20        42    7       -1.34197           27.06695       25.80197         0.52910E+03    0.34587E+03    1
   31   21        45    7        1.65196           10.92154       21.22566         0.83885E+02    0.55116E+02    1
   33   22        48    7       -1.27283           30.94126       28.35915         0.21726E+03    0.17976E+03    1
   12   10        14    8       -0.01042          522.49518      522.40980         0.67279E+01    0.53119E+01    1
   16   12        20    8       -0.23610          117.51175      116.58979         0.21656E+02    0.21656E+02    0
   20   14        26    8        0.05873           38.56267       38.82942         0.28042E+02    0.28042E+02    0
   26   17        31    8        0.20376           47.51140       48.18437         0.33676E+02    0.33676E+02    0
   30   21        43    8       -0.37836           11.59568        9.16667         0.51100E+02    0.51100E+02    0
   15   12        18    9       -0.01304          198.38019      198.30350         0.10756E+02    0.10756E+02    0
   17   13        21    9       -1.42340          122.27692      112.32771         0.20238E+02    0.12250E+02    1
   19   14        24    9       -0.07743           58.70268       58.51505         0.44306E+02    0.44306E+02    0
   21   15        27    9       -1.71144           85.79015       70.39863         0.36262E+02    0.14101E+02    1
   25   17        29    9        0.08408           73.39622       73.57660         0.42441E+02    0.42441E+02    0
   27   18        32    9       -2.71127          107.01305       57.66840         0.56408E+02    0.60788E+01    1
   29   21        41    9        1.63353            2.56961       12.41727         0.11097E+03    0.51089E+02    1
   31   22        44    9        0.89473           15.81502       19.19751         0.86783E+02    0.86783E+02    0
   33   23        47    9        1.41369           15.88154       25.76293         0.74290E+02    0.49508E+02    1
   14   12        16   10       -0.42843          367.82448      364.55171         0.55174E+01    0.55174E+01    0
   16   13        19   10        0.25625          170.96190      172.44671         0.10912E+02    0.10912E+02    0
   20   15        25   10        1.68833           66.22577       83.45478         0.21633E+02    0.10409E+02    1
   22   16        28   10       -1.08045           61.42526       55.46702         0.22794E+02    0.22794E+02    0
   26   18        30   10       -2.41033           79.75985       41.72784         0.26279E+02    0.56575E+01    1
   28   19        33   10        0.80911           31.65045       36.74262         0.17558E+02    0.17558E+02    0
   30   22        42   10       -0.95256           25.68300       17.18158         0.34995E+02    0.34995E+02    0
   34   24        48   10       -1.36544           32.52261       15.77383         0.35787E+02    0.28447E+02    1
   13   12        14   11        0.16614          725.70573      726.99057         0.26998E+01    0.26579E+01    1
   15   13        17   11       -0.03253          385.53805      385.18583         0.39366E+01    0.39366E+01    0
   17   14        20   11       -1.13973          226.85660      203.13540         0.43915E+01    0.30916E+01    1
   19   15        23   11       -1.50151          202.05040      159.58056         0.47872E+01    0.30656E+01    1
   21   16        26   11        1.04234          116.63230      138.12882         0.51891E+01    0.51891E+01    0
   27   19        31   11        1.22655          111.26587      133.91950         0.54747E+01    0.48447E+01    1
   29   22        40   11        0.32307           16.75047       33.02340         0.58189E+01    0.58189E+01    0
   31   23        43   11        0.12441           18.65715       25.30557         0.58504E+01    0.58504E+01    0
   33   24        46   11       -0.00416           35.12196       34.88772         0.58607E+01    0.58607E+01    0
   14   13        15   12       -0.76630         1974.44480     1957.67767         0.31758E+01    0.10060E+01    1
   16   14        18   12       -0.02735          348.14561      348.00099         0.80984E+01    0.80984E+01    0
   20   16        24   12       -0.19825          196.63947      196.11348         0.32781E+02    0.32781E+02    0
   22   17        27   12       -0.10416          126.31200      125.94125         0.35708E+02    0.29716E+02    1
   26   19        29   12        1.01116           75.35831       77.27119         0.35890E+02    0.35890E+02    0
   28   20        32   12        1.24589           71.43799       73.56417         0.62440E+02    0.52309E+02    1
   30   23        41   12        0.98360           28.16141       29.32696         0.24966E+03    0.24966E+03    0
   32   24        44   12       -0.56218           37.37617       36.31740         0.16677E+03    0.16677E+03    0
   34   25        47   12        1.47342           11.90922       17.25756         0.19376E+03    0.91323E+02    1
   36   26        50   12       -1.22069           26.32358       24.05804         0.22040E+03    0.18882E+03    1
   15   14        16   13        0.06060          539.98060      540.35657         0.34572E+01    0.34572E+01    0
   17   15        19   13       -0.41623          469.65954      467.03044         0.68022E+01    0.68022E+01    0
   19   16        22   13        1.09688          224.12086      228.81218         0.15665E+02    0.15502E+02    1
   21   17        25   13       -1.75856          202.30755      174.41097         0.22664E+02    0.53858E+01    1
   27   20        30   13        1.15006          176.28664      180.75708         0.26785E+02    0.17301E+02    1
   29   23        39   13       -0.93567           42.27781       36.31523         0.43514E+02    0.43514E+02    0
   31   24        42   13       -0.70440           39.67272       35.24051         0.47162E+02    0.47162E+02    0
   33   25        45   13       -1.22869           38.01743       26.07139         0.36321E+02    0.32085E+02    1
   16   15        17   14        0.09920          526.50245      527.26626         0.46118E+01    0.27681E+01    1
   20   17        23   14       -0.13414          209.59314      209.06628         0.16540E+02    0.16540E+02    0
   28   21        31   14       -1.35202          136.62529      132.10668         0.26831E+02    0.20240E+02    1
   30   24        40   14       -1.43883           45.61313       36.13503         0.58722E+02    0.42515E+02    1
   32   25        43   14        1.00959           12.41403       17.03122         0.65076E+02    0.65076E+02    0
   34   26        46   14       -1.23153           35.38940       29.84230         0.79376E+02    0.69958E+02    1
   38   28        52   14        1.65628          -36.01665      -16.32646         0.62732E+02    0.29262E+02    1
   17   16        18   15        0.10835         1054.77339     1055.64996         0.30489E+01    0.27315E+01    1
   19   17        21   15       -0.23336          286.70048      285.70805         0.10308E+02    0.10308E+02    0
   21   18        24   15        1.34898          154.18850      166.68213         0.20341E+02    0.70148E+01    1
   23   19        27   15       -0.14910           64.15822       63.68720         0.26735E+02    0.26735E+02    0
   27   21        29   15       -1.15054          263.80344      259.93678         0.15741E+02    0.13482E+02    1
   29   24        38   15       -1.76126           49.37838       33.03852         0.65289E+02    0.28322E+02    1
   31   25        41   15        0.89758            5.95686       10.66445         0.53121E+02    0.53121E+02    0
   37   28        50   15        1.31376          -13.71051       -4.83969         0.61898E+02    0.48975E+02    1
   18   17        19   16        0.16074          831.94737      833.07495         0.37988E+01    0.29930E+01    1
   22   19        25   16       -0.76443          159.65677      157.74203         0.25075E+02    0.25075E+02    0
   24   20        28   16       -0.73202           55.17588       53.72975         0.42671E+02    0.42671E+02    0
   28   22        30   16       -0.84752          165.49142      163.69183         0.21060E+02    0.21060E+02    0
   30   25        39   16        0.55047           10.96983       12.40497         0.10119E+03    0.10119E+03    0
   34   27        45   16        1.87643          -13.26533        2.11204         0.85288E+02    0.36291E+02    1
   36   28        48   16       -1.05235            0.36436       -1.49898         0.17687E+03    0.17687E+03    0
   19   18        20   17       -0.24491         1060.69294     1056.89222         0.14490E+01    0.14490E+01    0
   21   19        23   17        0.04186          440.52048      441.39170         0.20645E+01    0.20645E+01    0
   23   20        26   17        1.40916          207.91726      259.28019         0.22943E+01    0.17672E+01    1
   29   25        37   17        0.07252            6.02218       13.47300         0.24220E+01    0.24220E+01    0
   20   19        21   18       -0.01734         1112.38696     1112.12567         0.17131E+01    0.14051E+01    1
   22   20        24   18       -0.28834          621.03503      616.47593         0.27033E+01    0.27033E+01    0
   21   20        22   19        0.10164          893.36721      894.27301         0.35346E+01    0.25418E+01    1
   23   21        25   19       -0.51376          439.36407      436.54152         0.78357E+01    0.78357E+01    0
   25   22        28   19       -0.28015          134.69743      133.55050         0.15969E+02    0.15969E+02    0
   33   28        42   19        0.07977           15.72461       16.38972         0.31921E+02    0.31921E+02    0
   22   21        23   20       -0.06425          877.47537      876.86361         0.25954E+01    0.22182E+01    1
   24   22        26   20       -0.36207          469.04502      466.34378         0.58382E+01    0.58382E+01    0
   30   27        37   20        0.50315          -20.75593       -8.18398         0.97959E+01    0.97959E+01    0
   32   28        40   20        0.06736           17.63654       19.14720         0.11237E+02    0.11237E+02    0
   23   22        24   21       -0.48068         1414.67421     1408.89680         0.20711E+01    0.18702E+01    1
   25   23        27   21       -0.22442          374.95648      373.18830         0.55082E+01    0.55082E+01    0
   31   28        38   21        0.13360            4.98649        8.35177         0.96191E+01    0.96191E+01    0
   24   23        25   22       -0.06912          673.43579      672.97798         0.37012E+01    0.31250E+01    1
   26   24        28   22        0.02768          406.18335      406.31431         0.88770E+01    0.88770E+01    0
   30   28        36   22        0.47639            0.92356        3.60348         0.44354E+02    0.44354E+02    0
   40   29        51   22       -1.39746           19.03396        8.39904         0.31692E+02    0.20443E+02    1
   25   24        26   23       -0.01924         1730.46177     1730.12152         0.21976E+01    0.12612E+01    1
   29   28        34   23       -0.80461           64.89506       50.69814         0.17361E+02    0.17361E+02    0
   39   29        49   23       -0.73512           27.62097       22.11844         0.17956E+02    0.17956E+02    0
   41   30        52   23       -1.25019           39.89844       27.43713         0.17780E+02    0.15437E+02    1
   26   25        27   24       -0.20854          554.03345      552.69177         0.31557E+01    0.31557E+01    0
   38   29        47   24        0.87449           22.49262       28.78753         0.15625E+02    0.15625E+02    0
   40   30        50   24       -0.70220           28.30944       22.63263         0.16371E+02    0.16371E+02    0
   27   26        28   25       -0.51270         1348.96703     1343.44464         0.36373E+01    0.19917E+01    1
   37   29        45   25        0.28711           52.23555       52.59349         0.73055E+02    0.73055E+02    0
   39   30        48   25       -0.47520           49.02496       48.72175         0.20173E+03    0.17414E+03    1
   41   31        51   25        0.05936           46.01685       46.04584         0.27064E+03    0.27064E+03    0
   36   29        43   26       -1.27989           63.65399       60.94600         0.38067E+02    0.32282E+02    1
   38   30        46   26       -0.11174           47.03719       46.83509         0.49106E+02    0.49106E+02    0
   40   31        49   26        1.71796           19.28206       25.94671         0.59038E+02    0.28456E+02    1
   37   30        44   27        1.36016          161.02162      167.16569         0.22201E+02    0.14835E+02    1
   39   31        47   27        1.73716          101.71259      117.13009         0.25217E+02    0.99839E+01    1
   34   29        39   28        0.37886          187.54076      188.93979         0.60466E+01    0.60466E+01    0
   36   30        42   28        0.92806          158.02626      161.50841         0.11879E+02    0.11879E+02    0
   38   31        45   28       -1.13749          127.37428      121.84178         0.14424E+02    0.13764E+02    1
   40   32        48   28       -1.07531           56.28002       51.33226         0.19587E+02    0.19063E+02    1
   42   33        51   28        0.16434           35.98957       36.86078         0.20466E+02    0.20466E+02    0
   31   30        32   29       -0.35268          357.02602      354.71072         0.40906E+01    0.29801E+01    1
   33   31        35   29       -0.24567          393.82361      392.62117         0.81722E+01    0.81722E+01    0
   37   33        41   29        0.59368           62.62531       64.49456         0.26013E+02    0.26013E+02    0
   39   34        44   29       -1.18001           21.72126       14.94271         0.28119E+02    0.17217E+02    1
   43   36        50   29       -1.10971           60.23310       54.86319         0.30086E+02    0.28188E+02    1
   32   31        33   30       -0.87225          597.21965      592.46051         0.40299E+01    0.38362E+01    1
   34   32        36   30       -0.16357          285.67709      284.99391         0.10062E+02    0.97621E+01    1
   36   33        39   30       -1.28924          106.10717      101.32162         0.21940E+02    0.16638E+02    1
   38   34        42   30       -0.21852           12.97407       12.31778         0.29588E+02    0.27011E+02    1
   42   36        48   30       -1.22561           43.49498       37.14840         0.33739E+02    0.22586E+02    1
   44   37        51   30       -1.12330           36.04190       31.49189         0.35058E+02    0.33876E+02    1
   33   32        34   31       -0.06374          402.66728      402.26312         0.41024E+01    0.30628E+01    1
   35   33        37   31       -1.24543          281.46327      273.29605         0.96088E+01    0.61972E+01    1
   37   34        40   31        1.34484           70.77207       78.12473         0.22777E+02    0.11022E+02    1
   39   35        43   31        1.08160          -11.45016       -8.53919         0.29621E+02    0.29621E+02    0
   41   36        46   31       -1.03455           32.04114       27.85595         0.35428E+02    0.24094E+02    1
   43   37        49   31        1.07525           36.86527       40.27673         0.39496E+02    0.36704E+02    1
   45   38        52   31       -1.57555           44.59741       34.51972         0.38604E+02    0.21499E+02    1
   34   33        35   32        0.07516          613.16229      613.65388         0.40863E+01    0.31454E+01    1
   36   34        38   32       -1.13307          257.30177      254.16255         0.15040E+02    0.14407E+02    1
   38   35        41   32       -0.43182          104.89128      103.43802         0.21406E+02    0.17883E+02    1
   40   36        44   32       -1.62368           57.68395       40.87475         0.28508E+02    0.76252E+01    1
   42   37        47   32       -0.13517           65.86071       65.42842         0.31975E+02    0.30330E+02    1
   44   38        50   32        0.04946           48.22388       48.37715         0.37978E+02    0.37978E+02    0
   37   35        39   33       -0.68264          247.47055      245.17578         0.11987E+02    0.11987E+02    0
   39   36        42   33       -1.73949          187.56871      168.89548         0.19946E+02    0.55756E+01    1
   41   37        45   33        0.52068           89.27505       90.91650         0.24677E+02    0.24677E+02    0
   43   38        48   33        1.44697           85.45955       90.79313         0.35089E+02    0.26321E+02    1
   45   39        51   33        1.60133           43.46981       55.05542         0.35963E+02    0.16392E+02    1
   36   35        37   34       -1.31604          615.56375      602.56598         0.37119E+01    0.20138E+01    1
   38   36        40   34       -0.51981          275.15806      272.85805         0.92454E+01    0.91354E+01    1
   40   37        43   34        0.50715           60.32747       62.32279         0.15368E+02    0.15368E+02    0
   42   38        46   34       -1.20874           91.60153       84.19628         0.18222E+02    0.12729E+02    1
   44   39        49   34        1.29450           38.67997       46.47508         0.19682E+02    0.16503E+02    1
   46   40        52   34        0.47857           37.51291       40.43619         0.19516E+02    0.19516E+02    0
   37   36        38   35       -0.17399          622.49476      621.03208         0.24320E+01    0.24320E+01    0
   43   39        47   35       -0.82564          125.52270      112.08747         0.48415E+01    0.48415E+01    0
   38   37        39   36        0.13199          378.28166      378.77150         0.72521E+01    0.54954E+01    1
   40   38        42   36        1.17332          152.34575      155.58026         0.20040E+02    0.14792E+02    1
   42   39        45   36       -1.41435          139.94912      128.66051         0.24516E+02    0.73971E+01    1
   44   40        48   36       -0.61711          109.22964      107.82766         0.34916E+02    0.34916E+02    0
   46   41        51   36        0.90593           50.37282       52.95495         0.36482E+02    0.35058E+02    1
   39   38        40   37       -0.60842          387.76680      385.65955         0.65071E+01    0.57184E+01    1
   41   39        43   37       -0.12016          172.60624      172.34019         0.18634E+02    0.18634E+02    0
   43   40        46   37       -1.34187          161.58136      156.59608         0.23179E+02    0.15864E+02    1
   45   41        49   37       -1.30713           76.28628       71.33454         0.25617E+02    0.21272E+02    1
   47   42        52   37        0.14443           35.77116       36.33258         0.25927E+02    0.25927E+02    0
   40   39        41   38       -0.46827          135.38174      133.95322         0.14422E+02    0.68612E+01    1
   42   40        44   38       -1.02565          268.10300      265.76123         0.22421E+02    0.17120E+02    1
   44   41        47   38       -0.31838          105.31604      104.54964         0.30330E+02    0.24874E+02    1
   46   42        50   38       -1.14080           56.42414       53.74548         0.36289E+02    0.34527E+02    1
   41   40        42   39        1.62815          324.10905      352.36852         0.62196E+01    0.11695E+01    1
   43   41        45   39        0.29376          196.28364      197.91682         0.70218E+01    0.70218E+01    0
   45   42        48   39       -0.55947          104.82431      100.54836         0.79436E+01    0.79436E+01    0
   47   43        51   39       -1.00182           45.61675       35.72959         0.81375E+01    0.81375E+01    0
   42   41        43   40       -0.17549          240.69971      240.07147         0.11834E+02    0.55583E+01    1
   44   42        46   40        0.27457           82.66468       83.67008         0.19556E+02    0.11090E+02    1
   46   43        49   40       -1.30677           -2.08992       -7.49050         0.21989E+02    0.14861E+02    1
   48   44        52   40       -0.13621           70.54495       69.94569         0.21848E+02    0.17885E+02    1
   43   42        44   41       -1.43709          572.50831      566.35785         0.10145E+02    0.47035E+01    1
   45   43        47   41       -0.12730          129.80321      129.48905         0.16503E+02    0.16503E+02    0
   47   44        50   41        0.30003          119.59315      120.52765         0.18894E+02    0.18894E+02    0
   44   43        45   42       -0.63520          196.26079      194.86092         0.15147E+02    0.90783E+01    1
   46   44        48   42        0.63608          202.40976      203.71175         0.21410E+02    0.19090E+02    1
   48   45        51   42       -1.45490          157.78671      147.98027         0.27927E+02    0.86022E+01    1
   45   44        46   43        1.53272          262.91761      281.02180         0.93387E+01    0.16364E+01    1
   47   45        49   43        0.55109          139.39552      141.29375         0.14385E+02    0.11336E+02    1
   49   46        52   43        0.38188          132.61984      134.01945         0.15799E+02    0.15799E+02    0
   46   45        47   44        0.00533          138.91496      138.92809         0.13702E+02    0.79000E+01    1
   48   46        50   44        0.45225          128.61116      129.53304         0.21186E+02    0.18949E+02    1
   47   46        48   45        0.06759          182.00378      182.19439         0.70375E+01    0.69119E+01    1
   49   47        51   45        0.03047          158.04278      158.17792         0.88063E+01    0.88063E+01    0
   48   47        49   46       -0.46547          207.44018      206.16797         0.96678E+01    0.71825E+01    1
   50   48        52   46       -0.40599          111.23332      110.08739         0.13800E+02    0.13800E+02    0
   49   48        50   47       -0.02263          260.35088      260.29143         0.10795E+02    0.74607E+01    1
   50   49        51   48       -0.28758          215.08273      214.35927         0.78685E+01    0.78685E+01    0
   51   50        52   49       -0.08380          354.96526      354.69264         0.60256E+01    0.59555E+01    1
