    P+   P-        C+   C-  Normalised_Error  Observed_Rho_a  Calculated_Rho_a  Original_Weight  Final_Weight    C
    2    8         4    6       -0.28473         1009.45572     1005.59167         0.36899E+01    0.36899E+01    0
    2   20         8   14        0.98334          223.45806      231.89522         0.16022E+02    0.16022E+02    0
    2   23         9   16       -1.30480          203.50527      194.77083         0.27117E+02    0.23684E+02    1
    2   26        10   18       -0.49187          230.92749      216.57972         0.61456E+01    0.61456E+01    0
    2   31        13   24       -0.42352           69.68108       67.03259         0.25309E+02    0.25309E+02    0
    2   34        14   26        0.89391           28.36301       30.81038         0.74996E+02    0.64417E+02    1
    2   37        15   28        0.80483           29.33087       41.50727         0.13022E+02    0.13022E+02    0
    3    6         4    5       -0.06706          817.35466      816.48825         0.16497E+01    0.16497E+01    0
    3    9         5    7        0.00695          748.66826      748.72926         0.48395E+01    0.48395E+01    0
    3   12         6    9        0.27607          485.80894      487.38288         0.10943E+02    0.10943E+02    0
    3   15         7   11       -1.95808          281.57687      240.60592         0.88252E+01    0.41952E+01    1
    3   18         8   13        0.46785          181.98890      195.04384         0.39637E+01    0.39637E+01    0
    3   21         9   15       -0.63327          122.23064      119.68874         0.32999E+02    0.32999E+02    0
    3   24        10   17        0.06817          137.15106      141.70425         0.23083E+01    0.23083E+01    0
    3   27        11   19       -0.55039          113.05924      104.98361         0.11826E+02    0.11826E+02    0
    3   29        13   23       -0.23231           49.26882       47.85624         0.22441E+02    0.22441E+02    0
    3   32        14   25        1.16958           41.65858       46.54548         0.37230E+02    0.37230E+02    0
    4    7         5    6       -0.11251         1310.06961     1308.45262         0.16422E+01    0.16422E+01    0
    4   10         6    8       -0.20275          653.34115      651.67401         0.50622E+01    0.50622E+01    0
    4   13         7   10        0.45953          231.67215      235.02108         0.89432E+01    0.89432E+01    0
    4   16         8   12       -1.04801          265.38199      257.78354         0.14646E+02    0.12321E+02    1
    4   19         9   14       -0.45695          152.73943      150.69237         0.24606E+02    0.24606E+02    0
    4   22        10   16       -0.87266          117.09686      116.06257         0.26024E+03    0.11158E+03    1
    4   28        12   20       -0.11794           56.18256       56.03863         0.13980E+03    0.13980E+03    0
    4   30        14   24       -1.61465           43.99409       39.65239         0.51098E+02    0.49996E+02    1
    4   33        15   26        1.80947            7.74490       18.94712         0.38286E+02    0.24924E+02    1
    4   36        16   28        0.21666            3.90213       11.38879         0.50401E+01    0.50401E+01    0
    4   45        19   30       -0.77046           21.99111       10.35433         0.24003E+02    0.24003E+02    0
    5    8         6    7        0.05121         1145.30950     1146.00860         0.20695E+01    0.15015E+01    1
    5   14         8   11       -1.07550          299.14433      283.31801         0.70217E+01    0.44860E+01    1
    5   17         9   13       -0.26407          273.01186      270.64848         0.14561E+02    0.98474E+01    1
    5   20        10   15       -0.54647          130.11132      126.02973         0.14726E+02    0.14726E+02    0
    5   23        11   17       -0.80675          144.53682       91.14110         0.19804E+01    0.19804E+01    0
    5   26        12   19        0.14078           55.67006       57.12255         0.14645E+02    0.14645E+02    0
    5   31        15   25        0.33057           49.65973       50.66610         0.44229E+02    0.44229E+02    0
    5   34        16   27       -0.33113           20.64209       12.77047         0.64401E+01    0.64401E+01    0
    5   43        19   29       -0.43550           13.86237        6.99840         0.21872E+02    0.21872E+02    0
    5   46        20   31        0.97288           -3.93725       -2.49642         0.28245E+03    0.24495E+03    1
    6    9         7    8        0.00064          966.28231      966.28934         0.20803E+01    0.20803E+01    0
    6   15         9   12        1.19861          366.93713      381.75201         0.96816E+01    0.54406E+01    1
    6   18        10   14       -0.05400          222.62074      221.50572         0.42896E+01    0.42896E+01    0
    6   24        12   18       -0.01634          105.58362      105.26717         0.67061E+01    0.67061E+01    0
    6   27        13   20       -0.31233           26.64878       24.25476         0.19585E+02    0.19585E+02    0
    6   29        15   24       -0.27200           47.40573       45.25464         0.14347E+02    0.14347E+02    0
    6   32        16   26        0.08872           19.99052       21.78105         0.65888E+01    0.65888E+01    0
    6   44        20   30       -1.40202            9.08417        0.85279         0.63943E+02    0.58944E+02    1
    6   47        21   32       -0.07689            4.42309        3.73068         0.40492E+02    0.40492E+02    0
    7   16        10   13       -0.35942          470.16731      467.36468         0.11621E+02    0.83554E+01    1
    7   22        12   17       -0.03658          117.66223      115.80308         0.21120E+01    0.21120E+01    0
    7   25        13   19        0.01204           53.86086       54.00679         0.10599E+02    0.10599E+02    0
    7   28        14   21        0.07297           56.02513       56.47982         0.23655E+02    0.23655E+02    0
    7   30        16   25       -0.22708           74.51310       70.62467         0.65604E+01    0.65604E+01    0
    7   33        17   27       -1.45470           55.97610       55.40041         0.66957E+03    0.33375E+03    1
    7   42        20   29       -0.33829           21.99239       18.85688         0.35174E+02    0.35174E+02    0
    7   45        21   31        1.86688           -3.30696       13.24583         0.41959E+02    0.38773E+02    1
    7   48        22   33       -1.84069           29.03678       23.54074         0.18713E+03    0.12213E+03    1
    8   14        10   12       -0.03708          529.02042      528.71253         0.55856E+01    0.52397E+01    1
    8   20        12   16       -0.07130          118.43913      118.11369         0.18526E+02    0.18526E+02    0
    8   26        14   20        0.02805           41.13877       41.22828         0.39915E+02    0.39915E+02    0
    8   31        17   26        0.95445           41.41487       42.99300         0.74795E+02    0.67268E+02    1
    8   43        21   30       -1.06138            7.89340        1.13134         0.51552E+02    0.51492E+02    1
    9   18        12   15        0.54453          197.82862      206.33384         0.40500E+01    0.40500E+01    0
    9   21        13   17       -0.02409          114.40160      113.35197         0.19650E+01    0.19650E+01    0
    9   24        14   19       -0.02257           62.42545       62.27063         0.15649E+02    0.15649E+02    0
    9   27        15   21       -0.05449           81.34915       80.61476         0.94094E+01    0.94094E+01    0
    9   29        17   25        0.43339           69.39944       69.91146         0.77065E+02    0.77065E+02    0
    9   32        18   27       -2.56797          101.27801       53.33046         0.15245E+02    0.59253E+01    1
    9   41        21   29        0.56006           -1.23222       11.92833         0.13107E+02    0.13107E+02    0
    9   44        22   31        2.13565           13.65252       17.35555         0.23570E+03    0.18921E+03    1
    9   47        23   33        1.24820           16.19900       25.46137         0.47532E+02    0.46634E+02    1
   10   16        12   14       -0.67167          367.45822      365.08821         0.11958E+02    0.11945E+02    1
   10   19        13   16        0.17030          171.00558      171.63081         0.17223E+02    0.17223E+02    0
   10   25        15   20        2.30582           66.49760       93.11756         0.14456E+02    0.92008E+01    1
   10   28        16   22       -0.03328           57.74084       57.02517         0.58445E+01    0.58445E+01    0
   10   30        18   26       -2.53337           79.55170       36.86365         0.12784E+02    0.52977E+01    1
   10   33        19   28        1.67888           31.29203       44.92979         0.19069E+02    0.13603E+02    1
   10   42        22   30       -1.76926           24.09651       20.30547         0.22606E+03    0.14576E+03    1
   10   48        24   34       -3.04499           31.67417       14.32135         0.18142E+03    0.61231E+02    1
   11   14        12   13        0.54395          725.37091      729.31925         0.32025E+01    0.28318E+01    1
   11   17        13   15       -0.08622          386.28676      385.76019         0.84705E+01    0.69783E+01    1
   11   20        14   17       -0.44687          213.17362      196.88336         0.17651E+01    0.17651E+01    0
   11   23        15   19       -1.75495          200.18343      155.68902         0.54607E+01    0.34200E+01    1
   11   26        16   21        0.76978          116.58353      135.45683         0.43648E+01    0.43648E+01    0
   11   31        19   27        1.89817          112.68419      130.64877         0.26628E+02    0.94545E+01    1
   11   40        22   29        1.98555           15.88407       40.43213         0.39521E+02    0.23707E+02    1
   11   43        23   31        1.78110           18.74012       28.10235         0.74178E+02    0.59480E+02    1
   11   46        24   33       -0.45019           34.24378       33.25899         0.15068E+03    0.15068E+03    0
   12   15        13   14       -0.79467         1982.27650     1957.87339         0.22353E+01    0.71683E+00    1
   12   18        14   16       -0.14332          357.44148      355.54343         0.32342E+01    0.32342E+01    0
   12   24        16   20       -0.03399          197.69046      197.10662         0.50631E+01    0.50631E+01    0
   12   27        17   22       -0.13855          124.49873      123.85594         0.22798E+02    0.22798E+02    0
   12   29        19   26        0.11996           77.76064       78.20101         0.18495E+02    0.18495E+02    0
   12   32        20   28        0.55189           72.26120       74.32884         0.23827E+02    0.23827E+02    0
   12   41        23   30        0.54449           29.39882       39.23652         0.16374E+02    0.16374E+02    0
   12   44        24   32       -0.15724           36.91155       36.56243         0.14146E+03    0.14146E+03    0
   12   47        25   34        0.88798           10.02562       17.96331         0.37084E+02    0.37084E+02    0
   12   50        26   36       -0.36912           23.22844       22.37972         0.15241E+03    0.15241E+03    0
   13   16        14   15       -0.15975          543.32878      542.43693         0.38421E+01    0.38421E+01    0
   13   19        15   17       -0.05955          459.55330      457.91825         0.15649E+01    0.15649E+01    0
   13   22        16   19        0.17018          224.72130      228.16997         0.32717E+01    0.32717E+01    0
   13   25        17   21       -1.82678          201.56879      180.27924         0.11942E+02    0.73310E+01    1
   13   30        20   27        0.65303          177.58440      180.14085         0.28150E+02    0.17179E+02    1
   13   39        23   29        0.59883           43.69800       49.11895         0.30631E+02    0.30631E+02    0
   13   42        24   31       -0.78323           40.14309       39.08327         0.21930E+03    0.21930E+03    0
   13   45        25   33       -1.44270           35.83984       26.59101         0.53666E+02    0.48660E+02    1
   14   17        15   16        0.25581          532.25981      534.91296         0.31066E+01    0.20550E+01    1
   14   23        17   20       -0.04399          213.61780      213.28938         0.87020E+01    0.87020E+01    0
   14   31        21   28       -1.13640          138.27930      132.50599         0.13315E+02    0.13315E+02    0
   14   40        24   30       -2.26663           46.41136       41.11948         0.25293E+03    0.11996E+03    1
   14   43        25   32        1.20144           10.97043       15.34014         0.81829E+02    0.81829E+02    0
   14   46        26   34        0.04412           33.39095       33.65763         0.52135E+02    0.52135E+02    0
   14   52        28   38        1.86023          -38.58206      -16.43461         0.98337E+02    0.29219E+02    1
   15   18        16   17        0.02661         1086.82056     1087.55473         0.80089E+00    0.80089E+00    0
   15   21        17   19       -0.14372          288.55611      287.26965         0.48971E+01    0.48971E+01    0
   15   24        18   21        0.92464          161.58438      175.79350         0.63647E+01    0.42277E+01    1
   15   27        19   23        0.42524           63.93504       66.75913         0.12718E+02    0.12718E+02    0
   15   29        21   27       -0.97166          265.47320      261.23107         0.10378E+02    0.10378E+02    0
   15   38        24   29       -1.02960           50.44838       39.68494         0.25135E+02    0.25135E+02    0
   15   41        25   31        0.35907            4.26097       10.23585         0.16743E+02    0.16743E+02    0
   15   50        28   37        0.79475          -14.62170       -6.46899         0.32237E+02    0.32237E+02    0
   16   19        17   18        0.10585          815.49862      816.66230         0.19099E+01    0.19099E+01    0
   16   25        19   22       -0.33418          168.72939      167.27437         0.14426E+02    0.14426E+02    0
   16   28        20   24        0.06162           55.08191       55.25177         0.30840E+02    0.30578E+02    1
   16   30        22   28       -0.18811          167.51153      166.70176         0.10388E+02    0.10388E+02    0
   16   39        25   30       -0.19105           10.02848        9.85512         0.29073E+03    0.29073E+03    0
   16   45        27   34        1.64291          -13.64083        8.06668         0.24155E+02    0.22509E+02    1
   16   48        28   36       -0.86858           -0.40383       -1.60038         0.29453E+03    0.22734E+03    1
   17   20        18   19       -0.76734         1093.62332     1082.56741         0.15607E+01    0.15607E+01    0
   17   23        19   21        0.59985          437.74521      445.59198         0.43209E+01    0.32843E+01    1
   17   26        20   23        2.60254          196.02174      249.75307         0.13990E+02    0.31200E+01    1
   17   37        25   29        0.90571            3.24109       16.35267         0.17190E+02    0.17190E+02    0
   18   21        19   20        0.09912         1093.83787     1095.42925         0.19937E+01    0.13187E+01    1
   18   24        20   22       -0.58144          630.95866      627.71144         0.76534E+01    0.76534E+01    0
   19   22        20   21        0.26843          901.54562      905.14918         0.22338E+01    0.16873E+01    1
   19   25        21   23       -0.36566          436.51443      433.90860         0.60407E+01    0.60407E+01    0
   19   28        22   25       -1.00469          137.70644      136.17918         0.60607E+02    0.43009E+02    1
   19   42        28   33       -0.66018           16.19343       15.05801         0.18141E+03    0.15475E+03    1
   20   23        21   22       -0.24307          882.28480      879.73651         0.20145E+01    0.20145E+01    0
   20   26        22   24       -0.33612          473.25819      471.28767         0.74296E+01    0.74296E+01    0
   20   37        27   30        1.60040          -22.21057       -5.55205         0.23620E+02    0.23515E+02    1
   20   40        28   32       -0.02268           17.26846       17.18878         0.71722E+02    0.71722E+02    0
   21   24        22   23       -0.39183         1391.63780     1385.57295         0.17460E+01    0.14523E+01    1
   21   27        23   25       -0.37343          389.78081      387.90567         0.86426E+01    0.86426E+01    0
   21   38        28   31        0.33036            4.61631        5.59109         0.82117E+02    0.82117E+02    0
   22   25        23   24       -0.00657          686.23179      686.16967         0.25141E+01    0.21894E+01    1
   22   28        24   26        0.22070          423.23116      424.19922         0.95749E+01    0.95749E+01    0
   22   36        28   30       -0.01987            1.32252        1.18126         0.35105E+02    0.35105E+02    0
   22   51        29   40       -1.37077           19.56691        8.35603         0.26834E+02    0.19022E+02    1
   23   26        24   25        0.03049         1710.78274     1711.38579         0.17132E+01    0.11277E+01    1
   23   34        28   29       -0.60725           65.26023       58.87810         0.29146E+02    0.29146E+02    0
   23   49        29   39        0.04132           27.92746       28.41477         0.11396E+02    0.11396E+02    0
   23   52        30   41       -1.14508           40.26769       35.56840         0.49893E+02    0.37492E+02    1
   24   27        25   26       -0.14606          556.23795      555.05714         0.25114E+01    0.25114E+01    0
   24   47        29   38        1.97498           23.20562       35.71768         0.31178E+02    0.17754E+02    1
   24   50        30   40       -0.26138           28.83151       27.62752         0.28731E+02    0.28731E+02    0
   25   28        26   27       -0.41178         1346.85713     1341.46774         0.24244E+01    0.16391E+01    1
   25   45        29   37       -0.35461           52.56603       51.19906         0.23627E+02    0.23627E+02    0
   25   48        30   39        0.03333           50.42792       50.74215         0.11785E+02    0.11785E+02    0
   25   51        31   41       -0.02190           47.73840       47.66401         0.38906E+02    0.38906E+02    0
   26   43        29   36       -1.44478           65.86480       60.35931         0.31709E+02    0.17924E+02    1
   26   46        30   38       -0.70200           48.81917       47.67663         0.54568E+02    0.54568E+02    0
   26   49        31   40        0.77527           20.62195       23.22439         0.32886E+02    0.32886E+02    0
   27   44        30   37        1.42581          162.64541      167.08054         0.24844E+02    0.21544E+02    1
   27   47        31   39        1.41771          103.40168      116.90519         0.93028E+01    0.93028E+01    0
   28   39        29   34        0.41542          190.07550      191.93293         0.49939E+01    0.49939E+01    0
   28   42        30   36        1.30727          160.20726      164.58077         0.16418E+02    0.13322E+02    1
   28   45        31   38       -1.08455          128.48922      124.67846         0.19052E+02    0.19052E+02    0
   28   48        32   40       -1.33125           57.71488       51.04478         0.24897E+02    0.17506E+02    1
   28   51        33   42        1.52084           36.74863       43.84186         0.24144E+02    0.23263E+02    1
   29   32        30   31       -0.63425          359.72249      354.74592         0.30615E+01    0.24934E+01    1
   29   35        31   33       -0.00980          395.25476      395.19983         0.71367E+01    0.71367E+01    0
   29   41        33   37        1.37832           63.93496       75.34259         0.11216E+02    0.98960E+01    1
   29   44        34   39       -0.40584           22.59649       18.27920         0.92974E+01    0.92974E+01    0
   29   50        36   43       -1.07924           61.43156       56.09748         0.27598E+02    0.27598E+02    0
   30   33        31   32       -0.16422          599.71204      598.61435         0.31313E+01    0.31313E+01    0
   30   36        32   34       -0.33764          289.11457      287.02182         0.67631E+01    0.65781E+01    1
   30   39        33   36       -1.24789          107.79893      103.05383         0.22137E+02    0.16242E+02    1
   30   42        34   38        0.19038           14.08266       14.65283         0.30346E+02    0.27086E+02    1
   30   48        36   42       -1.37146           44.00522       38.49837         0.72430E+02    0.29128E+02    1
   30   51        37   44       -1.54849           37.71698       27.08105         0.25100E+02    0.19978E+02    1
   31   34        32   33       -0.39745          404.34951      401.24415         0.30691E+01    0.24855E+01    1
   31   37        33   35       -0.41036          277.33035      272.88330         0.37501E+01    0.37501E+01    0
   31   40        34   37        0.72815           71.73497       74.28794         0.19559E+02    0.17188E+02    1
   31   43        35   39        0.37154           -9.06123       -5.38481         0.80564E+01    0.80564E+01    0
   31   46        36   41       -1.07149           32.92515       27.90131         0.26972E+02    0.20789E+02    1
   31   49        37   43        0.31156           37.71332       39.74361         0.17870E+02    0.17870E+02    0
   31   52        38   45       -1.96868           47.06097       23.96394         0.18875E+02    0.11721E+02    1
   32   35        33   34        0.87657          619.09728      629.42861         0.25727E+01    0.17455E+01    1
   32   38        34   36       -0.34828          259.16872      257.97573         0.11653E+02    0.11653E+02    0
   32   41        35   38        0.21805          105.90701      107.36888         0.92449E+01    0.89769E+01    1
   32   44        36   40       -2.05727           58.17111       33.12776         0.17997E+02    0.64848E+01    1
   32   47        37   42        0.63123           66.72924       70.10314         0.18148E+02    0.18148E+02    0
   32   50        38   44       -1.18632           48.65369       45.78966         0.51561E+02    0.48751E+02    1
   33   39        35   37       -0.41529          249.39353      247.58365         0.92464E+01    0.92464E+01    0
   33   42        36   39       -1.64928          188.95896      172.34664         0.82432E+01    0.59423E+01    1
   33   45        37   41        0.21904           91.42050       92.82907         0.12097E+02    0.12097E+02    0
   33   48        38   43        0.99382           86.52941       89.74469         0.29988E+02    0.29988E+02    0
   33   51        39   45        0.29125           35.11587       37.36462         0.15360E+02    0.15360E+02    0
   34   37        35   36       -1.37758          621.44100      604.55208         0.27977E+01    0.16223E+01    1
   34   40        36   38       -0.48401          277.74723      275.73424         0.10293E+02    0.97190E+01    1
   34   43        37   40        0.06769           61.96912       62.31933         0.11686E+02    0.11686E+02    0
   34   46        38   42       -0.93524           92.60695       89.80690         0.53038E+02    0.26047E+02    1
   34   49        39   44        0.45857           39.79601       40.73379         0.49705E+02    0.48595E+02    1
   34   52        40   46        0.52143           38.46083       40.65489         0.30213E+02    0.28332E+02    1
   35   38        36   37        0.12932          624.76106      625.67561         0.28909E+01    0.28909E+01    0
   35   47        39   43       -1.78786          126.27633      107.98276         0.16246E+02    0.76996E+01    1
   36   39        37   38        0.09306          379.25682      379.70280         0.50528E+01    0.42556E+01    1
   36   42        38   40        1.42388          152.82027      160.73509         0.14221E+02    0.73359E+01    1
   36   45        39   42       -1.59724          140.72463      127.88807         0.20268E+02    0.73462E+01    1
   36   48        40   44       -0.28315          109.34097      108.72963         0.36740E+02    0.36740E+02    0
   36   51        41   46       -0.27304           51.22138       50.30680         0.29832E+02    0.29832E+02    0
   37   40        38   39       -0.13147          388.55579      387.86982         0.37959E+01    0.37959E+01    0
   37   43        39   41       -0.02829          172.96691      172.88563         0.14363E+02    0.14363E+02    0
   37   46        40   43       -0.64825          162.27314      160.19050         0.18345E+02    0.18345E+02    0
   37   49        41   45       -1.92157           77.82881       65.39533         0.15829E+02    0.12454E+02    1
   37   52        42   47        0.13585           36.55287       36.87370         0.42673E+02    0.42673E+02    0
   38   41        39   40       -0.36122          136.11725      134.93451         0.63926E+01    0.63926E+01    0
   38   44        40   42       -0.71199          268.44972      266.08643         0.16783E+02    0.11776E+02    1
   38   47        41   44        0.25861          106.55982      107.33009         0.23582E+02    0.20103E+02    1
   38   50        42   46       -0.36828           57.22306       55.89906         0.22550E+02    0.22550E+02    0
   39   42        40   41        2.53934          324.19913      369.05087         0.95849E+01    0.11493E+01    1
   39   45        41   43        0.96897          197.49279      203.00541         0.12455E+02    0.68620E+01    1
   39   48        42   45       -0.93030          100.63986       96.48910         0.13607E+02    0.13607E+02    0
   39   51        43   47       -1.38560           46.54358       33.91547         0.33208E+02    0.88119E+01    1
   40   43        41   42       -0.27590          240.89308      240.40018         0.11138E+02    0.11138E+02    0
   40   46        42   44        0.00130           83.72504       83.72811         0.24550E+02    0.17191E+02    1
   40   49        43   46       -0.79832           -1.12969       -4.07915         0.24251E+02    0.16624E+02    1
   40   52        44   48       -0.93769           71.13478       66.74537         0.26944E+02    0.16810E+02    1
   41   44        42   43       -2.32975          572.71719      553.28447         0.76636E+01    0.24134E+01    1
   41   47        43   45       -0.07144          129.19411      128.90538         0.10078E+02    0.10078E+02    0
   41   50        44   47        0.43716          120.31246      121.45984         0.22422E+02    0.22422E+02    0
   42   45        43   44       -0.59270          197.17167      195.79380         0.11186E+02    0.86061E+01    1
   42   48        44   46        0.66762          203.15997      205.30130         0.15023E+02    0.12183E+02    1
   42   51        45   48       -1.23946          161.82259      154.35172         0.17420E+02    0.96194E+01    1
   43   46        44   45        1.36952          262.35623      277.29324         0.67540E+01    0.17722E+01    1
   43   49        45   47        0.53576          140.86034      143.28928         0.17114E+02    0.86124E+01    1
   43   52        46   49        0.34375          133.50252      134.32782         0.24117E+02    0.24117E+02    0
   44   47        45   46        0.35251          141.41166      143.05012         0.82352E+01    0.41875E+01    1
   44   50        46   48        0.24417          129.74105      130.37127         0.14965E+02    0.14965E+02    0
   45   48        46   47        0.15801          182.51302      182.82270         0.99450E+01    0.99450E+01    0
   45   51        47   49       -0.47308          158.37248      157.20532         0.16613E+02    0.15832E+02    1
   46   49        47   48       -0.51522          208.33748      206.99624         0.81858E+01    0.75410E+01    1
   46   52        48   50       -0.37335          112.60250      111.61688         0.14754E+02    0.14754E+02    0
   47   50        48   49        0.03041          261.08987      261.17701         0.79107E+01    0.68393E+01    1
   48   51        49   50       -0.21946          216.65055      216.00529         0.67323E+01    0.67323E+01    0
   49   52        50   51       -0.12833          353.98895      353.45086         0.46205E+01    0.46205E+01    0
    6    4         8    2       -0.25757         1009.45572     1005.59167         0.33379E+01    0.33379E+01    0
   14    8        20    2        1.04062          223.45806      231.89522         0.16955E+02    0.16955E+02    0
   16    9        23    2       -1.03307          203.50527      194.77083         0.18752E+02    0.18752E+02    0
   18   10        26    2       -1.36004          230.92749      216.57972         0.26650E+02    0.16993E+02    1
   24   13        31    2       -0.71169           69.68108       67.03259         0.42530E+02    0.42530E+02    0
   26   14        34    2        0.30192           28.36301       30.81038         0.21757E+02    0.21757E+02    0
   28   15        37    2        1.17959           29.33087       41.50727         0.19086E+02    0.19086E+02    0
    5    4         6    3       -0.06391          817.35466      816.48825         0.15722E+01    0.15722E+01    0
    7    5         9    3        0.00576          748.66826      748.72926         0.40106E+01    0.40106E+01    0
    9    6        12    3        0.17634          485.80894      487.38288         0.69900E+01    0.69900E+01    0
   11    7        15    3       -1.84576          281.57687      240.60592         0.68912E+01    0.39546E+01    1
   13    8        18    3        0.84619          181.98890      195.04384         0.71691E+01    0.71691E+01    0
   15    9        21    3       -0.26550          122.23064      119.68874         0.13835E+02    0.13835E+02    0
   17   10        24    3        0.80472          137.15106      141.70425         0.27248E+02    0.27248E+02    0
   19   11        27    3       -0.93287          113.05924      104.98361         0.20044E+02    0.20044E+02    0
   23   13        29    3       -0.29258           49.26882       47.85624         0.28264E+02    0.28264E+02    0
   25   14        32    3        0.95746           41.65858       46.54548         0.30477E+02    0.30477E+02    0
    6    5         7    4       -0.11901         1310.06961     1308.45262         0.17371E+01    0.17371E+01    0
    8    6        10    4       -0.19552          653.34115      651.67401         0.48819E+01    0.48819E+01    0
   10    7        13    4        0.42101          231.67215      235.02108         0.81936E+01    0.81936E+01    0
   12    8        16    4       -0.37588          265.38199      257.78354         0.44192E+01    0.44192E+01    0
   14    9        19    4       -0.40863          152.73943      150.69237         0.22003E+02    0.22003E+02    0
   16   10        22    4       -0.92065          117.09686      116.06257         0.32238E+03    0.11771E+03    1
   20   12        28    4       -0.16116           56.18256       56.03863         0.21027E+03    0.19103E+03    1
   24   14        30    4       -2.70371           43.99409       39.65239         0.26111E+03    0.83717E+02    1
   26   15        33    4        1.96420            7.74490       18.94712         0.55752E+02    0.27056E+02    1
   28   16        36    4        1.76822            3.90213       11.38879         0.11557E+03    0.41134E+02    1
   30   19        45    4       -1.91705           21.99111       10.35433         0.16935E+03    0.59723E+02    1
    7    6         8    5        0.05003         1145.30950     1146.00860         0.19752E+01    0.14669E+01    1
   11    8        14    5       -1.12277          299.14433      283.31801         0.99056E+01    0.46831E+01    1
   13    9        17    5       -0.26832          273.01186      270.64848         0.15522E+02    0.10006E+02    1
   15   10        20    5       -0.83889          130.11132      126.02973         0.22606E+02    0.22606E+02    0
   17   11        23    5       -2.69114          144.53682       91.14110         0.26799E+02    0.66063E+01    1
   19   12        26    5        0.56762           55.67006       57.12255         0.59047E+02    0.59047E+02    0
   25   15        31    5        1.26141           49.65973       50.66610         0.30347E+03    0.16877E+03    1
   27   16        34    5       -2.07100           20.64209       12.77047         0.57420E+02    0.40279E+02    1
   29   19        43    5       -1.63331           13.86237        6.99840         0.11774E+03    0.82028E+02    1
   31   20        46    5        0.08141           -3.93725       -2.49642         0.20496E+02    0.20496E+02    0
    8    7         9    6        0.00059          966.28231      966.28934         0.19231E+01    0.19231E+01    0
   12    9        15    6        1.09352          366.93713      381.75201         0.67072E+01    0.49636E+01    1
   14   10        18    6       -0.10152          222.62074      221.50572         0.80648E+01    0.80648E+01    0
   18   12        24    6       -0.11023          105.58362      105.26717         0.45232E+02    0.45232E+02    0
   20   13        27    6       -0.60704           26.64878       24.25476         0.38066E+02    0.38066E+02    0
   24   15        29    6       -0.74974           47.40573       45.25464         0.39546E+02    0.39546E+02    0
   26   16        32    6        0.96431           19.99052       21.78105         0.71612E+02    0.71612E+02    0
   30   20        44    6       -0.42820            9.08417        0.85279         0.18002E+02    0.18002E+02    0
   32   21        47    6       -0.18238            4.42309        3.73068         0.96039E+02    0.96039E+02    0
   13   10        16    7       -0.18531          470.16731      467.36468         0.43078E+01    0.43078E+01    0
   17   12        22    7       -1.03964          117.66223      115.80308         0.91765E+02    0.60031E+02    1
   19   13        25    7        0.16867           53.86086       54.00679         0.22747E+03    0.14850E+03    1
   21   14        28    7        0.61451           56.02513       56.47982         0.19920E+03    0.19920E+03    0
   25   16        30    7       -2.10419           74.51310       70.62467         0.13078E+03    0.60792E+02    1
   27   17        33    7       -0.27352           55.97610       55.40041         0.62754E+02    0.62754E+02    0
   29   20        42    7       -0.30060           21.99239       18.85688         0.31256E+02    0.31256E+02    0
   31   21        45    7        3.18547           -3.30696       13.24583         0.20141E+03    0.66159E+02    1
   33   22        48    7       -1.36652           29.03678       23.54074         0.92099E+02    0.90668E+02    1
   12   10        14    8       -0.03831          529.02042      528.71253         0.59638E+01    0.54142E+01    1
   16   12        20    8       -0.17546          118.43913      118.11369         0.45594E+02    0.45594E+02    0
   20   14        26    8        0.08572           41.13877       41.22828         0.12198E+03    0.12198E+03    0
   26   17        31    8        1.13706           41.41487       42.99300         0.13481E+03    0.80138E+02    1
   30   21        43    8       -1.26400            7.89340        1.13134         0.73114E+02    0.61322E+02    1
   15   12        18    9        1.03075          197.82862      206.33384         0.94023E+01    0.76663E+01    1
   17   13        21    9       -0.58009          114.40160      113.35197         0.57208E+02    0.47320E+02    1
   19   14        24    9       -0.25811           62.42545       62.27063         0.17898E+03    0.17898E+03    0
   21   15        27    9       -1.16574           81.34915       80.61476         0.10000E+04    0.20130E+03    1
   25   17        29    9        0.90703           69.39944       69.91146         0.18945E+03    0.16129E+03    1
   27   18        32    9       -1.84995          101.27801       53.33046         0.54390E+01    0.42685E+01    1
   29   21        41    9        1.53810           -1.23222       11.92833         0.36253E+02    0.35995E+02    1
   31   22        44    9        0.45904           13.65252       17.35555         0.40670E+02    0.40670E+02    0
   33   23        47    9        1.65793           16.19900       25.46137         0.12652E+03    0.61942E+02    1
   14   12        16   10       -0.20925          367.45822      365.08821         0.37212E+01    0.37212E+01    0
   16   13        19   10        0.13913          171.00558      171.63081         0.14070E+02    0.14070E+02    0
   20   15        25   10        2.81374           66.49760       93.11756         0.36198E+02    0.11227E+02    1
   22   16        28   10       -0.22790           57.74084       57.02517         0.40028E+02    0.40028E+02    0
   26   18        30   10       -1.78327           79.55170       36.86365         0.45365E+01    0.37291E+01    1
   28   19        33   10        1.72781           31.29203       44.92979         0.21391E+02    0.14000E+02    1
   30   22        42   10       -1.43134           24.09651       20.30547         0.14796E+03    0.11792E+03    1
   34   24        48   10       -1.71477           31.67417       14.32135         0.37898E+02    0.34482E+02    1
   13   12        14   11        0.51958          725.37091      729.31925         0.29220E+01    0.27049E+01    1
   15   13        17   11       -0.07645          386.28676      385.76019         0.66592E+01    0.61874E+01    1
   17   14        20   11       -1.16844          213.17362      196.88336         0.88429E+01    0.46153E+01    1
   19   15        23   11       -1.97742          200.18343      155.68902         0.11796E+02    0.38535E+01    1
   21   16        26   11        2.12540          116.58353      135.45683         0.16429E+02    0.12051E+02    1
   27   19        31   11        1.79846          112.68419      130.64877         0.17293E+02    0.89578E+01    1
   29   22        40   11        1.73504           15.88407       40.43213         0.24674E+02    0.20716E+02    1
   31   23        43   11        0.43829           18.74012       28.10235         0.14637E+02    0.14637E+02    0
   33   24        46   11       -0.90393           34.24378       33.25899         0.31935E+03    0.30255E+03    1
   14   13        15   12       -0.79125         1982.27650     1957.87339         0.21595E+01    0.71375E+00    1
   16   14        18   12       -0.23256          357.44148      355.54343         0.52478E+01    0.52478E+01    0
   20   16        24   12       -0.23848          197.69046      197.10662         0.35527E+02    0.35527E+02    0
   22   17        27   12       -0.20551          124.49873      123.85594         0.41991E+02    0.33816E+02    1
   26   19        29   12        0.18566           77.76064       78.20101         0.28624E+02    0.28624E+02    0
   28   20        32   12        0.44421           72.26120       74.32884         0.19178E+02    0.19178E+02    0
   30   23        41   12        1.33595           29.39882       39.23652         0.40886E+02    0.40175E+02    1
   32   24        44   12       -0.02713           36.91155       36.56243         0.24404E+02    0.24404E+02    0
   34   25        47   12        1.28228           10.02562       17.96331         0.53550E+02    0.53550E+02    0
   36   26        50   12       -0.12758           23.22844       22.37972         0.52677E+02    0.52677E+02    0
   15   14        16   13       -0.09317          543.32878      542.43693         0.22408E+01    0.22408E+01    0
   17   15        19   13       -0.20431          459.55330      457.91825         0.59804E+01    0.53688E+01    1
   19   16        22   13        0.76224          224.72130      228.16997         0.14709E+02    0.14654E+02    1
   21   17        25   13       -2.01751          201.56879      180.27924         0.26432E+02    0.80964E+01    1
   27   20        30   13        0.46472          177.58440      180.14085         0.12225E+02    0.12225E+02    0
   29   23        39   13        0.45584           43.69800       49.11895         0.23317E+02    0.23317E+02    0
   31   24        42   13       -0.14624           40.14309       39.08327         0.40947E+02    0.40947E+02    0
   33   25        45   13       -2.05101           35.83984       26.59101         0.21011E+03    0.69178E+02    1
   16   15        17   14        0.26527          532.25981      534.91296         0.33408E+01    0.21310E+01    1
   20   17        23   14       -0.09998          213.61780      213.28938         0.19778E+02    0.19778E+02    0
   28   21        31   14       -2.03493          138.27930      132.50599         0.51815E+02    0.23843E+02    1
   30   24        40   14       -0.51311           46.41136       41.11948         0.27155E+02    0.27155E+02    0
   32   25        43   14        0.71680           10.97043       15.34014         0.48821E+02    0.48821E+02    0
   34   26        46   14        0.03859           33.39095       33.65763         0.45593E+02    0.45593E+02    0
   38   28        52   14        1.65664          -38.58206      -16.43461         0.41936E+02    0.26021E+02    1
   17   16        18   15        0.06838         1086.82056     1087.55473         0.20582E+01    0.20582E+01    0
   19   17        21   15       -0.25039          288.55611      287.26965         0.85321E+01    0.85321E+01    0
   21   18        24   15        0.80742          161.58438      175.79350         0.40341E+01    0.36918E+01    1
   23   19        27   15        0.73276           63.93504       66.75913         0.22995E+02    0.21915E+02    1
   27   21        29   15       -1.08276          265.47320      261.23107         0.13643E+02    0.11565E+02    1
   29   24        38   15       -1.18459           50.44838       39.68494         0.28918E+02    0.28918E+02    0
   31   25        41   15        1.63777            4.26097       10.23585         0.13494E+03    0.76368E+02    1
   37   28        50   15        1.47069          -14.62170       -6.46899         0.65395E+02    0.59654E+02    1
   18   17        19   16        0.15013          815.49862      816.66230         0.29442E+01    0.27088E+01    1
   22   19        25   16       -0.61477          168.72939      167.27437         0.26537E+02    0.26537E+02    0
   24   20        28   16        0.03568           55.08191       55.25177         0.17709E+02    0.17709E+02    0
   28   22        30   16       -0.36404          167.51153      166.70176         0.20104E+02    0.20104E+02    0
   30   25        39   16       -0.02895           10.02848        9.85512         0.44049E+02    0.44049E+02    0
   34   27        45   16        2.89688          -13.64083        8.06668         0.16183E+03    0.39689E+02    1
   36   28        48   16       -0.11284           -0.40383       -1.60038         0.29534E+02    0.29534E+02    0
   19   18        20   17       -0.44306         1093.62332     1082.56741         0.90115E+00    0.90115E+00    0
   21   19        23   17        0.30715          437.74521      445.59198         0.16817E+01    0.16817E+01    0
   23   20        26   17        1.48302          196.02174      249.75307         0.17779E+01    0.17779E+01    0
   29   25        37   17        0.11173            3.24109       16.35267         0.21205E+01    0.21205E+01    0
   20   19        21   18        0.08734         1093.83787     1095.42925         0.15480E+01    0.11620E+01    1
   22   20        24   18       -0.21346          630.95866      627.71144         0.28097E+01    0.28097E+01    0
   21   20        22   19        0.25229          901.54562      905.14918         0.19733E+01    0.15858E+01    1
   23   21        25   19       -0.26735          436.51443      433.90860         0.44166E+01    0.44166E+01    0
   25   22        28   19       -0.17660          137.70644      136.17918         0.75601E+01    0.75601E+01    0
   33   28        42   19       -0.06963           16.19343       15.05801         0.16322E+02    0.16322E+02    0
   22   21        23   20       -0.25020          882.28480      879.73651         0.21015E+01    0.20736E+01    1
   24   22        26   20       -0.29576          473.25819      471.28767         0.65374E+01    0.65374E+01    0
   30   27        37   20        1.35125          -22.21057       -5.55205         0.19854E+02    0.19854E+02    0
   32   28        40   20       -0.02557           17.26846       17.18878         0.80862E+02    0.80862E+02    0
   23   22        24   21       -0.37095         1391.63780     1385.57295         0.15648E+01    0.13749E+01    1
   25   23        27   21       -0.20185          389.78081      387.90567         0.46715E+01    0.46715E+01    0
   31   28        38   21        0.10984            4.61631        5.59109         0.27303E+02    0.27303E+02    0
   24   23        25   22       -0.00638          686.23179      686.16967         0.23720E+01    0.21266E+01    1
   26   24        28   22        0.19711          423.23116      424.19922         0.85518E+01    0.85518E+01    0
   30   28        36   22       -0.09413            1.32252        1.18126         0.17626E+03    0.16627E+03    1
   40   29        51   22       -1.46561           19.56691        8.35603         0.35067E+02    0.20338E+02    1
   25   24        26   23        0.03000         1710.78274     1711.38579         0.16577E+01    0.11093E+01    1
   29   28        34   23       -1.25803           65.26023       58.87810         0.10380E+03    0.60381E+02    1
   39   29        49   23        0.10737           27.92746       28.41477         0.29615E+02    0.29615E+02    0
   41   30        52   23       -1.11169           40.26769       35.56840         0.44324E+02    0.36399E+02    1
   26   25        27   24       -0.13883          556.23795      555.05714         0.23870E+01    0.23870E+01    0
   38   29        47   24        1.86600           23.20562       35.71768         0.24845E+02    0.16774E+02    1
   40   30        50   24       -0.33904           28.83151       27.62752         0.37268E+02    0.37268E+02    0
   27   26        28   25       -0.41393         1346.85713     1341.46774         0.24499E+01    0.16477E+01    1
   37   29        45   25       -0.80943           52.56603       51.19906         0.53930E+02    0.53930E+02    0
   39   30        48   25        0.64625           50.42792       50.74215         0.24545E+03    0.22852E+03    1
   41   31        51   25       -0.34554           47.73840       47.66401         0.81537E+03    0.61400E+03    1
   36   29        43   26       -1.44310           65.86480       60.35931         0.31414E+02    0.17903E+02    1
   38   30        46   26       -1.07581           48.81917       47.67663         0.83626E+02    0.83626E+02    0
   40   31        49   26        1.67122           20.62195       23.22439         0.82633E+02    0.70891E+02    1
   37   30        44   27        1.54334          162.64541      167.08054         0.33224E+02    0.23320E+02    1
   39   31        47   27        2.13603          103.40168      116.90519         0.44945E+02    0.14016E+02    1
   34   29        39   28        0.35849          190.07550      191.93293         0.43095E+01    0.43095E+01    0
   36   30        42   28        1.00013          160.20726      164.58077         0.10192E+02    0.10192E+02    0
   38   31        45   28       -0.74130          128.48922      124.67846         0.13022E+02    0.13022E+02    0
   40   32        48   28       -1.33028           57.71488       51.04478         0.24752E+02    0.17494E+02    1
   42   33        51   28        1.52784           36.74863       43.84186         0.24367E+02    0.23370E+02    1
   31   30        32   29       -0.60128          359.72249      354.74592         0.27515E+01    0.23638E+01    1
   33   31        35   29       -0.00759          395.25476      395.19983         0.55257E+01    0.55257E+01    0
   37   33        41   29        1.58854           63.93496       75.34259         0.19789E+02    0.11405E+02    1
   39   34        44   29       -0.85097           22.59649       18.27920         0.23071E+02    0.19495E+02    1
   43   36        50   29       -0.74417           61.43156       56.09748         0.19030E+02    0.19030E+02    0
   32   31        33   30       -0.14717          599.71204      598.61435         0.28063E+01    0.28063E+01    0
   34   32        36   30       -0.36152          289.11457      287.02182         0.77538E+01    0.70434E+01    1
   36   33        39   30       -1.23418          107.79893      103.05383         0.21180E+02    0.16063E+02    1
   38   34        42   30        0.19598           14.08266       14.65283         0.32159E+02    0.27883E+02    1
   42   36        48   30       -1.16524           44.00522       38.49837         0.27550E+02    0.24748E+02    1
   44   37        51   30       -1.46372           37.71698       27.08105         0.22426E+02    0.18884E+02    1
   33   32        34   31       -0.39012          404.34951      401.24415         0.29569E+01    0.24396E+01    1
   35   33        37   31       -0.79500          277.33035      272.88330         0.83183E+01    0.72652E+01    1
   37   34        40   31        0.75491           71.73497       74.28794         0.22596E+02    0.17819E+02    1
   39   35        43   31        0.95665           -9.06123       -5.38481         0.20744E+02    0.20744E+02    0
   41   36        46   31       -1.09002           32.92515       27.90131         0.30796E+02    0.21148E+02    1
   43   37        49   31        0.44980           37.71332       39.74361         0.25799E+02    0.25799E+02    0
   45   38        52   31       -2.37237           47.06097       23.96394         0.54333E+02    0.14124E+02    1
   34   33        35   32        0.89491          619.09728      629.42861         0.27948E+01    0.17820E+01    1
   36   34        38   32       -0.37367          259.16872      257.97573         0.12502E+02    0.12502E+02    0
   38   35        41   32        0.26225          105.90701      107.36888         0.13736E+02    0.10796E+02    1
   40   36        44   32       -2.10240           58.17111       33.12776         0.21410E+02    0.66271E+01    1
   42   37        47   32        0.74409           66.72924       70.10314         0.21393E+02    0.21393E+02    0
   44   38        50   32       -1.10977           48.65369       45.78966         0.45605E+02    0.45605E+02    0
   37   35        39   33       -0.38072          249.39353      247.58365         0.84767E+01    0.84767E+01    0
   39   36        42   33       -1.89680          188.95896      172.34664         0.16547E+02    0.68341E+01    1
   41   37        45   33        0.33815           91.42050       92.82907         0.18676E+02    0.18676E+02    0
   43   38        48   33        1.39091           86.52941       89.74469         0.54073E+02    0.41970E+02    1
   45   39        51   33        1.65883           35.11587       37.36462         0.14057E+03    0.87482E+02    1
   36   35        37   34       -1.35912          621.44100      604.55208         0.26507E+01    0.16005E+01    1
   38   36        40   34       -0.38896          277.74723      275.73424         0.78104E+01    0.78104E+01    0
   40   37        43   34        0.08061           61.96912       62.31933         0.13918E+02    0.13918E+02    0
   42   38        46   34       -0.79989           92.60695       89.80690         0.28380E+02    0.22277E+02    1
   44   39        49   34        0.45607           39.79601       40.73379         0.49165E+02    0.48331E+02    1
   46   40        52   34        0.57905           38.46083       40.65489         0.37259E+02    0.31463E+02    1
   37   36        38   35        0.09392          624.76106      625.67561         0.20995E+01    0.20995E+01    0
   43   39        47   35       -1.41807          126.27633      107.98276         0.70919E+01    0.61070E+01    1
   38   37        39   36        0.09189          379.25682      379.70280         0.49270E+01    0.42022E+01    1
   40   38        42   36        1.48066          152.82027      160.73509         0.19445E+02    0.76284E+01    1
   42   39        45   36       -1.75668          140.72463      127.88807         0.43389E+02    0.80795E+01    1
   44   40        48   36       -0.47315          109.34097      108.72963         0.70704E+02    0.61393E+02    1
   46   41        51   36       -0.16628           51.22138       50.30680         0.18167E+02    0.18167E+02    0
   39   38        40   37       -0.17116          388.55579      387.86982         0.49418E+01    0.49418E+01    0
   41   39        43   37       -0.04032          172.96691      172.88563         0.25340E+02    0.20469E+02    1
   43   40        46   37       -0.85278          162.27314      160.19050         0.33861E+02    0.24133E+02    1
   45   41        49   37       -1.88000           77.82881       65.39533         0.15151E+02    0.12185E+02    1
   47   42        52   37        0.15922           36.55287       36.87370         0.50017E+02    0.50017E+02    0
   40   39        41   38       -0.58393          136.11725      134.93451         0.12306E+02    0.10334E+02    1
   42   40        44   38       -0.77776          268.44972      266.08643         0.20944E+02    0.12864E+02    1
   44   41        47   38        0.18531          106.55982      107.33009         0.14405E+02    0.14405E+02    0
   46   42        50   38       -0.50423           57.22306       55.89906         0.48843E+02    0.30875E+02    1
   41   40        42   39        2.41014          324.19913      369.05087         0.63120E+01    0.10908E+01    1
   43   41        45   39        0.78611          197.49279      203.00541         0.59205E+01    0.55670E+01    1
   45   42        48   39       -0.66605          100.63986       96.48910         0.97421E+01    0.97421E+01    0
   47   43        51   39       -1.19013           46.54358       33.91547         0.98383E+01    0.75688E+01    1
   42   41        43   40       -0.16415          240.89308      240.40018         0.66267E+01    0.66267E+01    0
   44   42        46   40        0.00112           83.72504       83.72811         0.17797E+02    0.14774E+02    1
   46   43        49   40       -0.74924           -1.12969       -4.07915         0.18815E+02    0.15602E+02    1
   48   44        52   40       -0.84776           71.13478       66.74537         0.18002E+02    0.15198E+02    1
   43   42        44   41       -2.35648          572.71719      553.28447         0.83960E+01    0.24410E+01    1
   45   43        47   41       -0.11512          129.19411      128.90538         0.16239E+02    0.16239E+02    0
   47   44        50   41        0.35389          120.31246      121.45984         0.18151E+02    0.18151E+02    0
   44   43        45   42       -0.60040          197.17167      195.79380         0.12403E+02    0.87180E+01    1
   46   44        48   42        0.69027          203.15997      205.30130         0.17169E+02    0.12596E+02    1
   48   45        51   42       -1.25189          161.82259      154.35172         0.18868E+02    0.97159E+01    1
   45   44        46   43        1.39395          262.35623      277.29324         0.77803E+01    0.18038E+01    1
   47   45        49   43        0.49054          140.86034      143.28928         0.12027E+02    0.78855E+01    1
   49   46        52   43        0.25199          133.50252      134.32782         0.17680E+02    0.17680E+02    0
   46   45        47   44        0.36658          141.41166      143.05012         0.96310E+01    0.43547E+01    1
   48   46        50   44        0.28751          129.74105      130.37127         0.19822E+02    0.17621E+02    1
   47   46        48   45        0.11322          182.51302      182.82270         0.71260E+01    0.71260E+01    0
   49   47        51   45       -0.27455          158.37248      157.20532         0.91883E+01    0.91883E+01    0
   48   47        49   46       -0.48030          208.33748      206.99624         0.71137E+01    0.70298E+01    1
   50   48        52   46       -0.32669          112.60250      111.61688         0.12911E+02    0.12911E+02    0
   49   48        50   47        0.03171          261.08987      261.17701         0.86019E+01    0.71318E+01    1
   50   49        51   48       -0.21619          216.65055      216.00529         0.66319E+01    0.66319E+01    0
   51   50        52   49       -0.12262          353.98895      353.45086         0.44150E+01    0.44150E+01    0
