    P+   P-        C+   C-  Normalised_Error  Observed_Rho_a  Calculated_Rho_a  Original_Weight  Final_Weight    C
    2    8         4    6       -0.24014          991.09380      987.41133         0.32656E+01    0.32656E+01    0
    2   20         8   14        1.50662          233.77700      250.90712         0.16440E+02    0.12090E+02    1
    2   23         9   16       -1.74741          206.24641      195.02615         0.58929E+02    0.24691E+02    1
    2   26        10   18       -0.17692          223.14556      217.77522         0.59059E+01    0.59059E+01    0
    2   31        13   24       -1.30603           72.03946       66.88738         0.42515E+02    0.40121E+02    1
    2   34        14   26        1.43429           27.12791       33.24092         0.55627E+02    0.41380E+02    1
    2   37        15   28        1.64029           30.84184       44.06109         0.36291E+02    0.24447E+02    1
    3    6         4    5       -0.12303          819.76236      817.83286         0.13590E+01    0.13590E+01    0
    3    9         5    7       -0.01198          751.26993      751.14649         0.41218E+01    0.41218E+01    0
    3   12         6    9        0.47459          495.50214      499.21165         0.79822E+01    0.79822E+01    0
    3   15         7   11       -1.78849          297.85750      259.44235         0.67053E+01    0.40868E+01    1
    3   18         8   13        0.76846          188.39779      200.07076         0.72814E+01    0.72814E+01    0
    3   21         9   15       -0.66704          124.79693      123.67520         0.79632E+02    0.78765E+02    1
    3   24        10   17        0.06152          126.80244      131.41547         0.20560E+01    0.20560E+01    0
    3   27        11   19       -0.36922          108.58044       98.56603         0.63972E+01    0.63972E+01    0
    3   29        13   23       -0.08562           51.68916       51.56224         0.92045E+02    0.92045E+02    0
    3   32        14   25        0.17696           41.91730       43.12924         0.22713E+02    0.22713E+02    0
    4    7         5    6        0.10042         1287.76505     1289.54020         0.13352E+01    0.13352E+01    0
    4   10         6    8       -0.42702          653.60156      648.65117         0.35906E+01    0.35906E+01    0
    4   13         7   10        0.76769          232.44166      239.16159         0.74457E+01    0.74457E+01    0
    4   16         8   12       -0.83142          273.32746      266.97892         0.11699E+02    0.11699E+02    0
    4   19         9   14       -0.16754          154.97298      154.10644         0.21312E+02    0.21312E+02    0
    4   22        10   16       -1.01146          120.10148      119.01425         0.13826E+03    0.12303E+03    1
    4   28        12   20       -0.98289           55.14972       54.20838         0.19831E+03    0.17815E+03    1
    4   30        14   24       -1.65325           45.31172       39.17819         0.48212E+02    0.36236E+02    1
    4   33        15   26        2.00333            6.94515       23.52860         0.56203E+02    0.18640E+02    1
    4   36        16   28        0.43205            4.98807       15.90154         0.68948E+01    0.68948E+01    0
    4   45        19   30       -0.63909           32.96786       23.97320         0.25759E+02    0.25759E+02    0
    5    8         6    7       -0.06786         1161.07127     1159.98697         0.16381E+01    0.12829E+01    1
    5   14         8   11       -1.56804          307.80568      272.53678         0.53087E+01    0.29349E+01    1
    5   17         9   13       -0.89074          277.68669      269.54933         0.15267E+02    0.96474E+01    1
    5   20        10   15       -0.49714          132.14944      128.56674         0.15262E+02    0.15262E+02    0
    5   23        11   17       -1.00357          138.36914       70.23497         0.19307E+01    0.19307E+01    0
    5   26        12   19       -0.02922           55.01653       54.33830         0.65090E+01    0.65090E+01    0
    5   31        15   25        0.75054           49.77384       50.65232         0.11504E+03    0.11504E+03    0
    5   34        16   27       -0.08830           20.81586       19.35413         0.92479E+01    0.92479E+01    0
    5   43        19   29        0.12944           16.85774       17.42063         0.79269E+02    0.79269E+02    0
    5   46        20   31        1.52450            1.37149       11.26975         0.68195E+02    0.55872E+02    1
    6    9         7    8        0.21794          949.39543      952.46674         0.16216E+01    0.16216E+01    0
    6   15         9   12        1.71637          365.23677      400.55274         0.87605E+01    0.32682E+01    1
    6   18        10   14        0.32588          220.60545      224.34640         0.77160E+01    0.77160E+01    0
    6   24        12   18       -0.12925           98.79838       96.08110         0.61770E+01    0.61770E+01    0
    6   27        13   20       -0.45747           26.11403       24.59989         0.45357E+02    0.45357E+02    0
    6   29        15   24       -0.24384           48.51891       47.36625         0.24003E+02    0.24003E+02    0
    6   32        16   26       -0.00527           20.11743       20.03503         0.85024E+01    0.85024E+01    0
    6   44        20   30        0.65659           13.49743       15.94338         0.92897E+02    0.92897E+02    0
    6   47        21   32        0.44336            8.44168       10.14755         0.94766E+02    0.94766E+02    0
    7   16        10   13       -0.05805          477.90396      477.49861         0.10059E+02    0.93298E+01    1
    7   22        12   17       -0.58184          122.08440       90.62166         0.19852E+01    0.19852E+01    0
    7   25        13   19        0.14918           54.32589       57.76712         0.55702E+01    0.55702E+01    0
    7   28        14   21        0.14292           56.49086       57.55237         0.19844E+02    0.19844E+02    0
    7   30        16   25       -0.79394           75.24110       65.93941         0.95887E+01    0.95887E+01    0
    7   33        17   27       -0.49628           64.04369       63.13327         0.71998E+02    0.71998E+02    0
    7   42        20   29       -1.17985           29.66486       29.10339         0.10000E+04    0.68510E+03    1
    7   45        21   31        1.53235           10.43779       20.74091         0.60690E+02    0.51130E+02    1
    7   48        22   33       -1.35493           31.78152       17.70171         0.36681E+02    0.35092E+02    1
    8   14        10   12        0.41581          536.33376      541.00868         0.40962E+01    0.38699E+01    1
    8   20        12   16       -0.71869          121.57618      116.91214         0.13031E+02    0.13031E+02    0
    8   26        14   20        0.13951           41.60346       42.35357         0.23689E+02    0.23689E+02    0
    8   31        17   26       -0.02237           48.87819       48.79390         0.29514E+02    0.29514E+02    0
    8   43        21   30       -0.29753           12.70353        9.00244         0.26372E+02    0.26372E+02    0
    9   18        12   15        0.53254          201.22984      206.02907         0.70193E+01    0.70193E+01    0
    9   21        13   17       -0.19972          124.38232      115.05761         0.18339E+01    0.18339E+01    0
    9   24        14   19        0.00161           65.43917       65.47077         0.54836E+01    0.54836E+01    0
    9   27        15   21       -0.13693           88.77223       87.04681         0.10064E+02    0.10064E+02    0
    9   29        17   25       -1.27681           75.54153       75.18099         0.51403E+03    0.32244E+03    1
    9   32        18   27       -2.27866          109.66098       56.67583         0.13460E+02    0.47578E+01    1
    9   41        21   29        1.57438            3.51201       13.84533         0.60329E+02    0.46925E+02    1
    9   44        22   31       -0.14874           16.46885       15.89638         0.85243E+02    0.85243E+02    0
    9   47        23   33        1.67268           15.76774       21.11845         0.19786E+03    0.10818E+03    1
   10   16        12   14       -1.04133          367.89713      363.08611         0.95307E+01    0.91227E+01    1
   10   19        13   16       -0.06822          174.20731      173.91637         0.14827E+02    0.14827E+02    0
   10   25        15   20        2.09096           68.15429       90.86323         0.16644E+02    0.97804E+01    1
   10   28        16   22       -0.68738           63.11440       52.11083         0.78523E+01    0.78523E+01    0
   10   30        18   26       -2.25437           86.92308       35.93194         0.10689E+02    0.39466E+01    1
   10   33        19   28        1.54651           33.24191       41.17276         0.26200E+02    0.21548E+02    1
   10   42        22   30       -1.70476           25.71250       13.16324         0.64267E+02    0.42428E+02    1
   10   48        24   34       -3.19477           33.12035       12.12275         0.26868E+03    0.53091E+02    1
   11   14        12   13        0.19090          720.22416      721.76947         0.26736E+01    0.25393E+01    1
   11   17        13   15        0.23699          389.15606      390.61533         0.78844E+01    0.69213E+01    1
   11   20        14   17       -1.40976          238.28759      175.86969         0.16268E+01    0.14533E+01    1
   11   23        15   19       -1.57691          208.10406      161.81596         0.39498E+01    0.29539E+01    1
   11   26        16   21        0.79000          118.34680      135.71739         0.48670E+01    0.48670E+01    0
   11   31        19   27        2.25236          113.34019      132.26685         0.45250E+02    0.10648E+02    1
   11   40        22   29        2.33937           17.23386       25.74579         0.18747E+03    0.80553E+02    1
   11   43        23   31        1.23806           18.81929       23.25486         0.87268E+02    0.87268E+02    0
   11   46        24   33       -0.42762           36.39916       32.00630         0.32086E+02    0.32086E+02    0
   12   15        13   14       -0.71561         1990.88831     1974.08614         0.17681E+01    0.93753E+00    1
   12   18        14   16       -0.29744          359.64983      356.59925         0.41760E+01    0.41760E+01    0
   12   24        16   20       -0.12305          199.95112      197.90327         0.52261E+01    0.52261E+01    0
   12   27        17   22        0.21991          129.54845      130.06149         0.45335E+02    0.45335E+02    0
   12   29        19   26       -0.00478           79.65208       79.63427         0.18212E+02    0.18212E+02    0
   12   32        20   28       -0.37236           74.45976       73.21417         0.26686E+02    0.26686E+02    0
   12   41        23   30        0.11218           28.35926       29.65849         0.25543E+02    0.25543E+02    0
   12   44        24   32        0.29783           37.72570       38.54706         0.11389E+03    0.11389E+03    0
   12   47        25   34        1.59018           12.71136       23.47991         0.84861E+02    0.48951E+02    1
   12   50        26   36        0.49443           27.83285       28.32975         0.51464E+03    0.34869E+03    1
   13   16        14   15       -0.05511          545.07618      544.67718         0.29626E+01    0.29626E+01    0
   13   19        15   17       -0.03524          459.75678      458.67604         0.14010E+01    0.14010E+01    0
   13   22        16   19        0.20875          230.81520      236.25919         0.25423E+01    0.25423E+01    0
   13   25        17   21       -1.35626          207.07323      193.10217         0.89651E+01    0.82939E+01    1
   13   30        20   27        1.07502          179.50829      182.65835         0.23330E+02    0.22951E+02    1
   13   39        23   29       -1.26569           42.23171       35.83988         0.57486E+02    0.54909E+02    1
   13   42        24   31       -0.92675           39.90074       37.63659         0.12146E+03    0.12146E+03    0
   13   45        25   33       -1.59560           37.14719       34.23456         0.27296E+03    0.17089E+03    1
   14   17        15   16        0.29805          533.06473      537.09296         0.24479E+01    0.15770E+01    1
   14   23        17   20        0.06206          213.47158      213.94030         0.86016E+01    0.86016E+01    0
   14   31        21   28       -0.96570          140.51075      136.09607         0.14797E+02    0.14797E+02    0
   14   40        24   30       -1.39570           46.38084       37.63251         0.48049E+02    0.44681E+02    1
   14   43        25   32        2.30604           12.80790       26.32649         0.12733E+03    0.50768E+02    1
   14   46        26   34        0.71064           36.45893       41.06915         0.48572E+02    0.48572E+02    0
   14   52        28   38        1.96994          -35.61920       -7.73835         0.12197E+03    0.24579E+02    1
   15   18        16   17        0.12852         1058.15787     1062.07612         0.72481E+00    0.72481E+00    0
   15   21        17   19       -0.04615          295.05314      294.15590         0.22549E+01    0.22549E+01    0
   15   24        18   21        0.94743          161.16665      181.25968         0.30634E+01    0.30634E+01    0
   15   27        19   23       -0.09769           68.13024       66.61384         0.54410E+01    0.54410E+01    0
   15   29        21   27       -0.86577          268.08074      259.96762         0.48351E+01    0.48351E+01    0
   15   38        24   29       -0.50475           50.36282       32.65133         0.74881E+01    0.74881E+01    0
   15   41        25   31        0.26564            6.96108       17.06531         0.73245E+01    0.73245E+01    0
   15   50        28   37        0.31364          -13.20368        0.54710         0.75428E+01    0.75428E+01    0
   16   19        17   18        0.09755          840.50457      841.82001         0.15571E+01    0.15571E+01    0
   16   25        19   22       -0.16523          164.72169      163.92559         0.13036E+02    0.13036E+02    0
   16   28        20   24        1.13895           59.18173       64.51549         0.18001E+02    0.18001E+02    0
   16   30        22   28       -0.10706          169.57249      169.02401         0.87287E+01    0.87287E+01    0
   16   39        25   30        0.79474           11.97992       18.23166         0.33538E+02    0.33538E+02    0
   16   45        27   34        1.77243          -14.24686        9.18786         0.37776E+02    0.22494E+02    1
   16   48        28   36        0.61555            0.98909        3.68933         0.71391E+02    0.71391E+02    0
   17   20        18   19       -0.64655         1073.83548     1059.68170         0.10272E+01    0.10272E+01    0
   17   23        19   21        0.19135          421.77492      424.73260         0.27796E+01    0.27796E+01    0
   17   26        20   23        2.15572          213.37673      268.37184         0.54709E+01    0.25249E+01    1
   17   37        25   29        0.22966            7.88088       14.92761         0.81104E+01    0.81104E+01    0
   18   21        19   20        0.27351         1110.49687     1115.15615         0.15849E+01    0.12428E+01    1
   18   24        20   22       -0.44035          634.47155      631.10981         0.55987E+01    0.55987E+01    0
   19   22        20   21        0.18679          908.97689      911.87615         0.17694E+01    0.14593E+01    1
   19   25        21   23       -0.11590          453.83056      452.87055         0.51972E+01    0.51972E+01    0
   19   28        22   25       -1.32095          142.28657      139.76492         0.43554E+02    0.34248E+02    1
   19   42        28   33       -0.66225           16.57534       14.67295         0.92649E+02    0.92649E+02    0
   20   23        21   22       -0.35964          871.95342      867.64254         0.17619E+01    0.17619E+01    0
   20   26        22   24       -0.33892          476.57855      474.19469         0.61925E+01    0.61925E+01    0
   20   37        27   30        1.29284          -18.01650      -10.84399         0.45620E+02    0.44119E+02    1
   20   40        28   32       -0.42369           18.11110       17.40977         0.16388E+03    0.15224E+03    1
   21   24        22   23       -0.27633         1427.82683     1422.91342         0.13328E+01    0.12642E+01    1
   21   27        23   25       -0.18393          378.64497      377.66239         0.81238E+01    0.81238E+01    0
   21   38        28   31       -0.51852            5.91948        5.79384         0.10000E+04    0.10000E+04    0
   22   25        23   24        0.04346          669.53044      669.98050         0.19985E+01    0.19985E+01    0
   22   28        24   26        0.33564          414.37332      416.43426         0.68398E+01    0.68398E+01    0
   22   36        28   30        0.74378            3.08461        8.72329         0.32913E+02    0.32913E+02    0
   22   51        29   40       -0.15786           19.69701       19.22741         0.52297E+02    0.52297E+02    0
   23   26        24   25        0.10837         1724.83316     1726.94961         0.13548E+01    0.11419E+01    1
   23   34        28   29       -1.21272           68.09773       66.09014         0.24300E+03    0.18504E+03    1
   23   49        29   39        0.19435           28.88849       30.54956         0.15726E+02    0.15726E+02    0
   23   52        30   41       -1.12288           40.87674       38.53011         0.81347E+02    0.73626E+02    1
   24   27        25   26       -0.27959          564.65342      561.82188         0.20047E+01    0.20047E+01    0
   24   47        29   38        2.00871           23.92523       35.50419         0.58934E+02    0.19512E+02    1
   24   50        30   40       -0.50988           29.31646       28.25658         0.71597E+02    0.63667E+02    1
   25   28        26   27       -0.47942         1346.10404     1339.58985         0.19113E+01    0.15789E+01    1
   25   45        29   37       -0.08221           54.81706       54.66621         0.49638E+02    0.49638E+02    0
   25   48        30   39       -0.18850           50.73056       49.37462         0.15446E+02    0.15446E+02    0
   25   51        31   41        0.15193           47.31459       47.71552         0.50087E+02    0.50087E+02    0
   26   43        29   36       -1.47226           67.70309       62.78026         0.25067E+02    0.20427E+02    1
   26   46        30   38       -1.00757           50.17535       48.22609         0.45907E+02    0.45907E+02    0
   26   49        31   40        1.53586           21.27954       26.44862         0.38007E+02    0.32800E+02    1
   27   44        30   37        1.08206          163.62791      166.80782         0.22804E+02    0.22804E+02    0
   27   47        31   39        1.59366          103.94913      119.99763         0.10725E+02    0.87990E+01    1
   28   39        29   34        0.55819          193.07377      196.16862         0.40272E+01    0.40272E+01    0
   28   42        30   36        1.24268          161.94133      166.75675         0.12063E+02    0.11502E+02    1
   28   45        31   38       -0.72863          131.02888      128.87635         0.22660E+02    0.22660E+02    0
   28   48        32   40       -1.69800           58.91007       50.70297         0.35360E+02    0.18148E+02    1
   28   51        33   42        1.23262           37.69833       41.79547         0.32642E+02    0.32642E+02    0
   29   32        30   31       -0.53156          359.04557      354.72442         0.24067E+01    0.24067E+01    0
   29   35        31   33        0.10905          397.66302      398.31921         0.66477E+01    0.66477E+01    0
   29   41        33   37        0.72813           65.02259       67.81611         0.21583E+02    0.21348E+02    1
   29   44        34   39       -0.06980           23.41465       22.86806         0.12630E+02    0.12630E+02    0
   29   50        36   43       -1.02853           61.47262       58.37693         0.45319E+02    0.45319E+02    0
   30   33        31   32       -0.47753          602.12083      598.14467         0.25138E+01    0.25138E+01    0
   30   36        32   34        0.00433          292.08611      292.11512         0.60819E+01    0.60819E+01    0
   30   39        33   36       -1.58012          109.96138      103.03956         0.23402E+02    0.14098E+02    1
   30   42        34   38       -0.07461           15.98500       15.84191         0.42299E+02    0.42299E+02    0
   30   48        36   42       -0.73881           44.76837       43.37447         0.91362E+02    0.61992E+02    1
   30   51        37   44       -1.46523           37.40148       30.97733         0.38639E+02    0.31297E+02    1
   31   34        32   33       -0.04944          405.43082      405.03340         0.24158E+01    0.24158E+01    0
   31   37        33   35       -0.96247          289.39495      280.51120         0.44029E+01    0.44029E+01    0
   31   40        34   37        0.73387           73.70892       76.22369         0.17586E+02    0.17586E+02    0
   31   43        35   39        0.31646           -7.78386       -5.17206         0.96591E+01    0.96591E+01    0
   31   46        36   41       -0.19130           34.78296       33.95420         0.22500E+02    0.22500E+02    0
   31   49        37   43       -0.12065           38.36100       37.60978         0.18702E+02    0.18702E+02    0
   31   52        38   45       -1.46617           44.16303       30.87152         0.17612E+02    0.15169E+02    1
   32   35        33   34        1.12835          617.26707      631.58725         0.21951E+01    0.16210E+01    1
   32   38        34   36       -0.40679          261.18367      259.46989         0.94744E+01    0.94744E+01    0
   32   41        35   38        0.09754          109.05619      109.49558         0.13360E+02    0.13360E+02    0
   32   44        36   40       -1.73891           59.78149       46.18034         0.23850E+02    0.10093E+02    1
   32   47        37   42        0.21827           67.16233       68.14894         0.21460E+02    0.21460E+02    0
   32   50        38   44       -1.20910           49.24862       46.00562         0.50918E+02    0.43881E+02    1
   33   39        35   37       -0.22853          249.28755      248.11500         0.78540E+01    0.78540E+01    0
   33   42        36   39       -1.61525          190.56732      174.77646         0.81165E+01    0.61225E+01    1
   33   45        37   41        0.04430           91.22075       91.47240         0.13694E+02    0.13694E+02    0
   33   48        38   43        0.12703           86.66984       87.15372         0.25469E+02    0.25469E+02    0
   33   51        39   45       -0.03837           41.27967       40.98428         0.15404E+02    0.15404E+02    0
   34   37        35   36       -1.71067          618.68836      591.11117         0.24062E+01    0.12337E+01    1
   34   40        36   38       -0.43500          278.70427      276.73006         0.89338E+01    0.89064E+01    1
   34   43        37   40        0.43176           64.18853       65.88490         0.15389E+02    0.15389E+02    0
   34   46        38   42       -1.50686           95.48030       88.63959         0.47604E+02    0.17178E+02    1
   34   49        39   44        0.52004           40.34801       41.33304         0.52466E+02    0.52466E+02    0
   34   52        40   46        0.54481           38.01235       40.01990         0.37634E+02    0.32352E+02    1
   35   38        36   37        0.39192          626.83117      630.51443         0.21754E+01    0.21754E+01    0
   35   47        39   43       -1.43514          125.82235      113.13650         0.13288E+02    0.89126E+01    1
   36   39        37   38        0.36940          381.04300      383.11406         0.42149E+01    0.36378E+01    1
   36   42        38   40        1.12405          154.73083      158.60695         0.14309E+02    0.11825E+02    1
   36   45        39   42       -1.50552          142.71237      131.52593         0.25113E+02    0.79458E+01    1
   36   48        40   44       -1.09192          110.52833      107.97919         0.36541E+02    0.33978E+02    1
   36   51        41   46       -0.27524           50.33893       49.47866         0.31971E+02    0.31971E+02    0
   37   40        38   39       -0.37956          389.95786      387.72792         0.33712E+01    0.33712E+01    0
   37   43        39   41        0.02792          174.01444      174.09843         0.13715E+02    0.13715E+02    0
   37   46        40   43       -0.90558          165.00730      162.37416         0.20269E+02    0.20269E+02    0
   37   49        41   45       -1.73017           76.25128       64.16212         0.16067E+02    0.11533E+02    1
   37   52        42   47        0.50502           38.36735       39.49297         0.45216E+02    0.45216E+02    0
   38   41        39   40       -0.44229          137.12456      135.36460         0.76528E+01    0.52601E+01    1
   38   44        40   42       -1.04628          269.79913      267.04113         0.16162E+02    0.14829E+02    1
   38   47        41   44        0.19926          106.74003      107.31873         0.26143E+02    0.20617E+02    1
   38   50        42   46       -0.61910           56.10323       54.08560         0.24876E+02    0.24876E+02    0
   39   42        40   41        2.33038          325.25995      371.08185         0.79355E+01    0.10324E+01    1
   39   45        41   43        1.15659          199.10006      204.37470         0.13598E+02    0.85602E+01    1
   39   48        42   45       -0.68687          102.43963       99.19912         0.12869E+02    0.12869E+02    0
   39   51        43   47       -1.36849           48.25953       39.47691         0.30811E+02    0.12514E+02    1
   40   43        41   42       -0.05344          241.68620      241.49952         0.91018E+01    0.56963E+01    1
   40   46        42   44        0.47452           85.96670       87.39876         0.20784E+02    0.13455E+02    1
   40   49        43   46       -0.49506           -3.21477       -4.66498         0.20966E+02    0.20966E+02    0
   40   52        44   48       -0.75238           72.65628       69.57111         0.25823E+02    0.19190E+02    1
   41   44        42   43       -1.73180          573.14677      563.21039         0.68809E+01    0.35084E+01    1
   41   47        43   45       -0.31029          127.94266      126.73937         0.10502E+02    0.10502E+02    0
   41   50        44   47        0.39756          122.32139      123.33077         0.23178E+02    0.23178E+02    0
   42   45        43   44       -0.61718          198.27401      196.34979         0.10363E+02    0.64171E+01    1
   42   48        44   46        1.13201          199.07574      204.09257         0.12362E+02    0.88171E+01    1
   42   51        45   48       -1.18555          161.62719      156.07965         0.16657E+02    0.12391E+02    1
   43   46        44   45        1.40543          264.11996      277.82775         0.58489E+01    0.19818E+01    1
   43   49        45   47        0.58240          144.70442      147.00802         0.14616E+02    0.98715E+01    1
   43   52        46   49        0.51168          137.85666      139.25589         0.21174E+02    0.21174E+02    0
   44   47        45   46        0.30136          134.26580      135.55004         0.73901E+01    0.45672E+01    1
   44   50        46   48        0.51597          134.24865      135.72326         0.13515E+02    0.13515E+02    0
   45   48        46   47        0.19978          191.43196      191.91910         0.79936E+01    0.79936E+01    0
   45   51        47   49       -0.25520          157.16413      156.48067         0.14585E+02    0.14585E+02    0
   46   49        47   48       -0.51438          202.50799      200.68721         0.65987E+01    0.55459E+01    1
   46   52        48   50       -0.43798          110.83429      109.58579         0.13664E+02    0.13664E+02    0
   47   50        48   49        0.13785          263.25374      263.67033         0.67865E+01    0.64856E+01    1
   48   51        49   50       -0.01338          216.95436      216.90878         0.58124E+01    0.58124E+01    0
   49   52        50   51       -0.02126          360.76799      360.65914         0.37847E+01    0.37847E+01    0
    6    4         8    2       -0.20324          991.09380      987.41133         0.27637E+01    0.27637E+01    0
   14    8        20    2        1.42495          233.77700      250.90712         0.13155E+02    0.11435E+02    1
   16    9        23    2       -1.10749          206.24641      195.02615         0.15649E+02    0.15649E+02    0
   18   10        26    2       -0.52840          223.14556      217.77522         0.17638E+02    0.17638E+02    0
   24   13        31    2       -1.29370           72.03946       66.88738         0.41716E+02    0.39742E+02    1
   26   14        34    2        0.86029           27.12791       33.24092         0.24820E+02    0.24820E+02    0
   28   15        37    2        1.44061           30.84184       44.06109         0.23980E+02    0.21471E+02    1
    5    4         6    3       -0.11417          819.76236      817.83286         0.12612E+01    0.12612E+01    0
    7    5         9    3       -0.00952          751.26993      751.14649         0.32747E+01    0.32747E+01    0
    9    6        12    3        0.34653          495.50214      499.21165         0.58283E+01    0.58283E+01    0
   11    7        15    3       -1.79677          297.85750      259.44235         0.68303E+01    0.41057E+01    1
   13    8        18    3        0.62485          188.39779      200.07076         0.59206E+01    0.59206E+01    0
   15    9        21    3       -0.04580          124.79693      123.67520         0.54076E+01    0.54076E+01    0
   17   10        24    3        0.20099          126.80244      131.41547         0.67172E+01    0.67172E+01    0
   19   11        27    3       -1.18610          108.58044       98.56603         0.21785E+02    0.20551E+02    1
   23   13        29    3       -0.03596           51.68916       51.56224         0.38662E+02    0.38662E+02    0
   25   14        32    3        0.35082           41.91730       43.12924         0.45030E+02    0.45030E+02    0
    6    5         7    4        0.10195         1287.76505     1289.54020         0.13555E+01    0.13555E+01    0
    8    6        10    4       -0.40624          653.60156      648.65117         0.34158E+01    0.34158E+01    0
   10    7        13    4        0.70026          232.44166      239.16159         0.67917E+01    0.67917E+01    0
   12    8        16    4       -0.32023          273.32746      266.97892         0.45062E+01    0.45062E+01    0
   14    9        19    4       -0.12245          154.97298      154.10644         0.15576E+02    0.15576E+02    0
   16   10        22    4       -0.25720          120.10148      119.01425         0.31285E+02    0.31285E+02    0
   20   12        28    4       -1.30653           55.14972       54.20838         0.61916E+03    0.23681E+03    1
   24   14        30    4       -2.13828           45.31172       39.17819         0.19022E+03    0.46867E+02    1
   26   15        33    4        2.07197            6.94515       23.52860         0.73589E+02    0.19279E+02    1
   28   16        36    4        2.17684            4.98807       15.90154         0.10469E+03    0.34739E+02    1
   30   19        45    4       -2.15605           32.96786       23.97320         0.33949E+03    0.86900E+02    1
    7    6         8    5       -0.06696         1161.07127     1159.98697         0.15950E+01    0.12659E+01    1
   11    8        14    5       -1.68294          307.80568      272.53678         0.93471E+01    0.31499E+01    1
   13    9        17    5       -0.87819          277.68669      269.54933         0.14424E+02    0.95114E+01    1
   15   10        20    5       -0.20167          132.14944      128.56674         0.61915E+01    0.61915E+01    0
   17   11        23    5       -1.88022          138.36914       70.23497         0.77017E+01    0.36172E+01    1
   19   12        26    5       -1.12367           55.01653       54.33830         0.66786E+03    0.25034E+03    1
   25   15        31    5        0.40473           49.77384       50.65232         0.62034E+02    0.62034E+02    0
   27   16        34    5       -1.86849           20.81586       19.35413         0.99547E+03    0.19570E+03    1
   29   19        43    5        0.12106           16.85774       17.42063         0.74141E+02    0.74141E+02    0
   31   20        46    5        0.82831            1.37149       11.26975         0.30357E+02    0.30357E+02    0
    8    7         9    6        0.20544          949.39543      952.46674         0.15286E+01    0.15286E+01    0
   12    9        15    6        1.66317          365.23677      400.55274         0.68096E+01    0.31669E+01    1
   14   10        18    6        0.29310          220.60545      224.34640         0.69399E+01    0.69399E+01    0
   18   12        24    6       -1.13591           98.79838       96.08110         0.73059E+02    0.54284E+02    1
   20   13        27    6       -1.14259           26.11403       24.59989         0.11924E+03    0.11329E+03    1
   24   15        29    6       -1.58000           48.51891       47.36625         0.44676E+03    0.15553E+03    1
   26   16        32    6       -0.20457           20.11743       20.03503         0.40966E+03    0.33013E+03    1
   30   20        44    6        0.31430           13.49743       15.94338         0.44469E+02    0.44469E+02    0
   32   21        47    6        0.25817            8.44168       10.14755         0.55182E+02    0.55182E+02    0
   13   10        16    7       -0.02699          477.90396      477.49861         0.43386E+01    0.43386E+01    0
   17   12        22    7       -1.82140          122.08440       90.62166         0.90185E+01    0.62147E+01    1
   19   13        25    7        1.21648           54.32589       57.76712         0.70115E+02    0.45420E+02    1
   21   14        28    7        0.66694           56.49086       57.55237         0.92604E+02    0.92604E+02    0
   25   16        30    7       -1.79302           75.24110       65.93941         0.48665E+02    0.21655E+02    1
   27   17        33    7       -1.67958           64.04369       63.13327         0.79683E+03    0.24367E+03    1
   29   20        42    7       -0.12476           29.66486       29.10339         0.72442E+02    0.72442E+02    0
   31   21        45    7        1.35792           10.43779       20.74091         0.47659E+02    0.45310E+02    1
   33   22        48    7       -1.56849           31.78152       17.70171         0.49156E+02    0.40623E+02    1
   12   10        14    8        0.41912          536.33376      541.00868         0.41618E+01    0.39008E+01    1
   16   12        20    8       -1.03140          121.57618      116.91214         0.18700E+02    0.18700E+02    0
   20   14        26    8        0.64913           41.60346       42.35357         0.11022E+03    0.11022E+03    0
   26   17        31    8       -0.09423           48.87819       48.79390         0.12435E+03    0.12435E+03    0
   30   21        43    8       -0.54031           12.70353        9.00244         0.47891E+02    0.47891E+02    0
   15   12        18    9        0.29370          201.22984      206.02907         0.38712E+01    0.38712E+01    0
   17   13        21    9       -0.82778          124.38232      115.05761         0.76010E+01    0.76010E+01    0
   19   14        24    9        0.10759           65.43917       65.47077         0.53241E+03    0.36555E+03    1
   21   15        27    9       -1.48694           88.77223       87.04681         0.30354E+03    0.10929E+03    1
   25   17        29    9       -1.17968           75.54153       75.18099         0.39671E+03    0.29791E+03    1
   27   18        32    9       -2.18400          109.66098       56.67583         0.11359E+02    0.45602E+01    1
   29   21        41    9        1.04394            3.51201       13.84533         0.31115E+02    0.31115E+02    0
   31   22        44    9       -0.11569           16.46885       15.89638         0.66302E+02    0.66302E+02    0
   33   23        47    9        1.86332           15.76774       21.11845         0.46150E+03    0.12051E+03    1
   14   12        16   10       -0.42873          367.89713      363.08611         0.37559E+01    0.37559E+01    0
   16   13        19   10       -0.05178          174.20731      173.91637         0.11253E+02    0.11253E+02    0
   20   15        25   10        2.63190           68.15429       90.86323         0.65356E+02    0.12311E+02    1
   22   16        28   10       -1.96999           63.11440       52.11083         0.59624E+02    0.22504E+02    1
   26   18        30   10       -2.17295           86.92308       35.93194         0.92267E+01    0.38041E+01    1
   28   19        33   10        1.75420           33.24191       41.17276         0.40279E+02    0.24441E+02    1
   30   22        42   10       -1.73239           25.71250       13.16324         0.68536E+02    0.43115E+02    1
   34   24        48   10       -1.67922           33.12035       12.12275         0.34070E+02    0.27905E+02    1
   13   12        14   11        0.16309          720.22416      721.76947         0.21693E+01    0.21693E+01    0
   15   13        17   11        0.10627          389.15606      390.61533         0.31035E+01    0.31035E+01    0
   17   14        20   11       -1.74319          238.28759      175.86969         0.38956E+01    0.17970E+01    1
   19   15        23   11       -1.86960          208.10406      161.81596         0.86823E+01    0.35022E+01    1
   21   16        26   11        1.53525          118.34680      135.71739         0.10950E+02    0.94583E+01    1
   27   19        31   11        1.71113          113.34019      132.26685         0.10836E+02    0.80896E+01    1
   29   22        40   11        0.54113           17.23386       25.74579         0.18633E+02    0.18633E+02    0
   31   23        43   11        0.18368           18.81929       23.25486         0.12947E+02    0.12947E+02    0
   33   24        46   11       -0.28442           36.39916       32.00630         0.21341E+02    0.21341E+02    0
   14   13        15   12       -0.71186         1990.88831     1974.08614         0.17313E+01    0.93262E+00    1
   16   14        18   12       -0.30007          359.64983      356.59925         0.42129E+01    0.42129E+01    0
   20   16        24   12       -0.61461          199.95112      197.90327         0.45732E+02    0.26103E+02    1
   22   17        27   12        0.41164          129.54845      130.06149         0.84862E+02    0.84862E+02    0
   26   19        29   12       -0.00781           79.65208       79.63427         0.29773E+02    0.29773E+02    0
   28   20        32   12       -0.34188           74.45976       73.21417         0.24502E+02    0.24502E+02    0
   30   23        41   12        0.32403           28.35926       29.65849         0.73783E+02    0.73783E+02    0
   32   24        44   12        0.07345           37.72570       38.54706         0.28088E+02    0.28088E+02    0
   34   25        47   12        0.93552           12.71136       23.47991         0.28798E+02    0.28798E+02    0
   36   26        50   12        0.03949           27.83285       28.32975         0.27850E+02    0.27850E+02    0
   15   14        16   13       -0.03131          545.07618      544.67718         0.16830E+01    0.16830E+01    0
   17   15        19   13       -0.08371          459.75678      458.67604         0.33279E+01    0.33279E+01    0
   19   16        22   13        1.07776          230.81520      236.25919         0.13126E+02    0.13126E+02    0
   21   17        25   13       -1.76952          207.07323      193.10217         0.28928E+02    0.10821E+02    1
   27   20        30   13        0.56492          179.50829      182.65835         0.12061E+02    0.12061E+02    0
   29   23        39   13       -1.69350           42.23171       35.83988         0.13771E+03    0.73468E+02    1
   31   24        42   13       -0.52015           39.90074       37.63659         0.68173E+02    0.68173E+02    0
   33   25        45   13       -1.77897           37.14719       34.23456         0.56531E+03    0.19053E+03    1
   16   15        17   14        0.30217          533.06473      537.09296         0.25160E+01    0.15988E+01    1
   20   17        23   14        0.14555          213.47158      213.94030         0.20174E+02    0.20174E+02    0
   28   21        31   14       -1.82730          140.51075      136.09607         0.57612E+02    0.27999E+02    1
   30   24        40   14       -0.85702           46.38084       37.63251         0.27436E+02    0.27436E+02    0
   32   25        43   14        1.62217           12.80790       26.32649         0.43513E+02    0.35712E+02    1
   34   26        46   14        0.43418           36.45893       41.06915         0.29676E+02    0.29676E+02    0
   38   28        52   14        1.68532          -35.61920       -7.73835         0.35001E+02    0.21028E+02    1
   17   16        18   15        0.24935         1058.15787     1062.07612         0.14062E+01    0.14062E+01    0
   19   17        21   15       -0.15355          295.05314      294.15590         0.75021E+01    0.75021E+01    0
   21   18        24   15        1.28888          161.16665      181.25968         0.68728E+01    0.41674E+01    1
   23   19        27   15       -0.54039           68.13024       66.61384         0.33912E+02    0.30098E+02    1
   27   21        29   15       -1.60731          268.08074      259.96762         0.12215E+02    0.89764E+01    1
   29   24        38   15       -1.78542           50.36282       32.65133         0.36685E+02    0.26487E+02    1
   31   25        41   15        2.12345            6.96108       17.06531         0.13588E+03    0.58550E+02    1
   37   28        50   15        1.46362          -13.20368        0.54710         0.46172E+02    0.35198E+02    1
   18   17        19   16        0.12512          840.50457      841.82001         0.22285E+01    0.19971E+01    1
   22   19        25   16       -0.24134          164.72169      163.92559         0.19041E+02    0.19041E+02    0
   24   20        28   16        1.11594           59.18173       64.51549         0.17637E+02    0.17637E+02    0
   28   22        30   16       -0.18258          169.57249      169.02401         0.14886E+02    0.14886E+02    0
   30   25        39   16        0.79129           11.97992       18.23166         0.33392E+02    0.33392E+02    0
   34   27        45   16        1.81880          -14.24686        9.18786         0.41887E+02    0.23082E+02    1
   36   28        48   16        0.26548            0.98909        3.68933         0.30791E+02    0.30791E+02    0
   19   18        20   17       -0.54124         1073.83548     1059.68170         0.85989E+00    0.85989E+00    0
   21   19        23   17        0.10375          421.77492      424.73260         0.15071E+01    0.15071E+01    0
   23   20        26   17        1.37348          213.37673      268.37184         0.16450E+01    0.16087E+01    1
   29   25        37   17        0.05656            7.88088       14.92761         0.19975E+01    0.19975E+01    0
   20   19        21   18        0.24788         1110.49687     1115.15615         0.13017E+01    0.11263E+01    1
   22   20        24   18       -0.19647          634.47155      631.10981         0.24980E+01    0.24980E+01    0
   21   20        22   19        0.16655          908.97689      911.87615         0.14067E+01    0.13012E+01    1
   23   21        25   19       -0.06367          453.83056      452.87055         0.28552E+01    0.28552E+01    0
   25   22        28   19       -0.16715          142.28657      139.76492         0.43336E+01    0.43336E+01    0
   33   28        42   19       -0.04261           16.57534       14.67295         0.59608E+01    0.59608E+01    0
   22   21        23   20       -0.34810          871.95342      867.64254         0.17054E+01    0.17054E+01    0
   24   22        26   20       -0.30395          476.57855      474.19469         0.55535E+01    0.55535E+01    0
   30   27        37   20        1.35327          -18.01650      -10.84399         0.49985E+02    0.46181E+02    1
   32   28        40   20       -0.27215           18.11110       17.40977         0.97784E+02    0.97784E+02    0
   23   22        24   21       -0.26633         1427.82683     1422.91342         0.12380E+01    0.12184E+01    1
   25   23        27   21       -0.10077          378.64497      377.66239         0.44506E+01    0.44506E+01    0
   31   28        38   21       -0.00891            5.91948        5.79384         0.17183E+02    0.17183E+02    0
   24   23        25   22        0.04477          669.53044      669.98050         0.20590E+01    0.20590E+01    0
   26   24        28   22        0.32672          414.37332      416.43426         0.66580E+01    0.66580E+01    0
   30   28        36   22        0.77288            3.08461        8.72329         0.34200E+02    0.34200E+02    0
   40   29        51   22       -0.68452           19.69701       19.22741         0.48865E+03    0.22678E+03    1
   25   24        26   23        0.10542         1724.83316     1726.94961         0.12821E+01    0.11108E+01    1
   29   28        34   23       -1.40816           68.09773       66.09014         0.46223E+03    0.21486E+03    1
   39   29        49   23        0.66416           28.88849       30.54956         0.53741E+02    0.53741E+02    0
   41   30        52   23       -1.05974           40.87674       38.53011         0.72456E+02    0.69486E+02    1
   26   25        27   24       -0.26417          564.65342      561.82188         0.18941E+01    0.18941E+01    0
   38   29        47   24        1.82491           23.92523       35.50419         0.32240E+02    0.17727E+02    1
   40   30        50   24       -0.32323           29.31646       28.25658         0.40361E+02    0.40361E+02    0
   27   26        28   25       -0.48150         1346.10404     1339.58985         0.19279E+01    0.15857E+01    1
   37   29        45   25       -0.96498           54.81706       54.66621         0.71642E+03    0.58261E+03    1
   39   30        48   25       -1.17684           50.73056       49.37462         0.96436E+02    0.96436E+02    0
   41   31        51   25        0.21382           47.31459       47.71552         0.70490E+02    0.70490E+02    0
   36   29        43   26       -1.57114           67.70309       62.78026         0.33838E+02    0.21799E+02    1
   38   30        46   26       -1.28618           50.17535       48.22609         0.62398E+02    0.58601E+02    1
   40   31        49   26        1.97464           21.27954       26.44862         0.94821E+02    0.42171E+02    1
   37   30        44   27        1.40587          163.62791      166.80782         0.34079E+02    0.29628E+02    1
   39   31        47   27        2.16549          103.94913      119.99763         0.50698E+02    0.11956E+02    1
   34   29        39   28        0.54385          193.07377      196.16862         0.39237E+01    0.39237E+01    0
   36   30        42   28        1.06367          161.94133      166.75675         0.98449E+01    0.98449E+01    0
   38   31        45   28       -0.49024          131.02888      128.87635         0.15246E+02    0.15246E+02    0
   40   32        48   28       -1.64093           58.91007       50.70297         0.30840E+02    0.17538E+02    1
   42   33        51   28        1.23126           37.69833       41.79547         0.32606E+02    0.32606E+02    0
   31   30        32   29       -0.49648          359.04557      354.72442         0.22479E+01    0.22479E+01    0
   33   31        35   29        0.08679          397.66302      398.31921         0.52908E+01    0.52908E+01    0
   37   33        41   29        0.84230           65.02259       67.81611         0.28883E+02    0.24696E+02    1
   39   34        44   29       -0.15556           23.41465       22.86806         0.32411E+02    0.28148E+02    1
   43   36        50   29       -0.83258           61.47262       58.37693         0.36685E+02    0.36685E+02    0
   32   31        33   30       -0.42470          602.12083      598.14467         0.22357E+01    0.22357E+01    0
   34   32        36   30        0.00406          292.08611      292.11512         0.57062E+01    0.57062E+01    0
   36   33        39   30       -1.42154          109.96138      103.03956         0.15329E+02    0.12684E+02    1
   38   34        42   30       -0.03666           15.98500       15.84191         0.20785E+02    0.20785E+02    0
   42   36        48   30       -0.26522           44.76837       43.37447         0.22254E+02    0.22254E+02    0
   44   37        51   30       -1.02614           37.40148       30.97733         0.21918E+02    0.21918E+02    0
   33   32        34   31       -0.04761          405.43082      405.03340         0.23266E+01    0.23266E+01    0
   35   33        37   31       -1.13530          289.39495      280.51120         0.63652E+01    0.51935E+01    1
   37   34        40   31        0.95228           73.70892       76.22369         0.23796E+02    0.22820E+02    1
   39   35        43   31        0.89266           -7.78386       -5.17206         0.27246E+02    0.27246E+02    0
   41   36        46   31       -0.30257           34.78296       33.95420         0.48356E+02    0.35586E+02    1
   43   37        49   31       -0.38886           38.36100       37.60978         0.60279E+02    0.60279E+02    0
   45   38        52   31       -1.98562           44.16303       30.87152         0.86802E+02    0.20543E+02    1
   34   33        35   32        1.16563          617.26707      631.58725         0.23425E+01    0.16746E+01    1
   36   34        38   32       -0.45624          261.18367      259.46989         0.10626E+02    0.10626E+02    0
   38   35        41   32        0.11648          109.05619      109.49558         0.15955E+02    0.15955E+02    0
   40   36        44   32       -1.76271           59.78149       46.18034         0.26589E+02    0.10231E+02    1
   42   37        47   32        0.34762           67.16233       68.14894         0.34178E+02    0.34178E+02    0
   44   38        50   32       -1.22398           49.24862       46.00562         0.53471E+02    0.44421E+02    1
   37   35        39   33       -0.25312          249.28755      248.11500         0.86989E+01    0.86989E+01    0
   39   36        42   33       -1.92718          190.56732      174.77646         0.17733E+02    0.73048E+01    1
   41   37        45   33        0.11399           91.22075       91.47240         0.35237E+02    0.35237E+02    0
   43   38        48   33        0.51841           86.66984       87.15372         0.10960E+03    0.10394E+03    1
   45   39        51   33       -0.47311           41.27967       40.98428         0.56128E+03    0.18995E+03    1
   36   35        37   34       -1.68651          618.68836      591.11117         0.22731E+01    0.12163E+01    1
   38   36        40   34       -0.35520          278.70427      276.73006         0.72725E+01    0.72725E+01    0
   40   37        43   34        0.47509           64.18853       65.88490         0.16934E+02    0.16934E+02    0
   42   38        46   34       -1.40899           95.48030       88.63959         0.27818E+02    0.16062E+02    1
   44   39        49   34        0.40375           40.34801       41.33304         0.40734E+02    0.40734E+02    0
   46   40        52   34        0.59132           38.01235       40.01990         0.44333E+02    0.35114E+02    1
   37   36        38   35        0.34753          626.83117      630.51443         0.19290E+01    0.19290E+01    0
   43   39        47   35       -1.31598          125.82235      113.13650         0.93949E+01    0.81726E+01    1
   38   37        39   36        0.37122          381.04300      383.11406         0.42565E+01    0.36557E+01    1
   40   38        42   36        1.14370          154.73083      158.60695         0.15336E+02    0.12032E+02    1
   42   39        45   36       -1.52934          142.71237      131.52593         0.28475E+02    0.80715E+01    1
   44   40        48   36       -1.16175          110.52833      107.97919         0.44342E+02    0.36151E+02    1
   46   41        51   36       -0.29223           50.33893       49.47866         0.33944E+02    0.33944E+02    0
   39   38        40   37       -0.43598          389.95786      387.72792         0.40148E+01    0.38723E+01    1
   41   39        43   37        0.04103          174.01444      174.09843         0.20154E+02    0.20154E+02    0
   43   40        46   37       -1.09063          165.00730      162.37416         0.31615E+02    0.24411E+02    1
   45   41        49   37       -1.87831           76.25128       64.16212         0.28435E+02    0.12520E+02    1
   47   42        52   37        0.53916           38.36735       39.49297         0.48273E+02    0.48273E+02    0
   40   39        41   38       -0.50149          137.12456      135.36460         0.98386E+01    0.59642E+01    1
   42   40        44   38       -1.07108          269.79913      267.04113         0.17863E+02    0.15180E+02    1
   44   41        47   38        0.18404          106.74003      107.31873         0.22302E+02    0.19043E+02    1
   46   42        50   38       -0.89129           56.10323       54.08560         0.49517E+02    0.35813E+02    1
   41   40        42   39        2.25986          325.25995      371.08185         0.62060E+01    0.10011E+01    1
   43   41        45   39        0.97015          199.10006      204.37470         0.76642E+01    0.71803E+01    1
   45   42        48   39       -0.57603          102.43963       99.19912         0.10792E+02    0.10792E+02    0
   47   43        51   39       -1.19813           48.25953       39.47691         0.11630E+02    0.10956E+02    1
   42   41        43   40       -0.04898          241.68620      241.49952         0.76463E+01    0.52210E+01    1
   44   42        46   40        0.44318           85.96670       87.39876         0.18130E+02    0.12567E+02    1
   46   43        49   40       -0.59301           -3.21477       -4.66498         0.25115E+02    0.25115E+02    0
   48   44        52   40       -0.75865           72.65628       69.57111         0.26695E+02    0.19350E+02    1
   43   42        44   41       -1.72735          573.14677      563.21039         0.67408E+01    0.34994E+01    1
   45   43        47   41       -0.42663          127.94266      126.73937         0.14440E+02    0.14440E+02    0
   47   44        50   41        0.31160          122.32139      123.33077         0.18167E+02    0.18167E+02    0
   44   43        45   42       -0.61283          198.27401      196.34979         0.10074E+02    0.63719E+01    1
   46   44        48   42        1.16340          199.07574      204.09257         0.15385E+02    0.90615E+01    1
   48   45        51   42       -1.22342          161.62719      156.07965         0.21421E+02    0.12787E+02    1
   45   44        46   43        1.43527          264.11996      277.82775         0.69197E+01    0.20239E+01    1
   47   45        49   43        0.57010          144.70442      147.00802         0.13419E+02    0.96629E+01    1
   49   46        52   43        0.43354          137.85666      139.25589         0.17941E+02    0.17941E+02    0
   46   45        47   44        0.33025          134.26580      135.55004         0.88751E+01    0.50051E+01    1
   48   46        50   44        0.59091          134.24865      135.72326         0.16740E+02    0.15478E+02    1
   47   46        48   45        0.15574          191.43196      191.91910         0.62315E+01    0.62315E+01    0
   49   47        51   45       -0.16641          157.16413      156.48067         0.95107E+01    0.95107E+01    0
   48   47        49   46       -0.50458          202.50799      200.68721         0.63495E+01    0.54401E+01    1
   50   48        52   46       -0.34507          110.83429      109.58579         0.10766E+02    0.10766E+02    0
   49   48        50   47        0.14075          263.25374      263.67033         0.70751E+01    0.66220E+01    1
   50   49        51   48       -0.01221          216.95436      216.90878         0.53043E+01    0.53043E+01    0
   51   50        52   49       -0.02031          360.76799      360.65914         0.36153E+01    0.36153E+01    0
