    P+   P-        C+   C-  Normalised_Error  Observed_Rho_a  Calculated_Rho_a  Original_Weight  Final_Weight    C
    2    8         4    6       -0.09455          968.05447      966.81309         0.38141E+01    0.38141E+01    0
    2   20         8   14        1.57434          237.46778      263.72019         0.98084E+01    0.82439E+01    1
    2   23         9   16       -1.04986          206.76911      199.80680         0.24653E+02    0.23907E+02    1
    2   26        10   18       -0.14954          222.63923      218.92190         0.72117E+01    0.72117E+01    0
    2   31        13   24       -0.67579           72.27492       68.13970         0.25865E+02    0.25865E+02    0
    2   34        14   26        0.60730           27.79757       30.14452         0.45636E+02    0.45636E+02    0
    2   37        15   28        1.09835           30.64352       40.09024         0.22907E+02    0.22907E+02    0
    3    6         4    5       -0.00056          800.97143      800.96386         0.15870E+01    0.15870E+01    0
    3    9         5    7        0.01761          750.72907      750.89206         0.45876E+01    0.45876E+01    0
    3   12         6    9        0.18465          495.60537      496.83237         0.93891E+01    0.93891E+01    0
    3   15         7   11       -1.56413          287.48335      259.96227         0.67886E+01    0.49890E+01    1
    3   18         8   13        1.16129          191.24499      217.25125         0.49729E+01    0.49389E+01    1
    3   21         9   15       -0.36288          126.98670      126.18759         0.60149E+02    0.60149E+02    0
    3   24        10   17        0.26359          135.74496      150.09282         0.28324E+01    0.28324E+01    0
    3   27        11   19       -0.08904          111.82111      109.59401         0.69374E+01    0.69374E+01    0
    3   29        13   23        0.25818           52.76157       53.69042         0.37928E+02    0.37928E+02    0
    3   32        14   25        0.10014           42.67895       43.15506         0.32717E+02    0.32717E+02    0
    4    7         5    6       -0.03251         1249.15431     1248.66991         0.15839E+01    0.15839E+01    0
    4   10         6    8       -0.52121          647.75745      642.46572         0.40999E+01    0.40999E+01    0
    4   13         7   10        1.06698          231.21573      240.07741         0.82051E+01    0.78474E+01    1
    4   16         8   12       -0.00096          280.50814      280.50136         0.12674E+02    0.12674E+02    0
    4   19         9   14       -0.49501          158.93042      156.80210         0.25637E+02    0.25637E+02    0
    4   22        10   16       -0.80423          124.53747      123.82218         0.32861E+03    0.14869E+03    1
    4   28        12   20       -0.95817           56.70284       55.35572         0.19945E+03    0.12135E+03    1
    4   30        14   24       -1.89672           46.89701       38.68974         0.52480E+02    0.31069E+02    1
    4   33        15   26        1.86873            8.89585       17.00519         0.79666E+02    0.35558E+02    1
    4   36        16   28        0.15202            5.79311       10.27836         0.59029E+01    0.59029E+01    0
    4   45        19   30       -0.85580           31.30040       19.97412         0.27392E+02    0.27392E+02    0
    5    8         6    7        0.10607         1156.66945     1158.28601         0.18912E+01    0.13450E+01    1
    5   14         8   11       -1.87922          315.10691      276.72320         0.59960E+01    0.32319E+01    1
    5   17         9   13       -0.33120          281.59375      279.16042         0.16154E+02    0.11996E+02    1
    5   20        10   15        0.14854          138.25125      139.80540         0.10513E+02    0.10513E+02    0
    5   23        11   17       -1.01475          146.45015       91.83135         0.24352E+01    0.24352E+01    0
    5   26        12   19       -0.00393           57.86669       57.78882         0.76338E+01    0.76338E+01    0
    5   31        15   25        0.32270           51.46442       51.73178         0.16252E+03    0.16252E+03    0
    5   34        16   27       -0.59737           21.56357        9.75018         0.77416E+01    0.77416E+01    0
    5   43        19   29       -0.24576           16.82203       15.84034         0.86299E+02    0.86299E+02    0
    5   46        20   31        1.79373            1.18987       12.32074         0.76566E+02    0.58459E+02    1
    6    9         7    8       -0.08543          924.60568      923.54580         0.18419E+01    0.18419E+01    0
    6   15         9   12        1.45519          373.82954      397.51506         0.86434E+01    0.41314E+01    1
    6   18        10   14        0.61350          226.17044      235.96784         0.55465E+01    0.55465E+01    0
    6   24        12   18       -0.06259          106.79055      105.72105         0.75999E+01    0.75999E+01    0
    6   27        13   20       -0.12548           29.11272       28.61211         0.37629E+02    0.37629E+02    0
    6   29        15   24       -0.46168           50.18542       47.28219         0.18043E+02    0.18043E+02    0
    6   32        16   26       -0.01439           21.98352       21.73313         0.76411E+01    0.76411E+01    0
    6   44        20   30        0.38214           14.04205       15.05985         0.12993E+03    0.12993E+03    0
    6   47        21   32       -0.50303            8.02310        7.09135         0.19685E+03    0.19685E+03    0
    7   16        10   13       -0.82502          486.63311      481.20870         0.11325E+02    0.99093E+01    1
    7   22        12   17       -0.61558          128.71868      103.07455         0.25769E+01    0.25769E+01    0
    7   25        13   19        0.02952           59.22803       59.87024         0.59067E+01    0.59067E+01    0
    7   28        14   21       -0.01194           60.26678       60.19936         0.26100E+02    0.26100E+02    0
    7   30        16   25       -0.46817           76.90393       69.75733         0.73593E+01    0.73593E+01    0
    7   33        17   27       -2.65525           62.55845       48.45253         0.63526E+02    0.24862E+02    1
    7   42        20   29       -1.32876           30.29963       29.59037         0.10000E+04    0.61079E+03    1
    7   45        21   31        0.90935            7.32417        9.47317         0.14547E+03    0.14547E+03    0
    7   48        22   33       -0.44711           31.96319       29.14955         0.57948E+02    0.57948E+02    0
    8   14        10   12        0.54444          548.51870      554.55818         0.45655E+01    0.39222E+01    1
    8   20        12   16        0.04092          126.13550      126.53536         0.86537E+01    0.86537E+01    0
    8   26        14   20       -0.07011           45.27587       44.96335         0.28572E+02    0.28572E+02    0
    8   31        17   26        0.07608           50.09189       50.27313         0.46693E+02    0.46693E+02    0
    8   43        21   30       -1.11267           12.54681        0.00474         0.29103E+02    0.29103E+02    0
    9   18        12   15        0.66848          205.53025      213.72911         0.51577E+01    0.51577E+01    0
    9   21        13   17       -0.27160          129.88750      120.14430         0.23868E+01    0.23868E+01    0
    9   24        14   19       -0.01801           72.43499       72.14282         0.66184E+01    0.66184E+01    0
    9   27        15   21       -0.08822           93.44125       92.44213         0.11198E+02    0.11198E+02    0
    9   29        17   25       -0.04686           76.45693       76.44456         0.49442E+03    0.34484E+03    1
    9   32        18   27       -2.34763          112.73082       51.39350         0.10566E+02    0.42344E+01    1
    9   41        21   29        0.48526            3.05892        6.18071         0.47875E+02    0.47875E+02    0
    9   44        22   31        0.30227           16.59695       17.66084         0.93212E+02    0.93212E+02    0
    9   47        23   33        1.82331           16.13811       30.59895         0.92694E+02    0.43632E+02    1
   10   16        12   14       -0.78142          368.26616      365.01574         0.10710E+02    0.10133E+02    1
   10   19        13   16       -0.17428          179.30015      178.59619         0.15654E+02    0.15654E+02    0
   10   25        15   20        1.90198           72.30734       88.41668         0.16750E+02    0.12541E+02    1
   10   28        16   22       -0.77314           64.51863       49.71361         0.65642E+01    0.65642E+01    0
   10   30        18   26       -2.22648           88.17821       38.85250         0.91967E+01    0.40294E+01    1
   10   33        19   28        0.91830           34.48425       38.65478         0.24331E+02    0.24331E+02    0
   10   42        22   30       -1.87364           25.90384       14.71180         0.83523E+02    0.52285E+02    1
   10   48        24   34       -2.77077           33.77463       20.15217         0.19733E+03    0.70974E+02    1
   11   14        12   13        0.21961          715.20406      716.85137         0.29882E+01    0.27402E+01    1
   11   17        13   15        0.18804          393.86863      394.98664         0.83331E+01    0.71679E+01    1
   11   20        14   17       -1.24130          244.03810      200.47436         0.19000E+01    0.18334E+01    1
   11   23        15   19       -1.81630          215.70394      151.28472         0.38953E+01    0.24448E+01    1
   11   26        16   21        0.70025          122.34301      138.48246         0.46431E+01    0.46431E+01    0
   11   31        19   27        1.72845          115.40889      127.26057         0.33517E+02    0.13050E+02    1
   11   40        22   29        2.69798           17.67130       25.88912         0.27107E+03    0.96225E+02    1
   11   43        23   31        0.80057           18.70305       19.24656         0.46052E+03    0.46052E+03    0
   11   46        24   33       -0.31628           36.68113       34.87869         0.57837E+02    0.57837E+02    0
   12   15        13   14       -0.79668         2006.41270     1985.38701         0.19819E+01    0.83408E+00    1
   12   18        14   16       -0.31821          372.29184      368.44769         0.35454E+01    0.35454E+01    0
   12   24        16   20       -0.06327          207.23704      206.14802         0.50534E+01    0.50534E+01    0
   12   27        17   22       -0.10479          128.87087      128.61493         0.43303E+02    0.43303E+02    0
   12   29        19   26        0.13719           83.06368       83.55494         0.18961E+02    0.18961E+02    0
   12   32        20   28        1.46576           77.06241       81.63022         0.32248E+02    0.28645E+02    1
   12   41        23   30       -0.05037           29.34383       28.64886         0.21442E+02    0.21442E+02    0
   12   44        24   32       -0.70449           38.54334       38.07006         0.55238E+03    0.46752E+03    1
   12   47        25   34        0.95095           14.20358       19.87702         0.55563E+02    0.55563E+02    0
   12   50        26   36       -0.52904           27.69164       25.58260         0.87904E+02    0.87904E+02    0
   13   16        14   15       -0.17664          547.16151      546.05206         0.34150E+01    0.34150E+01    0
   13   19        15   17       -0.12972          471.79416      468.63564         0.17645E+01    0.17645E+01    0
   13   22        16   19        0.27403          238.89740      246.02811         0.25479E+01    0.25479E+01    0
   13   25        17   21       -0.56209          211.30209      206.98997         0.11137E+02    0.11137E+02    0
   13   30        20   27        0.97036          182.34985      185.25958         0.30231E+02    0.22428E+02    1
   13   39        23   29       -1.39052           43.05499       35.95330         0.64332E+02    0.54294E+02    1
   13   42        24   31       -1.49878           40.60290       36.24133         0.18361E+03    0.10197E+03    1
   13   45        25   33       -2.15450           37.67195       29.61362         0.28453E+03    0.83405E+02    1
   14   17        15   16        0.36858          537.25043      541.55625         0.27703E+01    0.18245E+01    1
   14   23        17   20       -0.11585          216.51293      215.61447         0.83768E+01    0.83768E+01    0
   14   31        21   28       -1.40157          143.80107      137.43130         0.14884E+02    0.14884E+02    0
   14   40        24   30       -1.47557           47.35355       37.37713         0.56121E+02    0.41423E+02    1
   14   43        25   32        1.59570           13.99830       19.97721         0.94716E+02    0.79430E+02    1
   14   46        26   34       -0.99921           37.79304       30.47080         0.43000E+02    0.43000E+02    0
   14   52        28   38        2.16569          -34.96320        6.07406         0.69757E+02    0.18359E+02    1
   15   18        16   17       -0.05114         1128.46055     1127.05975         0.80667E+00    0.80667E+00    0
   15   21        17   19       -0.04359          299.37408      298.66975         0.27130E+01    0.27130E+01    0
   15   24        18   21        1.03789          169.92899      190.08106         0.33843E+01    0.33460E+01    1
   15   27        19   23        0.03089           71.16663       71.56168         0.66042E+01    0.66042E+01    0
   15   29        21   27       -1.28682          270.95738      260.54027         0.57913E+01    0.55970E+01    1
   15   38        24   29       -0.67053           51.58416       33.53723         0.97627E+01    0.97627E+01    0
   15   41        25   31        0.00829            8.90478        9.16884         0.87436E+01    0.87436E+01    0
   15   50        28   37        0.57165          -12.44425        7.75583         0.93583E+01    0.93583E+01    0
   16   19        17   18        0.20986          821.95368      824.32418         0.18588E+01    0.18588E+01    0
   16   25        19   22       -0.32075          172.62950      171.19281         0.14022E+02    0.14022E+02    0
   16   28        20   24        1.38546           62.86307       68.56551         0.25142E+02    0.20481E+02    1
   16   30        22   28        0.09567          173.57726      173.96280         0.11098E+02    0.11098E+02    0
   16   39        25   30       -1.27680           14.09931        9.08902         0.76572E+02    0.67231E+02    1
   16   45        27   34        2.03335          -14.96873        5.48355         0.61906E+02    0.29568E+02    1
   16   48        28   36       -0.01134            1.66997        1.62381         0.82998E+02    0.76901E+02    1
   17   20        18   19       -0.43915         1156.04216     1146.85313         0.10747E+01    0.10747E+01    0
   17   23        19   21        0.79794          437.30518      448.73000         0.30006E+01    0.30006E+01    0
   17   26        20   23        2.39463          218.75905      292.99796         0.67231E+01    0.20777E+01    1
   17   37        25   29        0.07776           11.63662       13.76525         0.90907E+01    0.90907E+01    0
   18   21        19   20       -0.05339         1091.56439     1090.72384         0.18453E+01    0.13447E+01    1
   18   24        20   22       -0.36924          644.51097      642.11348         0.68049E+01    0.65827E+01    1
   19   22        20   21        0.25627          927.67855      931.76044         0.20313E+01    0.14221E+01    1
   19   25        21   23       -0.18554          460.17554      458.83038         0.59376E+01    0.59376E+01    0
   19   28        22   25       -1.18534          149.87528      147.37792         0.47898E+02    0.31031E+02    1
   19   42        28   33       -0.82067           17.52381       17.04879         0.10000E+04    0.45980E+03    1
   20   23        21   22       -0.26614          860.98153      858.07750         0.19355E+01    0.19355E+01    0
   20   26        22   24       -0.27157          487.08197      485.43478         0.71810E+01    0.71810E+01    0
   20   37        27   30        1.40019          -14.51912       -5.80602         0.39717E+02    0.39334E+02    1
   20   40        28   32       -0.82384           19.53483       19.06202         0.56107E+03    0.43908E+03    1
   21   24        22   23       -0.35614         1426.30320     1420.29902         0.15818E+01    0.13333E+01    1
   21   27        23   25       -0.43010          391.81083      389.67564         0.87417E+01    0.87417E+01    0
   21   38        28   31       -0.29028            7.33144        7.17191         0.44086E+03    0.44086E+03    0
   22   25        23   24        0.00035          668.85283      668.85613         0.22719E+01    0.21689E+01    1
   22   28        24   26        0.25772          424.18254      425.39381         0.89360E+01    0.89360E+01    0
   22   36        28   30        0.49111            5.56749        9.51741         0.31023E+02    0.31023E+02    0
   22   51        29   40       -1.35267           20.38424       14.07796         0.54352E+02    0.33369E+02    1
   23   26        24   25       -0.00287         1712.26511     1712.20813         0.15697E+01    0.11249E+01    1
   23   34        28   29       -0.73625           71.24828       69.69705         0.17578E+03    0.14539E+03    1
   23   49        29   39        0.16693           29.65920       30.86287         0.18640E+02    0.18640E+02    0
   23   52        30   41       -0.92881           41.50469       39.17113         0.75190E+02    0.61242E+02    1
   24   27        25   26       -0.13193          564.49052      563.37359         0.23981E+01    0.23981E+01    0
   24   47        29   38        1.83246           25.35662       36.63224         0.41268E+02    0.18279E+02    1
   24   50        30   40       -1.20044           30.13195       28.05593         0.14072E+03    0.76528E+02    1
   25   28        26   27       -0.50534         1345.24814     1338.49128         0.22344E+01    0.16044E+01    1
   25   45        29   37       -0.15992           56.71942       56.37197         0.41919E+02    0.41919E+02    0
   25   48        30   39       -0.00110           52.19455       52.18836         0.19662E+02    0.19662E+02    0
   25   51        31   41       -0.05041           48.53835       48.38136         0.42443E+02    0.42443E+02    0
   26   43        29   36       -1.31142           70.72424       66.49436         0.26484E+02    0.21176E+02    1
   26   46        30   38       -0.15985           52.58537       52.26980         0.44987E+02    0.44987E+02    0
   26   49        31   40        1.38913           23.10628       26.69324         0.42752E+02    0.42752E+02    0
   27   44        30   37        1.20510          166.54588      169.98236         0.25521E+02    0.23500E+02    1
   27   47        31   39        1.37339          106.41205      117.69699         0.11944E+02    0.10784E+02    1
   28   39        29   34        0.49996          198.52045      200.85581         0.47801E+01    0.47801E+01    0
   28   42        30   36        1.36298          165.80944      172.44503         0.13415E+02    0.91547E+01    1
   28   45        31   38        0.37342          134.34860      135.44632         0.22773E+02    0.22773E+02    0
   28   48        32   40       -1.63176           61.17734       54.76673         0.42473E+02    0.22327E+02    1
   28   51        33   42        0.15168           39.06692       39.67918         0.26879E+02    0.26879E+02    0
   29   32        30   31       -0.50496          360.19535      356.31282         0.28237E+01    0.25445E+01    1
   29   35        31   33        0.02044          403.37820      403.49222         0.71700E+01    0.71700E+01    0
   29   41        33   37        1.18996           67.74811       73.31122         0.17519E+02    0.17519E+02    0
   29   44        34   39       -0.90213           25.20006       19.05733         0.14525E+02    0.14525E+02    0
   29   50        36   43       -1.05160           62.46963       58.92179         0.41225E+02    0.40430E+02    1
   30   33        31   32       -0.14953          606.29676      605.21854         0.29027E+01    0.29027E+01    0
   30   36        32   34       -0.10793          297.75799      297.13321         0.70436E+01    0.70436E+01    0
   30   39        33   36       -1.76442          113.43221      104.38188         0.23452E+02    0.12040E+02    1
   30   42        34   38        0.56030           18.70611       20.01408         0.37715E+02    0.34751E+02    1
   30   48        36   42       -1.41154           46.01397       41.86075         0.10155E+03    0.39750E+02    1
   30   51        37   44       -1.64138           38.68667       29.29040         0.30611E+02    0.23970E+02    1
   31   34        32   33       -0.25769          407.48774      405.68199         0.27712E+01    0.27712E+01    0
   31   37        33   35       -0.52842          290.43623      285.63821         0.44758E+01    0.44758E+01    0
   31   40        34   37        0.52120           76.88290       78.67886         0.17488E+02    0.17488E+02    0
   31   43        35   39        0.62308           -9.90372       -5.75868         0.11983E+02    0.11983E+02    0
   31   46        36   41       -1.29609           36.89727       30.68907         0.22611E+02    0.20349E+02    1
   31   49        37   43        0.17918           39.21160       40.44084         0.16974E+02    0.16974E+02    0
   31   52        38   45       -1.76901           45.16547       27.23379         0.18839E+02    0.13566E+02    1
   32   35        33   34        0.94016          621.32847      630.41341         0.25140E+01    0.21290E+01    1
   32   38        34   36       -0.21241          264.23771      263.40372         0.10166E+02    0.10166E+02    0
   32   41        35   38        0.11879          111.20307      111.71892         0.13859E+02    0.13859E+02    0
   32   44        36   40       -1.55144           61.59272       50.91423         0.30279E+02    0.11469E+02    1
   32   47        37   42        0.86868           68.10610       72.57141         0.18871E+02    0.18871E+02    0
   32   50        38   44       -0.82268           50.25055       48.21997         0.47684E+02    0.47684E+02    0
   33   39        35   37       -0.24817          254.21266      253.10933         0.90638E+01    0.90638E+01    0
   33   42        36   39       -1.18839          193.20593      184.79805         0.97602E+01    0.84599E+01    1
   33   45        37   41       -0.04320           95.03598       94.78625         0.13458E+02    0.13458E+02    0
   33   48        38   43        0.75399           87.98050       91.07851         0.23612E+02    0.23612E+02    0
   33   51        39   45        0.07893           39.51556       40.13021         0.15229E+02    0.15229E+02    0
   34   37        35   36       -1.49452          619.81860      599.53329         0.27071E+01    0.14653E+01    1
   34   40        36   38       -0.33411          281.89631      280.57036         0.10185E+02    0.10185E+02    0
   34   43        37   40        0.29464           66.24588       67.28495         0.17145E+02    0.17145E+02    0
   34   46        38   42       -1.74610           97.85035       86.96333         0.43379E+02    0.12507E+02    1
   34   49        39   44        0.21147           41.73109       42.29560         0.37227E+02    0.37227E+02    0
   34   52        40   46        0.13969           38.08530       38.56444         0.34757E+02    0.34757E+02    0
   35   38        36   37        0.22973          628.24386      630.10160         0.25282E+01    0.25282E+01    0
   35   47        39   43       -1.48461          124.95057      112.22552         0.12617E+02    0.91914E+01    1
   36   39        37   38        0.28409          382.60114      384.02667         0.47924E+01    0.40645E+01    1
   36   42        38   40        0.95629          156.08955      159.34068         0.16650E+02    0.11994E+02    1
   36   45        39   42       -1.68128          145.38865      129.57817         0.23818E+02    0.62783E+01    1
   36   48        40   44       -0.41802          111.96967      110.98285         0.33602E+02    0.33602E+02    0
   36   51        41   46       -0.82439           50.97129       48.06366         0.28331E+02    0.28331E+02    0
   37   40        38   39       -0.28333          389.01420      387.60978         0.39957E+01    0.39957E+01    0
   37   43        39   41        0.06492          175.62823      175.81055         0.14690E+02    0.14690E+02    0
   37   46        40   43       -0.73271          167.70273      165.53037         0.19879E+02    0.19879E+02    0
   37   49        41   45       -1.45101           77.66494       69.89881         0.17312E+02    0.15056E+02    1
   37   52        42   47        0.36308           40.69976       41.59836         0.40721E+02    0.40721E+02    0
   38   41        39   40       -0.33814          138.23891      137.11923         0.82248E+01    0.63212E+01    1
   38   44        40   42       -0.80117          271.28925      269.12103         0.18206E+02    0.14444E+02    1
   38   47        41   44        0.54474          108.30408      110.06317         0.21822E+02    0.18542E+02    1
   38   50        42   46       -0.45176           56.50486       54.95941         0.23698E+02    0.23698E+02    0
   39   42        40   41        2.56377          325.37123      369.75077         0.89968E+01    0.11727E+01    1
   39   45        41   43        0.70019          201.72269      204.19388         0.14168E+02    0.11061E+02    1
   39   48        42   45       -0.45015          101.05289       99.08590         0.13894E+02    0.13894E+02    0
   39   51        43   47       -1.61823           50.84167       35.75987         0.28059E+02    0.86170E+01    1
   40   43        41   42       -0.00175          242.15492      242.15005         0.10626E+02    0.71528E+01    1
   40   46        42   44        0.17525           89.33421       89.82436         0.19898E+02    0.14519E+02    1
   40   49        43   46       -0.81020           -3.37743       -6.05015         0.19968E+02    0.18618E+02    1
   40   52        44   48       -0.88977           74.32608       70.53360         0.25519E+02    0.18462E+02    1
   41   44        42   43       -1.45869          573.87118      567.91848         0.75094E+01    0.49328E+01    1
   41   47        43   45       -0.19505          126.87455      126.11893         0.10513E+02    0.10513E+02    0
   41   50        44   47        0.45915          125.03578      126.19904         0.23228E+02    0.23228E+02    0
   42   45        43   44       -0.65345          200.55817      198.53719         0.10640E+02    0.64689E+01    1
   42   48        44   46        1.22755          197.59683      203.94740         0.12538E+02    0.75531E+01    1
   42   51        45   48       -1.33239          165.65181      157.13925         0.14829E+02    0.90753E+01    1
   43   46        44   45        1.63675          264.09683      283.04398         0.64488E+01    0.16697E+01    1
   43   49        45   47        0.49137          149.72470      151.79053         0.13751E+02    0.92872E+01    1
   43   52        46   49        0.69318          141.59209      143.41619         0.22003E+02    0.22003E+02    0
   44   47        45   46        0.33541          133.56827      134.86037         0.71851E+01    0.50524E+01    1
   44   50        46   48        0.50304          138.74613      140.26440         0.14091E+02    0.12797E+02    1
   45   48        46   47        0.01424          197.94824      197.97973         0.88130E+01    0.88130E+01    0
   45   51        47   49       -0.38677          157.06793      156.07731         0.15251E+02    0.15251E+02    0
   46   49        47   48       -0.40365          199.77672      198.68351         0.72485E+01    0.72485E+01    0
   46   52        48   50       -0.35568          110.40680      109.44012         0.14331E+02    0.14331E+02    0
   47   50        48   49        0.02903          265.54875      265.64197         0.76487E+01    0.61049E+01    1
   48   51        49   50        0.00414          218.74859      218.76167         0.62630E+01    0.62630E+01    0
   49   52        50   51       -0.04396          358.62331      358.42637         0.43244E+01    0.43244E+01    0
    6    4         8    2       -0.07876          968.05447      966.81309         0.31773E+01    0.31773E+01    0
   14    8        20    2        1.78282          237.46778      263.72019         0.15116E+02    0.93355E+01    1
   16    9        23    2       -0.83487          206.76911      199.80680         0.19011E+02    0.19011E+02    0
   18   10        26    2       -0.42774          222.63923      218.92190         0.20628E+02    0.20628E+02    0
   24   13        31    2       -1.38692           72.27492       68.13970         0.58805E+02    0.53083E+02    1
   26   14        34    2        0.29855           27.79757       30.14452         0.22435E+02    0.22435E+02    0
   28   15        37    2        1.01175           30.64352       40.09024         0.21101E+02    0.21101E+02    0
    5    4         6    3       -0.00052          800.97143      800.96386         0.14655E+01    0.14655E+01    0
    7    5         9    3        0.01433          750.72907      750.89206         0.37334E+01    0.37334E+01    0
    9    6        12    3        0.13906          495.60537      496.83237         0.70713E+01    0.70713E+01    0
   11    7        15    3       -1.60280          287.48335      259.96227         0.74851E+01    0.51123E+01    1
   13    8        18    3        1.22209          191.24499      217.25125         0.55072E+01    0.51975E+01    1
   15    9        21    3       -0.04030          126.98670      126.18759         0.66798E+01    0.66798E+01    0
   17   10        24    3        0.75814          135.74496      150.09282         0.81465E+01    0.81465E+01    0
   19   11        27    3       -0.30897          111.82111      109.59401         0.24072E+02    0.24072E+02    0
   23   13        29    3        0.30275           52.76157       53.69042         0.44476E+02    0.44476E+02    0
   25   14        32    3        0.12849           42.67895       43.15506         0.41980E+02    0.41980E+02    0
    6    5         7    4       -0.03155         1249.15431     1248.66991         0.15371E+01    0.15371E+01    0
    8    6        10    4       -0.49660          647.75745      642.46572         0.39063E+01    0.39063E+01    0
   10    7        13    4        0.94477          231.21573      240.07741         0.69486E+01    0.69486E+01    0
   12    8        16    4       -0.00031          280.50814      280.50136         0.40694E+01    0.40694E+01    0
   14    9        19    4       -0.25269          158.93042      156.80210         0.13087E+02    0.13087E+02    0
   16   10        22    4       -0.18131          124.53747      123.82218         0.33522E+02    0.33522E+02    0
   20   12        28    4       -0.60352           56.70284       55.35572         0.76438E+02    0.76438E+02    0
   24   14        30    4       -2.19743           46.89701       38.68974         0.12013E+03    0.35994E+02    1
   26   15        33    4        1.35861            8.89585       17.00519         0.27308E+02    0.25851E+02    1
   28   16        36    4        1.80010            5.79311       10.27836         0.16570E+03    0.69897E+02    1
   30   19        45    4       -1.59367           31.30040       19.97412         0.70406E+02    0.51010E+02    1
    7    6         8    5        0.10559         1156.66945     1158.28601         0.18741E+01    0.13389E+01    1
   11    8        14    5       -2.01908          315.10691      276.72320         0.10648E+02    0.34724E+01    1
   13    9        17    5       -0.35337          281.59375      279.16042         0.18388E+02    0.12799E+02    1
   15   10        20    5        0.11445          138.25125      139.80540         0.80999E+01    0.80999E+01    0
   17   11        23    5       -1.95394          146.45015       91.83135         0.88703E+01    0.46891E+01    1
   19   12        26    5       -0.09467           57.86669       57.78882         0.18371E+03    0.18371E+03    0
   25   15        31    5        0.28763           51.46442       51.73178         0.14486E+03    0.14486E+03    0
   27   16        34    5       -2.93905           21.56357        9.75018         0.13451E+03    0.38088E+02    1
   29   19        43    5       -0.28329           16.82203       15.84034         0.99477E+02    0.99477E+02    0
   31   20        46    5        0.38789            1.18987       12.32074         0.12642E+02    0.12642E+02    0
    8    7         9    6       -0.08239          924.60568      923.54580         0.17765E+01    0.17765E+01    0
   12    9        15    6        1.42355          373.82954      397.51506         0.72496E+01    0.40416E+01    1
   14   10        18    6        0.67806          226.17044      235.96784         0.61302E+01    0.61302E+01    0
   18   12        24    6       -0.63514          106.79055      105.72105         0.97620E+02    0.77118E+02    1
   20   13        27    6       -0.32244           29.11272       28.61211         0.96695E+02    0.96695E+02    0
   24   15        29    6       -1.97807           50.18542       47.28219         0.15303E+03    0.77306E+02    1
   26   16        32    6       -0.74648           21.98352       21.73313         0.10000E+04    0.39643E+03    1
   30   20        44    6        0.04310           14.04205       15.05985         0.14653E+02    0.14653E+02    0
   32   21        47    6       -0.15571            8.02310        7.09135         0.60936E+02    0.60936E+02    0
   13   10        16    7       -0.33871          486.63311      481.20870         0.40682E+01    0.40682E+01    0
   17   12        22    7       -1.77516          128.71868      103.07455         0.99068E+01    0.74312E+01    1
   19   13        25    7        0.39724           59.22803       59.87024         0.14075E+03    0.79476E+02    1
   21   14        28    7       -0.12926           60.26678       60.19936         0.28258E+03    0.28258E+03    0
   25   16        30    7       -2.14512           76.90393       69.75733         0.12893E+03    0.33720E+02    1
   27   17        33    7       -2.72724           62.55845       48.45253         0.70700E+02    0.25536E+02    1
   29   20        42    7       -0.03040           30.29963       29.59037         0.13974E+02    0.13974E+02    0
   31   21        45    7        2.16086            7.32417        9.47317         0.63064E+03    0.34568E+03    1
   33   22        48    7       -1.84337           31.96319       29.14955         0.42796E+03    0.23891E+03    1
   12   10        14    8        0.54521          548.51870      554.55818         0.45785E+01    0.39278E+01    1
   16   12        20    8        0.09899          126.13550      126.53536         0.20935E+02    0.20935E+02    0
   20   14        26    8       -0.10615           45.27587       44.96335         0.43261E+02    0.43261E+02    0
   26   17        31    8        0.09366           50.09189       50.27313         0.57482E+02    0.57482E+02    0
   30   21        43    8       -2.04635           12.54681        0.00474         0.11170E+03    0.53525E+02    1
   15   12        18    9        0.53541          205.53025      213.72911         0.41309E+01    0.41309E+01    0
   17   13        21    9       -1.11429          129.88750      120.14430         0.97923E+01    0.97923E+01    0
   19   14        24    9       -0.69523           72.43499       72.14282         0.67168E+03    0.25547E+03    1
   21   15        27    9       -1.24661           93.44125       92.44213         0.10000E+04    0.15822E+03    1
   25   17        29    9       -0.01831           76.45693       76.44456         0.13476E+03    0.13476E+03    0
   27   18        32    9       -2.12139          112.73082       51.39350         0.70446E+01    0.38263E+01    1
   29   21        41    9        0.29136            3.05892        6.18071         0.28745E+02    0.28745E+02    0
   31   22        44    9        0.42285           16.59695       17.66084         0.13040E+03    0.13040E+03    0
   33   23        47    9        1.55416           16.13811       30.59895         0.46259E+02    0.37191E+02    1
   14   12        16   10       -0.27211          368.26616      365.01574         0.35284E+01    0.35284E+01    0
   16   13        19   10       -0.13697          179.30015      178.59619         0.12302E+02    0.12302E+02    0
   20   15        25   10        2.31947           72.30734       88.41668         0.38018E+02    0.15294E+02    1
   22   16        28   10       -2.11514           64.51863       49.71361         0.35839E+02    0.17958E+02    1
   26   18        30   10       -1.97615           88.17821       38.85250         0.57074E+01    0.35763E+01    1
   28   19        33   10        0.96668           34.48425       38.65478         0.26950E+02    0.25613E+02    1
   30   22        42   10       -2.24667           25.90384       14.71180         0.17267E+03    0.62695E+02    1
   34   24        48   10       -1.59301           33.77463       20.15217         0.43838E+02    0.40805E+02    1
   13   12        14   11        0.19876          715.20406      716.85137         0.24801E+01    0.24801E+01    0
   15   13        17   11        0.09969          393.86863      394.98664         0.38002E+01    0.38002E+01    0
   17   14        20   11       -1.56059          244.03810      200.47436         0.44245E+01    0.23051E+01    1
   19   15        23   11       -2.12461          215.70394      151.28472         0.86823E+01    0.28597E+01    1
   21   16        26   11        1.59042          122.34301      138.48246         0.11464E+02    0.10546E+02    1
   27   19        31   11        1.35917          115.40889      127.26057         0.11772E+02    0.10262E+02    1
   29   22        40   11        0.45757           17.67130       25.88912         0.16320E+02    0.16320E+02    0
   31   23        43   11        0.01748           18.70305       19.24656         0.10057E+02    0.10057E+02    0
   33   24        46   11       -0.13627           36.68113       34.87869         0.24920E+02    0.24920E+02    0
   14   13        15   12       -0.79285         2006.41270     1985.38701         0.19441E+01    0.83007E+00    1
   16   14        18   12       -0.36256          372.29184      368.44769         0.40395E+01    0.40395E+01    0
   20   16        24   12       -0.41399          207.23704      206.14802         0.36194E+02    0.33063E+02    1
   22   17        27   12       -0.11857          128.87087      128.61493         0.51619E+02    0.49000E+02    1
   26   19        29   12        0.19197           83.06368       83.55494         0.26531E+02    0.26531E+02    0
   28   20        32   12        0.55541           77.06241       81.63022         0.10854E+02    0.10854E+02    0
   30   23        41   12       -0.12591           29.34383       28.64886         0.53599E+02    0.53599E+02    0
   32   24        44   12       -0.04970           38.54334       38.07006         0.32979E+02    0.32979E+02    0
   34   25        47   12        0.98422           14.20358       19.87702         0.57507E+02    0.57507E+02    0
   36   26        50   12       -0.25481           27.69164       25.58260         0.42339E+02    0.42339E+02    0
   15   14        16   13       -0.09391          547.16151      546.05206         0.18155E+01    0.18155E+01    0
   17   15        19   13       -0.26864          471.79416      468.63564         0.36544E+01    0.36544E+01    0
   19   16        22   13        1.36701          238.89740      246.02811         0.13516E+02    0.12710E+02    1
   21   17        25   13       -0.98717          211.30209      206.98997         0.29700E+02    0.19559E+02    1
   27   20        30   13        0.34601          182.34985      185.25958         0.79973E+01    0.79973E+01    0
   29   23        39   13       -0.63002           43.05499       35.95330         0.24600E+02    0.24600E+02    0
   31   24        42   13       -1.26196           40.60290       36.24133         0.93173E+02    0.85860E+02    1
   33   25        45   13       -1.47736           37.67195       29.61362         0.63423E+02    0.57191E+02    1
   16   15        17   14        0.38190          537.25043      541.55625         0.29741E+01    0.18904E+01    1
   20   17        23   14       -0.29758          216.51293      215.61447         0.21518E+02    0.21518E+02    0
   28   21        31   14       -2.38294          143.80107      137.43130         0.62787E+02    0.25306E+02    1
   30   24        40   14       -0.87381           47.35355       37.37713         0.24530E+02    0.24530E+02    0
   32   25        43   14        1.19248           13.99830       19.97721         0.59358E+02    0.59358E+02    0
   34   26        46   14       -0.79563           37.79304       30.47080         0.34239E+02    0.34239E+02    0
   38   28        52   14        2.01572          -34.96320        6.07406         0.39288E+02    0.17087E+02    1
   17   16        18   15       -0.09709         1128.46055     1127.05975         0.15316E+01    0.15316E+01    0
   19   17        21   15       -0.13673          299.37408      298.66975         0.85097E+01    0.85097E+01    0
   21   18        24   15        1.13397          169.92899      190.08106         0.50887E+01    0.36558E+01    1
   23   19        27   15        0.17277           71.16663       71.56168         0.36937E+02    0.36937E+02    0
   27   21        29   15       -1.75196          270.95738      260.54027         0.14210E+02    0.76202E+01    1
   29   24        38   15       -1.61490           51.58416       33.53723         0.33083E+02    0.23512E+02    1
   31   25        41   15        0.35055            8.90478        9.16884         0.36986E+03    0.36986E+03    0
   37   28        50   15        1.85311          -12.44425        7.75583         0.48766E+02    0.30337E+02    1
   18   17        19   16        0.27908          821.95368      824.32418         0.25869E+01    0.24720E+01    1
   22   19        25   16       -0.54696          172.62950      171.19281         0.23911E+02    0.23911E+02    0
   24   20        28   16        0.70860           62.86307       68.56551         0.10475E+02    0.10475E+02    0
   28   22        30   16        0.13530          173.57726      173.96280         0.15694E+02    0.15694E+02    0
   30   25        39   16       -0.80192           14.09931        9.08902         0.42226E+02    0.42226E+02    0
   34   27        45   16        2.13370          -14.96873        5.48355         0.75061E+02    0.31027E+02    1
   36   28        48   16       -0.00463            1.66997        1.62381         0.31399E+02    0.31399E+02    0
   19   18        20   17       -0.39907         1156.04216     1146.85313         0.97657E+00    0.97657E+00    0
   21   19        23   17        0.51331          437.30518      448.73000         0.19303E+01    0.19303E+01    0
   23   20        26   17        1.76907          218.75905      292.99796         0.19173E+01    0.15349E+01    1
   29   25        37   17        0.02230           11.63662       13.76525         0.26073E+01    0.26073E+01    0
   20   19        21   18       -0.04840         1091.56439     1090.72384         0.15165E+01    0.12190E+01    1
   22   20        24   18       -0.14298          644.51097      642.11348         0.25491E+01    0.25491E+01    0
   21   20        22   19        0.22081          927.67855      931.76044         0.15080E+01    0.12253E+01    1
   23   21        25   19       -0.10209          460.17554      458.83038         0.32673E+01    0.32673E+01    0
   25   22        28   19       -0.17799          149.87528      147.37792         0.46597E+01    0.46597E+01    0
   33   28        42   19       -0.01195           17.52381       17.04879         0.66976E+01    0.66976E+01    0
   22   21        23   20       -0.27262          860.98153      858.07750         0.19826E+01    0.19826E+01    0
   24   22        26   20       -0.23338          487.08197      485.43478         0.61713E+01    0.61713E+01    0
   30   27        37   20        1.58847          -14.51912       -5.80602         0.51117E+02    0.44623E+02    1
   32   28        40   20       -0.85350           19.53483       19.06202         0.64632E+03    0.45489E+03    1
   23   22        24   21       -0.33815         1426.30320     1420.29902         0.14260E+01    0.12659E+01    1
   25   23        27   21       -0.22832          391.81083      389.67564         0.46406E+01    0.46406E+01    0
   31   28        38   21       -0.01413            7.33144        7.17191         0.21463E+02    0.21463E+02    0
   24   23        25   22        0.00034          668.85283      668.85613         0.22595E+01    0.21630E+01    1
   26   24        28   22        0.22549          424.18254      425.39381         0.78184E+01    0.78184E+01    0
   30   28        36   22        0.62020            5.56749        9.51741         0.39178E+02    0.39178E+02    0
   40   29        51   22       -1.42606           20.38424       14.07796         0.82943E+02    0.35180E+02    1
   25   24        26   23       -0.00282         1712.26511     1712.20813         0.15085E+01    0.11027E+01    1
   29   28        34   23       -1.07853           71.24828       69.69705         0.80947E+03    0.21298E+03    1
   39   29        49   23        0.38447           29.65920       30.86287         0.42931E+02    0.42931E+02    0
   41   30        52   23       -0.92892           41.50469       39.17113         0.75226E+02    0.61249E+02    1
   26   25        27   24       -0.11951          564.49052      563.37359         0.21724E+01    0.21724E+01    0
   38   29        47   24        1.62657           25.35662       36.63224         0.25620E+02    0.16225E+02    1
   40   30        50   24       -0.59856           30.13195       28.05593         0.38158E+02    0.38158E+02    0
   27   26        28   25       -0.50403         1345.24814     1338.49128         0.22228E+01    0.16003E+01    1
   37   29        45   25       -0.20895           56.71942       56.37197         0.54771E+02    0.54771E+02    0
   39   30        48   25       -0.01870           52.19455       52.18836         0.33571E+03    0.33571E+03    0
   41   31        51   25       -0.86413           48.53835       48.38136         0.10000E+04    0.72753E+03    1
   36   29        43   26       -1.38133           70.72424       66.49436         0.40126E+02    0.22305E+02    1
   38   30        46   26       -0.73017           52.58537       52.26980         0.20549E+03    0.20549E+03    0
   40   31        49   26        2.34070           23.10628       26.69324         0.17096E+03    0.72037E+02    1
   37   30        44   27        1.33248          166.54588      169.98236         0.38253E+02    0.25984E+02    1
   39   31        47   27        1.84219          106.41205      117.69699         0.47109E+02    0.14465E+02    1
   34   29        39   28        0.45443          198.52045      200.85581         0.43448E+01    0.43448E+01    0
   36   30        42   28        1.31626          165.80944      172.44503         0.11169E+02    0.88409E+01    1
   38   31        45   28        0.24250          134.34860      135.44632         0.14789E+02    0.14789E+02    0
   40   32        48   28       -1.60952           61.17734       54.76673         0.38058E+02    0.22023E+02    1
   42   33        51   28        0.17283           39.06692       39.67918         0.30626E+02    0.30626E+02    0
   31   30        32   29       -0.48665          360.19535      356.31282         0.26226E+01    0.24522E+01    1
   33   31        35   29        0.01715          403.37820      403.49222         0.60178E+01    0.60178E+01    0
   37   33        41   29        1.46509           67.74811       73.31122         0.32404E+02    0.21570E+02    1
   39   34        44   29       -1.40267           25.20006       19.05733         0.37270E+02    0.22585E+02    1
   43   36        50   29       -0.82302           62.46963       58.92179         0.31642E+02    0.31642E+02    0
   32   31        33   30       -0.13186          606.29676      605.21854         0.25597E+01    0.25597E+01    0
   34   32        36   30       -0.10550          297.75799      297.13321         0.68848E+01    0.68848E+01    0
   36   33        39   30       -1.65620          113.43221      104.38188         0.16930E+02    0.11302E+02    1
   38   34        42   30        0.40084           18.70611       20.01408         0.24861E+02    0.24861E+02    0
   42   36        48   30       -0.78407           46.01397       41.86075         0.22080E+02    0.22080E+02    0
   44   37        51   30       -1.32784           38.68667       29.29040         0.20034E+02    0.19391E+02    1
   33   32        34   31       -0.24849          407.48774      405.68199         0.26723E+01    0.26723E+01    0
   35   33        37   31       -0.84082          290.43623      285.63821         0.71218E+01    0.71218E+01    0
   37   34        40   31        0.78987           76.88290       78.67886         0.26503E+02    0.26503E+02    0
   39   35        43   31        1.25894           -9.90372       -5.75868         0.25407E+02    0.24213E+02    1
   41   36        46   31       -1.40062           36.89727       30.68907         0.36738E+02    0.21990E+02    1
   43   37        49   31        0.36656           39.21160       40.44084         0.34725E+02    0.34725E+02    0
   45   38        52   31       -2.24392           45.16547       27.23379         0.65632E+02    0.17208E+02    1
   34   33        35   32        0.97371          621.32847      630.41341         0.26966E+01    0.22050E+01    1
   36   34        38   32       -0.24991          264.23771      263.40372         0.11961E+02    0.11961E+02    0
   38   35        41   32        0.14262          111.20307      111.71892         0.16639E+02    0.16639E+02    0
   40   36        44   32       -1.50331           61.59272       50.91423         0.23532E+02    0.11113E+02    1
   42   37        47   32        1.16863           68.10610       72.57141         0.25387E+02    0.25387E+02    0
   44   38        50   32       -0.78345           50.25055       48.21997         0.45410E+02    0.45410E+02    0
   37   35        39   33       -0.24403          254.21266      253.10933         0.89127E+01    0.89127E+01    0
   39   36        42   33       -1.33799          193.20593      184.79805         0.16286E+02    0.95249E+01    1
   41   37        45   33       -0.06997           95.03598       94.78625         0.21798E+02    0.21798E+02    0
   43   38        48   33        1.55595           87.98050       91.07851         0.59761E+02    0.48727E+02    1
   45   39        51   33        0.78572           39.51556       40.13021         0.15160E+03    0.15160E+03    0
   36   35        37   34       -1.47982          619.81860      599.53329         0.26021E+01    0.14509E+01    1
   38   36        40   34       -0.27114          281.89631      280.57036         0.82657E+01    0.82657E+01    0
   40   37        43   34        0.29537           66.24588       67.28495         0.17188E+02    0.17188E+02    0
   42   38        46   34       -1.68115           97.85035       86.96333         0.32032E+02    0.12042E+02    1
   44   39        49   34        0.29361           41.73109       42.29560         0.51687E+02    0.51687E+02    0
   46   40        52   34        0.21765           38.08530       38.56444         0.54154E+02    0.54154E+02    0
   37   36        38   35        0.19562          628.24386      630.10160         0.21529E+01    0.21529E+01    0
   43   39        47   35       -1.37414          124.95057      112.22552         0.96456E+01    0.85075E+01    1
   38   37        39   36        0.27832          382.60114      384.02667         0.45998E+01    0.39820E+01    1
   40   38        42   36        0.94814          156.08955      159.34068         0.16090E+02    0.11892E+02    1
   42   39        45   36       -1.69270          145.38865      129.57817         0.25143E+02    0.63209E+01    1
   44   40        48   36       -0.49582          111.96967      110.98285         0.39856E+02    0.39856E+02    0
   46   41        51   36       -0.74180           50.97129       48.06366         0.25493E+02    0.25493E+02    0
   39   38        40   37       -0.32176          389.01420      387.60978         0.46099E+01    0.45376E+01    1
   41   39        43   37        0.09831          175.62823      175.81055         0.22247E+02    0.22247E+02    0
   43   40        46   37       -0.96885          167.70273      165.53037         0.31638E+02    0.26285E+02    1
   45   41        49   37       -1.59730           77.66494       69.89881         0.23506E+02    0.16574E+02    1
   47   42        52   37        0.38246           40.69976       41.59836         0.42893E+02    0.42893E+02    0
   40   39        41   38       -0.40072          138.23891      137.11923         0.11551E+02    0.74910E+01    1
   42   40        44   38       -0.81447          271.28925      269.12103         0.18815E+02    0.14683E+02    1
   44   41        47   38        0.51322          108.30408      110.06317         0.19370E+02    0.17469E+02    1
   46   42        50   38       -0.69379           56.50486       54.95941         0.46962E+02    0.36395E+02    1
   41   40        42   39        2.50226          325.37123      369.75077         0.74083E+01    0.11445E+01    1
   43   41        45   39        0.51324          201.72269      204.19388         0.81079E+01    0.81079E+01    0
   45   42        48   39       -0.42645          101.05289       99.08590         0.13163E+02    0.13163E+02    0
   47   43        51   39       -1.48762           50.84167       35.75987         0.14312E+02    0.79215E+01    1
   42   41        43   40       -0.00154          242.15492      242.15005         0.82088E+01    0.62869E+01    1
   44   42        46   40        0.17788           89.33421       89.82436         0.20501E+02    0.14737E+02    1
   46   43        49   40       -0.89562           -3.37743       -6.05015         0.29817E+02    0.20581E+02    1
   48   44        52   40       -0.91932           74.32608       70.53360         0.29082E+02    0.19075E+02    1
   43   42        44   41       -1.45598          573.87118      567.91848         0.74536E+01    0.49236E+01    1
   45   43        47   41       -0.29797          126.87455      126.11893         0.16060E+02    0.16060E+02    0
   47   44        50   41        0.38421          125.03578      126.19904         0.19437E+02    0.19437E+02    0
   44   43        45   42       -0.65315          200.55817      198.53719         0.10620E+02    0.64660E+01    1
   46   44        48   42        1.27479          197.59683      203.94740         0.16961E+02    0.78438E+01    1
   48   45        51   42       -1.39254          165.65181      157.13925         0.21112E+02    0.94850E+01    1
   45   44        46   43        1.67199          264.09683      283.04398         0.76469E+01    0.17057E+01    1
   47   45        49   43        0.48915          149.72470      151.79053         0.13504E+02    0.92452E+01    1
   49   46        52   43        0.54514          141.59209      143.41619         0.17304E+02    0.17304E+02    0
   46   45        47   44        0.38463          133.56827      134.86037         0.94483E+01    0.57938E+01    1
   48   46        50   44        0.54556          138.74613      140.26440         0.16573E+02    0.13879E+02    1
   47   46        48   45        0.01121          197.94824      197.97973         0.69374E+01    0.69374E+01    0
   49   47        51   45       -0.24453          157.06793      156.07731         0.96421E+01    0.96421E+01    0
   48   47        49   46       -0.36515          199.77672      198.68351         0.65571E+01    0.65571E+01    0
   50   48        52   46       -0.27866          110.40680      109.44012         0.11228E+02    0.11228E+02    0
   49   48        50   47        0.02942          265.54875      265.64197         0.78554E+01    0.61868E+01    1
   50   49        51   48        0.00387          218.74859      218.76167         0.58544E+01    0.58544E+01    0
   51   50        52   49       -0.04188          358.62331      358.42637         0.41199E+01    0.41199E+01    0
