    P+   P-        C+   C-  Normalised_Error  Observed_Rho_a  Calculated_Rho_a  Original_Weight  Final_Weight    C
    2    8         4    6       -0.00085          969.34742      969.33449         0.32957E+01    0.32957E+01    0
    2   20         8   14        0.29018          231.45578      239.24871         0.51188E+01    0.51188E+01    0
    2   23         9   16       -1.50302          205.79294      185.67143         0.16028E+02    0.11843E+02    1
    2   26        10   18        1.09673          159.69661      190.82252         0.63166E+01    0.63166E+01    0
    2   31        13   24       -0.04111           75.44893       75.17462         0.23722E+02    0.23722E+02    0
    2   34        14   26        1.10232           28.10344       35.62723         0.25839E+02    0.25839E+02    0
    2   37        15   28        0.31918           31.47853       37.89767         0.97963E+01    0.97963E+01    0
    3    6         4    5        0.03367          812.45853      812.96725         0.14105E+01    0.14105E+01    0
    3    9         5    7        0.04997          750.29311      750.77855         0.43707E+01    0.43707E+01    0
    3   12         6    9        0.02319          494.86475      495.00020         0.10680E+02    0.10680E+02    0
    3   15         7   11       -1.28684          269.23286      257.75260         0.11572E+02    0.98395E+01    1
    3   18         8   13        0.88749          187.84094      220.63514         0.29932E+01    0.29932E+01    0
    3   21         9   15       -0.19072          127.82858      127.51793         0.10723E+03    0.81317E+02    1
    3   24        10   17       -0.12895          142.72317      137.31472         0.36760E+01    0.36760E+01    0
    3   27        11   19       -1.11590          132.25854      105.14966         0.71424E+01    0.71424E+01    0
    3   29        13   23        0.05251           52.19938       52.30751         0.66264E+02    0.66264E+02    0
    3   32        14   25        0.09217           41.93554       42.77508         0.17077E+02    0.17077E+02    0
    4    7         5    6       -0.14776         1243.60054     1241.09537         0.13921E+01    0.13921E+01    0
    4   10         6    8       -0.52702          641.07763      635.87636         0.42177E+01    0.42177E+01    0
    4   13         7   10        1.25851          232.82829      245.67652         0.87977E+01    0.63841E+01    1
    4   16         8   12        0.38845          277.99378      279.88680         0.18332E+02    0.18332E+02    0
    4   19         9   14       -1.21082          160.53692      155.31200         0.27092E+02    0.25544E+02    1
    4   22        10   16       -0.46584          126.33117      125.95371         0.27324E+03    0.16321E+03    1
    4   28        12   20       -0.01608           56.64233       56.60667         0.76903E+02    0.76903E+02    0
    4   30        14   24       -0.78105           47.72243       46.93138         0.18023E+03    0.13274E+03    1
    4   33        15   26        0.59618           10.29496       10.67971         0.25776E+03    0.23909E+03    1
    4   36        16   28        0.06688            7.73804       10.13732         0.48546E+01    0.48546E+01    0
    4   45        19   30       -1.74208           32.56908       -0.46390         0.27224E+02    0.19119E+02    1
    5    8         6    7        0.18235         1150.55994     1153.51810         0.16635E+01    0.12635E+01    1
    5   14         8   11       -1.42916          310.44562      294.24842         0.81669E+01    0.58246E+01    1
    5   17         9   13        0.56732          282.76166      285.12073         0.24431E+02    0.21195E+02    1
    5   20        10   15        1.39930          140.40318      174.39311         0.51078E+01    0.45281E+01    1
    5   23        11   17       -0.60211          147.70178      115.80246         0.24741E+01    0.24741E+01    0
    5   26        12   19        0.34118           63.10781       70.27694         0.71908E+01    0.71908E+01    0
    5   31        15   25        0.30461           52.94612       53.05822         0.72710E+03    0.36588E+03    1
    5   34        16   27       -0.33807           19.04848       13.40300         0.91678E+01    0.91678E+01    0
    5   43        19   29       -1.58977           14.66670        6.89506         0.23110E+03    0.70516E+02    1
    5   46        20   31        0.90639           -4.93208        2.72793         0.42925E+02    0.42925E+02    0
    6    9         7    8       -0.06214          937.69978      936.83771         0.16472E+01    0.16472E+01    0
    6   15         9   12        0.72615          382.59664      390.10095         0.89443E+01    0.65069E+01    1
    6   18        10   14        0.35550          241.62058      252.86816         0.27997E+01    0.27997E+01    0
    6   24        12   18       -0.02860          102.09254      101.64529         0.83044E+01    0.83044E+01    0
    6   27        13   20        0.40726           36.08197       37.76903         0.36240E+02    0.36240E+02    0
    6   29        15   24       -0.76069           52.65582       46.59302         0.14236E+02    0.14236E+02    0
    6   32        16   26        0.00550           17.97341       18.06841         0.77048E+01    0.77048E+01    0
    6   44        20   30       -1.25445            7.78546        4.17298         0.13017E+03    0.12017E+03    1
    6   47        21   32       -2.00113            5.76498       -6.19078         0.10194E+03    0.61029E+02    1
    7   16        10   13       -1.21008          486.06384      475.29909         0.13019E+02    0.73239E+01    1
    7   22        12   17       -0.50873          126.90593      107.28703         0.27837E+01    0.27837E+01    0
    7   25        13   19        0.05653           64.07090       65.35788         0.56440E+01    0.56440E+01    0
    7   28        14   21        0.08984           61.52199       61.61077         0.14916E+03    0.14916E+03    0
    7   30        16   25       -0.71934           78.53394       68.08559         0.77343E+01    0.77343E+01    0
    7   33        17   27       -2.27102           56.68168       39.72355         0.33971E+02    0.17688E+02    1
    7   42        20   29       -0.02017           17.34014       17.32256         0.37411E+03    0.37411E+03    0
    7   45        21   31        1.84643           -2.09604       -0.83101         0.10000E+04    0.50179E+03    1
    7   48        22   33       -1.41357           25.96370       13.85314         0.47591E+02    0.42564E+02    1
    8   14        10   12        0.55947          554.34241      561.24931         0.40846E+01    0.35243E+01    1
    8   20        12   16       -0.01502          126.55938      126.27470         0.44618E+01    0.44618E+01    0
    8   26        14   20        0.01687           40.45063       40.53359         0.25899E+02    0.25899E+02    0
    8   31        17   26        0.00399           46.19576       46.20851         0.34832E+02    0.34832E+02    0
    8   43        21   30       -0.90636            4.02335       -6.29296         0.28822E+02    0.28822E+02    0
    9   18        12   15        0.41533          205.24883      214.61862         0.28040E+01    0.28040E+01    0
    9   21        13   17       -0.57294          121.76482      102.82224         0.25898E+01    0.25898E+01    0
    9   24        14   19        0.01692           72.01766       72.25520         0.76490E+01    0.76490E+01    0
    9   27        15   21       -2.00748           89.25873       66.87219         0.17376E+02    0.11372E+02    1
    9   29        17   25        1.06371           73.31967       74.22497         0.12497E+03    0.10698E+03    1
    9   32        18   27       -2.45966          120.83361       43.63079         0.10258E+02    0.35247E+01    1
    9   41        21   29        0.48696           -4.38039        3.12778         0.19975E+02    0.19975E+02    0
    9   44        22   31       -0.05934           17.50298       17.01624         0.39998E+02    0.39998E+02    0
    9   47        23   33        1.44977            9.49657       17.54294         0.69909E+02    0.62350E+02    1
   10   16        12   14       -0.55179          370.67088      368.56706         0.11054E+02    0.11054E+02    0
   10   19        13   16       -0.05716          180.72139      180.46622         0.14165E+02    0.14165E+02    0
   10   25        15   20        0.04694           70.81542       71.11505         0.16639E+02    0.16639E+02    0
   10   28        16   22       -0.37816           61.91546       54.49632         0.64070E+01    0.64070E+01    0
   10   30        18   26       -2.17428           90.31256       45.99157         0.82706E+01    0.43793E+01    1
   10   33        19   28       -0.02240           35.00214       34.87974         0.20219E+02    0.20219E+02    0
   10   42        22   30       -1.06170           23.43294       22.22174         0.42585E+03    0.27377E+03    1
   10   48        24   34       -2.36496           32.06111       -0.91220         0.75377E+02    0.25027E+02    1
   11   14        12   13        0.14451          717.21940      718.38243         0.27598E+01    0.25540E+01    1
   11   17        13   15        0.24988          396.45074      398.21794         0.88862E+01    0.60262E+01    1
   11   20        14   17       -0.60466          230.78917      207.02416         0.16371E+01    0.16371E+01    0
   11   23        15   19       -1.74625          206.26638      146.19360         0.32522E+01    0.25205E+01    1
   11   26        16   21        0.31237          122.44594      128.85851         0.52130E+01    0.52130E+01    0
   11   31        19   27        1.74362          117.48175      122.79559         0.51683E+02    0.29360E+02    1
   11   40        22   29        2.28415           13.54017       44.64128         0.56931E+02    0.21526E+02    1
   11   43        23   31        1.81409           20.76857       29.66003         0.84003E+02    0.63790E+02    1
   11   46        24   33       -1.26685           30.55403       19.94662         0.40313E+02    0.39366E+02    1
   12   15        13   14       -0.49271         2018.46745     2009.30340         0.18032E+01    0.11835E+01    1
   12   18        14   16       -0.02824          376.50507      375.94567         0.21619E+01    0.21619E+01    0
   12   24        16   20       -0.03371          204.59101      204.07879         0.57242E+01    0.57242E+01    0
   12   27        17   22       -0.32882          145.83442      145.09382         0.46960E+02    0.46960E+02    0
   12   29        19   26        0.34131           84.92447       86.18090         0.18444E+02    0.18444E+02    0
   12   32        20   28        0.62664           80.66920       83.10126         0.23000E+02    0.23000E+02    0
   12   41        23   30        1.02414           27.06592       48.40105         0.14201E+02    0.14201E+02    0
   12   44        24   32       -1.12927           39.89022       34.04124         0.60640E+02    0.60640E+02    0
   12   47        25   34        0.07591            4.54396        4.82139         0.90704E+02    0.90704E+02    0
   12   50        26   36       -0.61241           14.15859       13.88212         0.91274E+03    0.77627E+03    1
   13   16        14   15       -0.17896          550.09252      548.85619         0.31048E+01    0.31048E+01    0
   13   19        15   17       -0.11775          456.14498      453.24737         0.17459E+01    0.17459E+01    0
   13   22        16   19        0.07352          236.28455      238.41145         0.22919E+01    0.22919E+01    0
   13   25        17   21       -0.18717          209.79267      208.65580         0.14066E+02    0.14066E+02    0
   13   30        20   27        0.91996          184.83190      187.69208         0.33200E+02    0.21631E+02    1
   13   39        23   29        1.96188           39.49963       59.79007         0.54117E+02    0.26811E+02    1
   13   42        24   31       -1.51122           43.83841       36.78478         0.70480E+02    0.63578E+02    1
   13   45        25   33       -2.33178           70.81330       15.45357         0.52413E+02    0.13140E+02    1
   14   17        15   16        0.33469          543.23982      547.64830         0.24701E+01    0.16181E+01    1
   14   23        17   20       -0.01859          219.25265      219.04801         0.59016E+01    0.59016E+01    0
   14   31        21   28       -0.30454          146.61157      144.55777         0.10030E+02    0.10030E+02    0
   14   40        24   30       -1.59262           46.56678       43.55170         0.20110E+03    0.14793E+03    1
   14   43        25   32        1.62621            9.93816       12.83761         0.24276E+03    0.16692E+03    1
   14   46        26   34       -0.45832           21.86665       20.54949         0.10964E+03    0.10964E+03    0
   14   52        28   38        2.59741          -38.00861       14.55838         0.10340E+03    0.17189E+02    1
   15   18        16   17        0.06021         1152.52437     1154.52452         0.66519E+00    0.66519E+00    0
   15   21        17   19       -0.06636          303.72481      302.41614         0.22228E+01    0.22228E+01    0
   15   24        18   21        1.47199          166.98342      217.48125         0.32812E+01    0.18938E+01    1
   15   27        19   23        0.57177           73.08146       81.73881         0.55781E+01    0.55781E+01    0
   15   29        21   27       -0.87403          274.09489      265.12659         0.44158E+01    0.44158E+01    0
   15   38        24   29       -0.17118           50.84796       44.53125         0.71207E+01    0.71207E+01    0
   15   41        25   31        0.14081            1.57467        8.42309         0.57283E+01    0.57283E+01    0
   15   50        28   37        0.57769          -16.79147       13.28975         0.63507E+01    0.63507E+01    0
   16   19        17   18        0.01740          827.19930      827.43404         0.15565E+01    0.15565E+01    0
   16   25        19   22       -0.38102          176.53397      174.69189         0.12991E+02    0.12991E+02    0
   16   28        20   24        1.75851           64.37364       78.77508         0.21423E+02    0.10293E+02    1
   16   30        22   28        0.63584          175.82099      179.26313         0.82606E+01    0.82606E+01    0
   16   39        25   30       -0.16255            5.39885        5.02450         0.11456E+03    0.11456E+03    0
   16   45        27   34       -2.01861           61.73854       11.59556         0.26659E+02    0.11973E+02    1
   16   48        28   36        0.95016            2.28668        5.92427         0.81803E+02    0.81803E+02    0
   17   20        18   19       -0.47220         1148.00737     1135.03700         0.81865E+00    0.81865E+00    0
   17   23        19   21        0.88768          429.44839      445.32419         0.24128E+01    0.24022E+01    1
   17   26        20   23        1.85398          211.82409      269.12141         0.47897E+01    0.20843E+01    1
   17   37        25   29        0.20334           -2.29136        7.83302         0.49980E+01    0.49980E+01    0
   18   21        19   20        0.01402         1087.30236     1087.52795         0.15710E+01    0.13158E+01    1
   18   24        20   22       -0.25270          639.61091      637.98575         0.66461E+01    0.66461E+01    0
   19   22        20   21        0.57551          934.69655      946.14174         0.18188E+01    0.11390E+01    1
   19   25        21   23       -0.06163          466.29926      465.80466         0.53644E+01    0.53644E+01    0
   19   28        22   25       -0.49047          152.11999      151.31930         0.52761E+02    0.40048E+02    1
   19   42        28   33       -0.29487           15.23789       15.13633         0.77275E+03    0.77275E+03    0
   20   23        21   22       -0.17845          861.47788      859.08183         0.15729E+01    0.15729E+01    0
   20   26        22   24       -0.29238          494.04945      492.01642         0.62639E+01    0.62639E+01    0
   20   37        27   30        1.19632          -20.37745       -1.88861         0.15838E+02    0.15838E+02    0
   20   40        28   32       -0.40439           18.82502       17.55504         0.80241E+02    0.80241E+02    0
   21   24        22   23       -0.37482         1427.86340     1421.09651         0.14409E+01    0.12451E+01    1
   21   27        23   25       -0.38511          394.10425      392.10661         0.83663E+01    0.83663E+01    0
   21   38        28   31        1.16877            6.07307        9.19282         0.99083E+02    0.90774E+02    1
   22   25        23   24        0.03776          675.47472      675.96008         0.20031E+01    0.16100E+01    1
   22   28        24   26        0.36894          426.36130      428.21220         0.83716E+01    0.83716E+01    0
   22   36        28   30       -0.39758           10.06457        6.11217         0.25099E+02    0.25099E+02    0
   22   51        29   40       -1.43987           23.29671       14.41551         0.47327E+02    0.25222E+02    1
   23   26        24   25       -0.04210         1709.69676     1708.89529         0.13560E+01    0.11715E+01    1
   23   34        28   29       -0.59082           73.44172       71.49241         0.10511E+03    0.92842E+02    1
   23   49        29   39       -0.21346           28.49909       26.90850         0.18038E+02    0.18038E+02    0
   23   52        30   41       -0.47976           41.05840       40.70568         0.24308E+03    0.20929E+03    1
   24   27        25   26        0.01294          564.99257      565.11636         0.21223E+01    0.21223E+01    0
   24   47        29   38        2.10423           26.45374       40.74601         0.37388E+02    0.16560E+02    1
   24   50        30   40        0.42493           29.73415       31.11030         0.40866E+02    0.40866E+02    0
   25   28        26   27       -0.32521         1345.59313     1340.87245         0.19880E+01    0.14779E+01    1
   25   45        29   37       -0.43097           55.13375       53.38458         0.22440E+02    0.22440E+02    0
   25   48        30   39       -0.05925           50.81473       50.40036         0.15887E+02    0.15887E+02    0
   25   51        31   41       -0.02281           50.52382       50.47121         0.57316E+02    0.57316E+02    0
   26   43        29   36       -1.91542           75.81278       62.47197         0.22936E+02    0.98066E+01    1
   26   46        30   38       -0.86630           54.15363       51.72845         0.31725E+02    0.31725E+02    0
   26   49        31   40        1.84392           13.07823       21.83453         0.27523E+02    0.23247E+02    1
   27   44        30   37        0.07445          168.86309      169.11905         0.19491E+02    0.19491E+02    0
   27   47        31   39        1.47976           98.65419      113.15118         0.93306E+01    0.90445E+01    1
   28   39        29   34        0.20459          201.58865      202.67520         0.42042E+01    0.42042E+01    0
   28   42        30   36        0.85485          168.50064      172.32698         0.12155E+02    0.99574E+01    1
   28   45        31   38       -0.96862          140.01146      135.54203         0.14508E+02    0.14508E+02    0
   28   48        32   40       -1.48429           59.44449       50.74265         0.29070E+02    0.14962E+02    1
   28   51        33   42        0.56154           40.72231       43.57984         0.21321E+02    0.21321E+02    0
   29   32        30   31       -0.50508          362.36868      358.43456         0.25117E+01    0.25117E+01    0
   29   35        31   33        0.13872          417.30775      418.34845         0.53318E+01    0.53318E+01    0
   29   41        33   37        0.52954           69.71522       74.00940         0.10100E+02    0.10100E+02    0
   29   44        34   39       -0.01213           24.85398       24.75817         0.12526E+02    0.12526E+02    0
   29   50        36   43       -0.75602           59.74348       56.38095         0.30668E+02    0.30668E+02    0
   30   33        31   32       -0.03565          609.49605      609.20244         0.25416E+01    0.25416E+01    0
   30   36        32   34       -0.00301          301.66462      301.64244         0.55263E+01    0.55263E+01    0
   30   39        33   36       -1.66085          115.80229      104.81989         0.19195E+02    0.93398E+01    1
   30   42        34   38        0.55099           19.87430       21.49361         0.27603E+02    0.27603E+02    0
   30   48        36   42       -1.31102           43.92034       39.17235         0.59387E+02    0.32295E+02    1
   30   51        37   44       -1.55955           44.13475       35.19122         0.28312E+02    0.23928E+02    1
   31   34        32   33       -0.11787          409.14331      408.17003         0.23524E+01    0.23519E+01    1
   31   37        33   35       -0.41994          283.53988      278.32169         0.32705E+01    0.32705E+01    0
   31   40        34   37        0.15578           78.03242       78.77592         0.12627E+02    0.12627E+02    0
   31   43        35   39        1.83289          -43.85765      -14.26875         0.86124E+01    0.49382E+01    1
   31   46        36   41       -0.11008           31.71076       31.12249         0.18239E+02    0.18239E+02    0
   31   49        37   43        0.26808           34.97901       37.26579         0.13651E+02    0.13651E+02    0
   31   52        38   45       -1.83694           55.98210       31.49851         0.16370E+02    0.10317E+02    1
   32   35        33   34        0.81095          624.72363      634.76369         0.20338E+01    0.16617E+01    1
   32   38        34   36       -0.15607          266.08292      265.35108         0.85122E+01    0.85122E+01    0
   32   41        35   38        0.55144           86.88166       90.84361         0.83765E+01    0.83765E+01    0
   32   44        36   40       -1.79197           58.35379       36.15069         0.19374E+02    0.63711E+01    1
   32   47        37   42        0.74297           64.59010       69.61758         0.14335E+02    0.14335E+02    0
   32   50        38   44       -0.70080           46.73622       44.70401         0.40587E+02    0.40587E+02    0
   33   39        35   37       -0.12977          251.16835      250.38276         0.66567E+01    0.66567E+01    0
   33   42        36   39       -1.68134          194.08923      172.17762         0.71447E+01    0.45928E+01    1
   33   45        37   41       -0.94681          109.05604      101.14507         0.93108E+01    0.93108E+01    0
   33   48        38   43        0.54876           87.90890       90.69570         0.19104E+02    0.19104E+02    0
   33   51        39   45        1.91358           24.32972       49.19585         0.11838E+02    0.91264E+01    1
   34   37        35   36       -1.39042          626.80871      605.21377         0.21272E+01    0.12806E+01    1
   34   40        36   38       -0.30996          283.66163      282.18701         0.84964E+01    0.84964E+01    0
   34   43        37   40        0.95140           65.68228       70.55060         0.11816E+02    0.11816E+02    0
   34   46        38   42       -0.95616           96.45932       93.69412         0.41483E+02    0.26965E+02    1
   34   49        39   44        0.42568           42.13373       42.92332         0.53576E+02    0.53576E+02    0
   34   52        40   46        1.29148           38.52978       42.80783         0.35989E+02    0.35989E+02    0
   35   38        36   37        0.30544          626.32555      629.47155         0.19850E+01    0.19850E+01    0
   35   47        39   43       -0.79691          120.46828      113.07671         0.84938E+01    0.84938E+01    0
   36   39        37   38        0.41782          383.11230      385.33408         0.40327E+01    0.38354E+01    1
   36   42        38   40        1.38084          155.17783      164.17132         0.14072E+02    0.62609E+01    1
   36   45        39   42       -1.75851          145.28162      127.93688         0.16998E+02    0.59858E+01    1
   36   48        40   44       -0.02985          111.88215      111.81343         0.34454E+02    0.34454E+02    0
   36   51        41   46        0.02675           51.85613       51.94367         0.32878E+02    0.30538E+02    1
   37   40        38   39       -0.27193          389.67147      388.12223         0.35219E+01    0.34764E+01    1
   37   43        39   41        0.12647          175.84873      176.19095         0.15247E+02    0.15247E+02    0
   37   46        40   43       -0.32005          168.11906      166.99933         0.18022E+02    0.16846E+02    1
   37   49        41   45       -1.82891           88.82991       68.22972         0.17156E+02    0.71542E+01    1
   37   52        42   47        0.07399           41.29676       41.39644         0.74804E+02    0.74804E+02    0
   38   41        39   40       -0.14783          138.52352      137.93546         0.57244E+01    0.52618E+01    1
   38   44        40   42       -0.56693          272.32487      270.33657         0.15373E+02    0.11145E+02    1
   38   47        41   44        0.04770          109.44563      109.57512         0.22057E+02    0.22057E+02    0
   38   50        42   46       -1.17717           57.03443       51.43058         0.21124E+02    0.17030E+02    1
   39   42        40   41        2.51954          325.82364      371.90802         0.81210E+01    0.11098E+01    1
   39   45        41   43        0.51773          202.71138      205.19849         0.10883E+02    0.81265E+01    1
   39   48        42   45       -0.57083          101.91216       99.15718         0.12579E+02    0.12579E+02    0
   39   51        43   47       -1.23213           52.25412       42.23131         0.28559E+02    0.98727E+01    1
   40   43        41   42       -0.05099          242.80717      242.64611         0.89454E+01    0.63001E+01    1
   40   46        42   44        0.27124           89.96079       90.81990         0.20778E+02    0.12820E+02    1
   40   49        43   46       -1.25613           -2.21686       -7.06197         0.22140E+02    0.15923E+02    1
   40   52        44   48       -0.56632           75.11031       73.25129         0.38595E+02    0.23971E+02    1
   41   44        42   43       -1.48700          573.88253      566.90884         0.69247E+01    0.42923E+01    1
   41   47        43   45        0.06940          128.41454      128.72066         0.92333E+01    0.92333E+01    0
   41   50        44   47        0.38173          126.54207      127.72424         0.19002E+02    0.19002E+02    0
   42   45        43   44       -0.60028          200.19114      197.73739         0.90070E+01    0.48945E+01    1
   42   48        44   46        0.62043          199.09604      201.03072         0.12541E+02    0.12531E+02    1
   42   51        45   48       -1.67417          177.24575      160.20037         0.16779E+02    0.56948E+01    1
   43   46        44   45        1.52490          265.33255      284.00996         0.56716E+01    0.15781E+01    1
   43   49        45   47        0.61783          150.47575      153.00937         0.13739E+02    0.95213E+01    1
   43   52        46   49        0.01133          142.28926      142.31469         0.25800E+02    0.25800E+02    0
   44   47        45   46        0.44190          133.06351      135.15092         0.64340E+01    0.41203E+01    1
   44   50        46   48        0.40550          139.57935      140.82934         0.12530E+02    0.12530E+02    0
   45   48        46   47       -0.04712          198.54147      198.42703         0.80255E+01    0.80255E+01    0
   45   51        47   49        0.12651          158.21606      158.54048         0.15536E+02    0.15232E+02    1
   46   49        47   48       -0.36933          200.40188      199.38819         0.71524E+01    0.71524E+01    0
   46   52        48   50       -0.31119          111.38219      110.54976         0.14561E+02    0.14561E+02    0
   47   50        48   49       -0.07195          266.43151      266.20748         0.64577E+01    0.62947E+01    1
   48   51        49   50        0.06430          219.05263      219.27784         0.56514E+01    0.56514E+01    0
   49   52        50   51       -0.09933          356.45572      355.96590         0.39288E+01    0.39288E+01    0
    6    4         8    2       -0.00073          969.34742      969.33449         0.28200E+01    0.28200E+01    0
   14    8        20    2        0.89465          231.45578      239.24871         0.15782E+02    0.15782E+02    0
   16    9        23    2       -1.57538          205.79294      185.67143         0.19344E+02    0.12413E+02    1
   18   10        26    2        2.65039          159.69661      190.82252         0.39945E+02    0.15265E+02    1
   24   13        31    2       -0.80539           75.44893       75.17462         0.10000E+04    0.46468E+03    1
   26   14        34    2        0.90593           28.10344       35.62723         0.21236E+02    0.21236E+02    0
   28   15        37    2        0.96337           31.47853       37.89767         0.29568E+02    0.29568E+02    0
    5    4         6    3        0.03039          812.45853      812.96725         0.12731E+01    0.12731E+01    0
    7    5         9    3        0.03810          750.29311      750.77855         0.33326E+01    0.33326E+01    0
    9    6        12    3        0.01574          494.86475      495.00020         0.72502E+01    0.72502E+01    0
   11    7        15    3       -1.03294          269.23286      257.75260         0.78981E+01    0.78981E+01    0
   13    8        18    3        1.29211          187.84094      220.63514         0.49995E+01    0.43579E+01    1
   15    9        21    3       -0.01295          127.82858      127.51793         0.55204E+01    0.55204E+01    0
   17   10        24    3       -0.22731          142.72317      137.31472         0.64796E+01    0.64796E+01    0
   19   11        27    3       -2.14741          132.25854      105.14966         0.33319E+02    0.13745E+02    1
   23   13        29    3        0.30904           52.19938       52.30751         0.10000E+04    0.39000E+03    1
   25   14        32    3        0.33741           41.93554       42.77508         0.62519E+02    0.62519E+02    0
    6    5         7    4       -0.13865         1243.60054     1241.09537         0.13063E+01    0.13063E+01    0
    8    6        10    4       -0.43210          641.07763      635.87636         0.34581E+01    0.34581E+01    0
   10    7        13    4        1.20787          232.82829      245.67652         0.64023E+01    0.61272E+01    1
   12    8        16    4        0.08190          277.99378      279.88680         0.38651E+01    0.38651E+01    0
   14    9        19    4       -0.61237          160.53692      155.31200         0.12919E+02    0.12919E+02    0
   16   10        22    4       -0.11439          126.33117      125.95371         0.40076E+02    0.40076E+02    0
   20   12        28    4       -0.02421           56.64233       56.60667         0.12724E+03    0.11583E+03    1
   24   14        30    4       -0.72760           47.72243       46.93138         0.15641E+03    0.12365E+03    1
   26   15        33    4        0.06859           10.29496       10.67971         0.27508E+02    0.27508E+02    0
   28   16        36    4        1.47980            7.73804       10.13732         0.12908E+03    0.10742E+03    1
   30   19        45    4       -1.86681           32.56908       -0.46390         0.35899E+02    0.20488E+02    1
    7    6         8    5        0.18437         1150.55994     1153.51810         0.17007E+01    0.12776E+01    1
   11    8        14    5       -1.47997          310.44562      294.24842         0.10800E+02    0.60317E+01    1
   13    9        17    5        0.45563          282.76166      285.12073         0.17022E+02    0.17022E+02    0
   15   10        20    5        1.56162          140.40318      174.39311         0.67784E+01    0.50534E+01    1
   17   11        23    5       -1.47857          147.70178      115.80246         0.63380E+01    0.60756E+01    1
   19   12        26    5        1.36505           63.10781       70.27694         0.45675E+02    0.28770E+02    1
   25   15        31    5        0.03287           52.94612       53.05822         0.39484E+02    0.39484E+02    0
   27   16        34    5       -2.83227           19.04848       13.40300         0.19804E+03    0.76806E+02    1
   29   19        43    5       -1.39740           14.66670        6.89506         0.84549E+02    0.61984E+02    1
   31   20        46    5        0.10653           -4.93208        2.72793         0.50453E+01    0.50453E+01    0
    8    7         9    6       -0.05858          937.69978      936.83771         0.15529E+01    0.15529E+01    0
   12    9        15    6        0.63323          382.59664      390.10095         0.68019E+01    0.56744E+01    1
   14   10        18    6        0.71772          241.62058      252.86816         0.56521E+01    0.56521E+01    0
   18   12        24    6       -0.43461          102.09254      101.64529         0.12619E+03    0.12619E+03    0
   20   13        27    6        0.64434           36.08197       37.76903         0.57337E+02    0.57337E+02    0
   24   15        29    6       -2.17682           52.65582       46.59302         0.65759E+02    0.40738E+02    1
   26   16        32    6        0.18157           17.97341       18.06841         0.25414E+03    0.25414E+03    0
   30   20        44    6       -0.05822            7.78546        4.17298         0.55768E+01    0.55768E+01    0
   32   21        47    6       -1.52561            5.76498       -6.19078         0.53467E+02    0.46527E+02    1
   13   10        16    7       -0.65945          486.06384      475.29909         0.39913E+01    0.39913E+01    0
   17   12        22    7       -1.26361          126.90593      107.28703         0.69143E+01    0.69143E+01    0
   19   13        25    7        0.33192           64.07090       65.35788         0.40980E+02    0.33138E+02    1
   21   14        28    7        0.06817           61.52199       61.61077         0.11318E+03    0.11318E+03    0
   25   16        30    7       -2.30085           78.53394       68.08559         0.66822E+02    0.24739E+02    1
   27   17        33    7       -2.50528           56.68168       39.72355         0.50310E+02    0.19513E+02    1
   29   20        42    7       -0.00031           17.34014       17.32256         0.56987E+01    0.56987E+01    0
   31   21        45    7        0.54497           -2.09604       -0.83101         0.14810E+03    0.14810E+03    0
   33   22        48    7       -1.42154           25.96370       13.85314         0.48129E+02    0.42804E+02    1
   12   10        14    8        0.60108          554.34241      561.24931         0.47147E+01    0.37865E+01    1
   16   12        20    8       -0.10615          126.55938      126.27470         0.31532E+02    0.31532E+02    0
   20   14        26    8        0.08669           40.45063       40.53359         0.13310E+03    0.13310E+03    0
   26   17        31    8        0.04739           46.19576       46.20851         0.10000E+04    0.41363E+03    1
   30   21        43    8       -1.04737            4.02335       -6.29296         0.33306E+02    0.33306E+02    0
   15   12        18    9        0.50142          205.24883      214.61862         0.33853E+01    0.33853E+01    0
   17   13        21    9       -1.34987          121.76482      102.82224         0.67859E+01    0.61016E+01    1
   19   14        24    9        0.24748           72.01766       72.25520         0.11186E+03    0.11186E+03    0
   21   15        27    9       -2.48382           89.25873       66.87219         0.44114E+02    0.14070E+02    1
   25   17        29    9        0.64288           73.31967       74.22497         0.64657E+02    0.64657E+02    0
   27   18        32    9       -1.75579          120.83361       43.63079         0.31673E+01    0.25161E+01    1
   29   21        41    9        0.53687           -4.38039        3.12778         0.22022E+02    0.22022E+02    0
   31   22        44    9       -0.46284           17.50298       17.01624         0.31197E+03    0.31197E+03    0
   33   23        47    9        0.38080            9.49657       17.54294         0.16377E+02    0.16377E+02    0
   14   12        16   10       -0.16920          370.67088      368.56706         0.33898E+01    0.33898E+01    0
   16   13        19   10       -0.05199          180.72139      180.46622         0.12883E+02    0.12883E+02    0
   20   15        25   10        0.34238           70.81542       71.11505         0.12138E+03    0.12138E+03    0
   22   16        28   10       -1.84441           61.91546       54.49632         0.75415E+02    0.31249E+02    1
   26   18        30   10       -1.41105           90.31256       45.99157         0.28420E+01    0.28420E+01    0
   28   19        33   10       -0.02038           35.00214       34.87974         0.18398E+02    0.18398E+02    0
   30   22        42   10       -0.61714           23.43294       22.22174         0.15914E+03    0.15914E+03    0
   34   24        48   10       -1.41555           32.06111       -0.91220         0.15938E+02    0.14980E+02    1
   13   12        14   11        0.13523          717.21940      718.38243         0.24168E+01    0.23901E+01    1
   15   13        17   11        0.15045          396.45074      398.21794         0.36283E+01    0.36283E+01    0
   17   14        20   11       -1.06853          230.78917      207.02416         0.39219E+01    0.28931E+01    1
   19   15        23   11       -2.35666          206.26638      146.19360         0.14296E+02    0.34016E+01    1
   21   16        26   11        1.76684          122.44594      128.85851         0.35190E+02    0.29486E+02    1
   27   19        31   11        0.86931          117.48175      122.79559         0.14638E+02    0.14638E+02    0
   29   22        40   11        1.98032           13.54017       44.64128         0.32165E+02    0.18662E+02    1
   31   23        43   11        0.27273           20.76857       29.66003         0.95900E+01    0.95900E+01    0
   33   24        46   11       -1.44376           30.55403       19.94662         0.52358E+02    0.44863E+02    1
   14   13        15   12       -0.48207         2018.46745     2009.30340         0.17261E+01    0.11580E+01    1
   16   14        18   12       -0.04548          376.50507      375.94567         0.34818E+01    0.34818E+01    0
   20   16        24   12       -0.29096          204.59101      204.07879         0.52000E+02    0.49405E+02    1
   22   17        27   12       -0.58850          145.83442      145.09382         0.11662E+03    0.84046E+02    1
   26   19        29   12        0.38882           84.92447       86.18090         0.21011E+02    0.21011E+02    0
   28   20        32   12        0.13570           80.66920       83.10126         0.49807E+01    0.49807E+01    0
   30   23        41   12        1.52070           27.06592       48.40105         0.24012E+02    0.21087E+02    1
   32   24        44   12       -0.24546           39.89022       34.04124         0.13181E+02    0.13181E+02    0
   34   25        47   12        0.02385            4.54396        4.82139         0.28493E+02    0.28493E+02    0
   36   26        50   12       -0.02036           14.15859       13.88212         0.25805E+02    0.25805E+02    0
   15   14        16   13       -0.09237          550.09252      548.85619         0.16025E+01    0.16025E+01    0
   17   15        19   13       -0.21331          456.14498      453.24737         0.31629E+01    0.31629E+01    0
   19   16        22   13        0.53775          236.28455      238.41145         0.16763E+02    0.16763E+02    0
   21   17        25   13       -0.87487          209.79267      208.65580         0.13122E+03    0.65747E+02    1
   27   20        30   13        0.18296          184.83190      187.69208         0.43020E+01    0.43020E+01    0
   29   23        39   13        1.39869           39.49963       59.79007         0.20270E+02    0.19115E+02    1
   31   24        42   13       -0.43535           43.83841       36.78478         0.18315E+02    0.18315E+02    0
   33   25        45   13       -2.66905           70.81330       15.45357         0.15445E+03    0.15040E+02    1
   16   15        17   14        0.34709          543.23982      547.64830         0.26567E+01    0.16781E+01    1
   20   17        23   14       -0.07063          219.25265      219.04801         0.22422E+02    0.22422E+02    0
   28   21        31   14       -1.33853          146.61157      144.55777         0.75851E+02    0.44086E+02    1
   30   24        40   14       -0.13111           46.56678       43.55170         0.12178E+02    0.12178E+02    0
   32   25        43   14        0.27682            9.93816       12.83761         0.28414E+02    0.28414E+02    0
   34   26        46   14       -0.09528           21.86665       20.54949         0.22795E+02    0.22795E+02    0
   38   28        52   14        2.04329          -38.00861       14.55838         0.23164E+02    0.13522E+02    1
   17   16        18   15        0.11490         1152.52437     1154.52452         0.12694E+01    0.12694E+01    0
   19   17        21   15       -0.24533          303.72481      302.41614         0.82178E+01    0.82178E+01    0
   21   18        24   15        1.43338          166.98342      217.48125         0.27995E+01    0.18441E+01    1
   23   19        27   15        1.49532           73.08146       81.73881         0.34833E+02    0.14588E+02    1
   27   21        29   15       -1.48568          274.09489      265.12659         0.13906E+02    0.75060E+01    1
   29   24        38   15       -0.27274           50.84796       44.53125         0.11345E+02    0.11345E+02    0
   31   25        41   15        1.43218            1.57467        8.42309         0.89150E+02    0.58264E+02    1
   37   28        50   15        1.79397          -16.79147       13.28975         0.24041E+02    0.19722E+02    1
   18   17        19   16        0.02540          827.19930      827.43404         0.22715E+01    0.22715E+01    0
   22   19        25   16       -0.69655          176.53397      174.69189         0.23828E+02    0.23750E+02    1
   24   20        28   16        0.86528           64.37364       78.77508         0.50649E+01    0.50649E+01    0
   28   22        30   16        0.86615          175.82099      179.26313         0.14017E+02    0.11253E+02    1
   30   25        39   16       -0.03323            5.39885        5.02450         0.23416E+02    0.23416E+02    0
   34   27        45   16       -2.06032           61.73854       11.59556         0.31397E+02    0.12220E+02    1
   36   28        48   16        0.22968            2.28668        5.92427         0.19774E+02    0.19774E+02    0
   19   18        20   17       -0.46186         1148.00737     1135.03700         0.80073E+00    0.80073E+00    0
   21   19        23   17        0.72034          429.44839      445.32419         0.19494E+01    0.19494E+01    0
   23   20        26   17        1.40642          211.82409      269.12141         0.16761E+01    0.15811E+01    1
   29   25        37   17        0.11762           -2.29136        7.83302         0.28911E+01    0.28911E+01    0
   20   19        21   18        0.01268         1087.30236     1087.52795         0.12839E+01    0.11895E+01    1
   22   20        24   18       -0.06971          639.61091      637.98575         0.18333E+01    0.18333E+01    0
   21   20        22   19        0.46009          934.69655      946.14174         0.11624E+01    0.91057E+00    1
   23   21        25   19       -0.03334          466.29926      465.80466         0.29019E+01    0.29019E+01    0
   25   22        28   19       -0.04967          152.11999      151.31930         0.40559E+01    0.40559E+01    0
   33   28        42   19       -0.00218           15.23789       15.13633         0.57047E+01    0.57047E+01    0
   22   21        23   20       -0.19320          861.47788      859.08183         0.17029E+01    0.17029E+01    0
   24   22        26   20       -0.26099          494.04945      492.01642         0.55915E+01    0.55915E+01    0
   30   27        37   20        2.10854          -20.37745       -1.88861         0.43002E+02    0.27914E+02    1
   32   28        40   20       -0.72567           18.82502       17.55504         0.14399E+03    0.14399E+03    0
   23   22        24   21       -0.35184         1427.86340     1421.09651         0.12696E+01    0.11687E+01    1
   25   23        27   21       -0.18550          394.10425      392.10661         0.40299E+01    0.40299E+01    0
   31   28        38   21        0.48832            6.07307        9.19282         0.37926E+02    0.37926E+02    0
   24   23        25   22        0.03637          675.47472      675.96008         0.18591E+01    0.15510E+01    1
   26   24        28   22        0.37192          426.36130      428.21220         0.84393E+01    0.84393E+01    0
   30   28        36   22       -0.65987           10.06457        6.11217         0.41658E+02    0.41658E+02    0
   40   29        51   22       -1.43269           23.29671       14.41551         0.45471E+02    0.25096E+02    1
   25   24        26   23       -0.04248         1709.69676     1708.89529         0.13806E+01    0.11820E+01    1
   29   28        34   23       -0.56413           73.44172       71.49241         0.95826E+02    0.88647E+02    1
   39   29        49   23       -0.40246           28.49909       26.90850         0.34008E+02    0.34008E+02    0
   41   30        52   23       -0.51795           41.05840       40.70568         0.28332E+03    0.22595E+03    1
   26   25        27   24        0.01147          564.99257      565.11636         0.18809E+01    0.18809E+01    0
   38   29        47   24        1.87502           26.45374       40.74601         0.23571E+02    0.14756E+02    1
   40   30        50   24        0.57339           29.73415       31.11030         0.55144E+02    0.55144E+02    0
   27   26        28   25       -0.31886         1345.59313     1340.87245         0.19111E+01    0.14490E+01    1
   37   29        45   25       -0.87400           55.13375       53.38458         0.46027E+02    0.45508E+02    1
   39   30        48   25       -0.38206           50.81473       50.40036         0.10245E+03    0.10245E+03    0
   41   31        51   25       -0.17169           50.52382       50.47121         0.84959E+03    0.43140E+03    1
   36   29        43   26       -2.01345           75.81278       62.47197         0.34192E+02    0.10308E+02    1
   38   30        46   26       -1.66124           54.15363       51.72845         0.14472E+03    0.60836E+02    1
   40   31        49   26        3.06567           13.07823       21.83453         0.17716E+03    0.38649E+02    1
   37   30        44   27        0.20067          168.86309      169.11905         0.68562E+02    0.52538E+02    1
   39   31        47   27        2.32791           98.65419      113.15118         0.46436E+02    0.14229E+02    1
   34   29        39   28        0.16632          201.58865      202.67520         0.34178E+01    0.34178E+01    0
   36   30        42   28        0.76210          168.50064      172.32698         0.90262E+01    0.88770E+01    1
   38   31        45   28       -0.70808          140.01146      135.54203         0.10606E+02    0.10606E+02    0
   40   32        48   28       -1.45759           59.44449       50.74265         0.25140E+02    0.14693E+02    1
   42   33        51   28        0.60113           40.72231       43.57984         0.22824E+02    0.22824E+02    0
   31   30        32   29       -0.44563          362.36868      358.43456         0.22161E+01    0.22161E+01    0
   33   31        35   29        0.11962          417.30775      418.34845         0.45975E+01    0.45975E+01    0
   37   33        41   29        1.34077           69.71522       74.00940         0.36868E+02    0.25573E+02    1
   39   34        44   29       -0.03273           24.85398       24.75817         0.50088E+02    0.33792E+02    1
   43   36        50   29       -0.47143           59.74348       56.38095         0.19124E+02    0.19124E+02    0
   32   31        33   30       -0.03050          609.49605      609.20244         0.21743E+01    0.21743E+01    0
   34   32        36   30       -0.00334          301.66462      301.64244         0.61388E+01    0.61388E+01    0
   36   33        39   30       -1.66582          115.80229      104.81989         0.19658E+02    0.93677E+01    1
   38   34        42   30        0.80723           19.87430       21.49361         0.43273E+02    0.40440E+02    1
   42   36        48   30       -0.69761           43.92034       39.17235         0.17184E+02    0.17184E+02    0
   44   37        51   30       -0.75628           44.13475       35.19122         0.11603E+02    0.11603E+02    0
   33   32        34   31       -0.11284          409.14331      408.17003         0.22515E+01    0.22515E+01    0
   35   33        37   31       -0.68203          283.53988      278.32169         0.53117E+01    0.53117E+01    0
   37   34        40   31        0.35873           78.03242       78.77592         0.32158E+02    0.29075E+02    1
   39   35        43   31        2.05365          -43.85765      -14.26875         0.15794E+02    0.55330E+01    1
   41   36        46   31       -0.14530           31.71076       31.12249         0.24076E+02    0.24076E+02    0
   43   37        49   31        0.31376           34.97901       37.26579         0.15978E+02    0.15978E+02    0
   45   38        52   31       -2.37722           55.98210       31.49851         0.78677E+02    0.13352E+02    1
   34   33        35   32        0.87046          624.72363      634.76369         0.23433E+01    0.17836E+01    1
   36   34        38   32       -0.24331          266.08292      265.35108         0.13270E+02    0.13270E+02    0
   38   35        41   32        0.68438           86.88166       90.84361         0.11858E+02    0.10396E+02    1
   40   36        44   32       -1.76565           58.35379       36.15069         0.17212E+02    0.62775E+01    1
   42   37        47   32        0.74327           64.59010       69.61758         0.14341E+02    0.14341E+02    0
   44   38        50   32       -0.88917           46.73622       44.70401         0.51496E+02    0.51496E+02    0
   37   35        39   33       -0.12622          251.16835      250.38276         0.64743E+01    0.64743E+01    0
   39   36        42   33       -1.80753          194.08923      172.17762         0.10892E+02    0.49375E+01    1
   41   37        45   33       -1.12472          109.05604      101.14507         0.11060E+02    0.11060E+02    0
   43   38        48   33        1.20567           87.90890       90.69570         0.42336E+02    0.41974E+02    1
   45   39        51   33        3.20223           24.32972       49.19585         0.10136E+03    0.15272E+02    1
   36   35        37   34       -1.38844          626.80871      605.21377         0.21151E+01    0.12787E+01    1
   38   36        40   34       -0.23076          283.66163      282.18701         0.63256E+01    0.63256E+01    0
   40   37        43   34        0.81896           65.68228       70.55060         0.10171E+02    0.10171E+02    0
   42   38        46   34       -0.88068           96.45932       93.69412         0.34060E+02    0.24836E+02    1
   44   39        49   34        0.45263           42.13373       42.92332         0.56969E+02    0.56969E+02    0
   46   40        52   34        1.67575           38.52978       42.80783         0.99675E+02    0.46697E+02    1
   37   36        38   35        0.28076          626.32555      629.47155         0.18246E+01    0.18246E+01    0
   43   39        47   35       -0.84237          120.46828      113.07671         0.89783E+01    0.89783E+01    0
   38   37        39   36        0.38581          383.11230      385.33408         0.35417E+01    0.35417E+01    0
   40   38        42   36        1.39091          155.17783      164.17132         0.14914E+02    0.63065E+01    1
   42   39        45   36       -1.86742          145.28162      127.93688         0.27490E+02    0.63565E+01    1
   44   40        48   36       -0.04366          111.88215      111.81343         0.50399E+02    0.50399E+02    0
   46   41        51   36        0.01288           51.85613       51.94367         0.14698E+02    0.14698E+02    0
   39   38        40   37       -0.28115          389.67147      388.12223         0.37648E+01    0.35943E+01    1
   41   39        43   37        0.15539          175.84873      176.19095         0.18733E+02    0.18733E+02    0
   43   40        46   37       -0.41101          168.11906      166.99933         0.29721E+02    0.21633E+02    1
   45   41        49   37       -1.75710           88.82991       68.22972         0.12452E+02    0.68734E+01    1
   47   42        52   37        0.03415           41.29676       41.39644         0.34526E+02    0.34526E+02    0
   40   39        41   38       -0.19340          138.52352      137.93546         0.97979E+01    0.68839E+01    1
   42   40        44   38       -0.62904          272.32487      270.33657         0.18926E+02    0.12367E+02    1
   44   41        47   38        0.02457          109.44563      109.57512         0.11360E+02    0.11360E+02    0
   46   42        50   38       -1.32678           57.03443       51.43058         0.46999E+02    0.19194E+02    1
   41   40        42   39        2.45498          325.82364      371.90802         0.65980E+01    0.10814E+01    1
   43   41        45   39        0.36980          202.71138      205.19849         0.58046E+01    0.58046E+01    0
   45   42        48   39       -0.51259          101.91216       99.15718         0.11296E+02    0.11296E+02    0
   47   43        51   39       -1.10123           52.25412       42.23131         0.11628E+02    0.88238E+01    1
   42   41        43   40       -0.04088          242.80717      242.64611         0.57500E+01    0.50511E+01    1
   44   42        46   40        0.23825           89.96079       90.81990         0.16031E+02    0.11261E+02    1
   46   43        49   40       -1.25316           -2.21686       -7.06197         0.21724E+02    0.15885E+02    1
   48   44        52   40       -0.49589           75.11031       73.25129         0.22689E+02    0.20990E+02    1
   43   42        44   41       -1.49756          573.88253      566.90884         0.71236E+01    0.43228E+01    1
   45   43        47   41        0.12638          128.41454      128.72066         0.16815E+02    0.16815E+02    0
   47   44        50   41        0.45202          126.54207      127.72424         0.22502E+02    0.22502E+02    0
   44   43        45   42       -0.60210          200.19114      197.73739         0.91169E+01    0.49094E+01    1
   46   44        48   42        0.69227          199.09604      201.03072         0.15613E+02    0.13982E+02    1
   48   45        51   42       -1.65003          177.24575      160.20037         0.14939E+02    0.56127E+01    1
   45   44        46   43        1.56536          265.33255      284.00996         0.69932E+01    0.16200E+01    1
   47   45        49   43        0.58136          150.47575      153.00937         0.10771E+02    0.89593E+01    1
   49   46        52   43        0.00740          142.28926      142.31469         0.16853E+02    0.16853E+02    0
   46   45        47   44        0.46663          133.06351      135.15092         0.80002E+01    0.43510E+01    1
   48   46        50   44        0.50905          139.57935      140.82934         0.16838E+02    0.15730E+02    1
   47   46        48   45       -0.03552          198.54147      198.42703         0.60498E+01    0.60498E+01    0
   49   47        51   45        0.06985          158.21606      158.54048         0.84107E+01    0.84107E+01    0
   48   47        49   46       -0.30351          200.40188      199.38819         0.58777E+01    0.58777E+01    0
   50   48        52   46       -0.22388          111.38219      110.54976         0.10476E+02    0.10476E+02    0
   49   48        50   47       -0.07571          266.43151      266.20748         0.71513E+01    0.66241E+01    1
   50   49        51   48        0.06233          219.05263      219.27784         0.54785E+01    0.54785E+01    0
   51   50        52   49       -0.08819          356.45572      355.96590         0.34884E+01    0.34884E+01    0
